4 1 0 0 3 0.000002 1
4 1 0 1 4 0.000006 0
4 1 0 2 4 0.000006 2
4 1 0 3 4 0.000006 2
4 1 0 4 4 0.000005 1
4 1 0 5 4 0.000007 2
4 1 0 6 2 0.000002 0
4 1 0 7 2 0.000002 0
4 1 0 8 4 0.000006 1
4 1 0 9 2 0.000002 0
4 1 0 10 4 0.000007 2
4 1 0 11 3 0.000002 0
4 1 0 12 4 0.000007 2
4 1 0 13 2 0.000003 2
4 1 0 14 4 0.000005 0
4 1 0 15 4 0.000005 0
4 1 0 16 2 0.000003 2
4 1 0 17 3 0.000002 0
4 1 0 18 2 0.000002 0
4 1 0 19 2 0.000002 2
4 1 0 20 2 0.000002 0
4 1 0 21 2 0.000001 0
4 1 0 22 4 0.000007 2
4 1 0 23 4 0.000005 0
4 1 0 24 4 0.000005 0
4 1 0 25 4 0.000007 0
4 1 0 26 4 0.000007 2
4 1 0 27 4 0.000007 2
4 1 0 28 4 0.000007 0
4 1 0 29 4 0.000007 2
4 1 0 30 4 0.000006 2
4 1 0 31 4 0.000006 0
4 1 0 32 2 0.000002 2
4 1 0 33 4 0.000006 0
4 1 0 34 4 0.000007 2
4 1 0 35 2 0.000002 0
4 1 0 36 4 0.000008 2
4 1 0 37 4 0.000005 0
4 1 0 38 2 0.000002 0
4 1 0 39 3 0.000002 1
4 1 0 40 4 0.000008 0
4 1 0 41 2 0.000002 0
4 1 0 42 2 0.000002 0
4 1 0 43 4 0.000004 2
4 1 0 44 2 0.000003 0
4 1 0 45 4 0.000007 2
4 1 0 46 4 0.000005 0
4 1 0 47 4 0.000005 1
4 1 0 48 4 0.000005 0
4 1 0 49 4 0.000009 0
4 1 0 50 4 0.000005 1
4 1 0 51 4 0.000004 0
4 1 0 52 3 0.000002 0
4 1 0 53 4 0.000007 2
4 1 0 54 3 0.000002 0
4 1 0 55 3 0.000002 2
4 1 0 56 4 0.000006 2
4 1 0 57 4 0.000005 1
4 1 0 58 4 0.000007 2
4 1 0 59 4 0.000008 2
4 1 0 60 4 0.000004 0
4 1 0 61 4 0.000005 0
4 1 0 62 2 0.000002 1
4 1 0 63 4 0.000004 0
4 1 0 64 4 0.000004 0
4 1 0 65 4 0.000004 0
4 1 0 66 4 0.000008 2
4 1 0 67 3 0.000002 0
4 1 0 68 4 0.000005 1
4 1 0 69 4 0.000008 0
4 1 0 70 4 0.000006 2
4 1 0 71 4 0.000007 2
4 1 0 72 3 0.000003 0
4 1 0 73 4 0.000005 1
4 1 0 74 4 0.000005 2
4 1 0 75 4 0.000005 1
4 1 0 76 4 0.000007 2
4 1 0 77 4 0.000007 2
4 1 0 78 4 0.000005 1
4 1 0 79 4 0.000006 0
4 1 0 80 4 0.000007 2
4 1 0 81 4 0.000006 2
4 1 0 82 3 0.000002 2
4 1 0 83 4 0.000005 0
4 1 0 84 2 0.000001 0
4 1 0 85 4 0.000005 0
4 1 0 86 4 0.000008 2
4 1 0 87 4 0.000005 0
4 1 0 88 4 0.000006 0
4 1 0 89 4 0.000004 0
4 1 0 90 4 0.000007 2
4 1 0 91 4 0.000007 0
4 1 0 92 4 0.000005 0
4 1 0 93 4 0.000006 1
4 1 0 94 2 0.000002 2
4 1 0 95 4 0.000005 0
4 1 0 96 4 0.000007 2
4 1 0 97 2 0.000002 0
4 1 0 98 4 0.000004 0
4 1 0 99 4 0.000005 0
4 2 0 0 1 0.000001 1
4 2 0 1 4 0.000007 0
4 2 0 2 3 0.000005 2
4 2 0 3 3 0.000005 2
4 2 0 4 3 0.000004 1
4 2 0 5 5 0.000012 2
4 2 0 6 2 0.000002 0
4 2 0 7 3 0.000005 2
4 2 0 8 5 0.000010 1
4 2 0 9 3 0.000005 0
4 2 0 10 5 0.000012 2
4 2 0 11 1 0.000001 0
4 2 0 12 5 0.000013 2
4 2 0 13 3 0.000006 2
4 2 0 14 3 0.000005 0
4 2 0 15 4 0.000007 2
4 2 0 16 3 0.000006 2
4 2 0 17 1 0.000001 0
4 2 0 18 3 0.000003 2
4 2 0 19 3 0.000005 2
4 2 0 20 3 0.000004 0
4 2 0 21 2 0.000001 0
4 2 0 22 5 0.000012 2
4 2 0 23 4 0.000007 0
4 2 0 24 3 0.000005 0
4 2 0 25 5 0.000011 2
4 2 0 26 5 0.000011 2
4 2 0 27 3 0.000006 2
4 2 0 28 5 0.000011 2
4 2 0 29 5 0.000012 2
4 2 0 30 4 0.000009 2
4 2 0 31 4 0.000009 0
4 2 0 32 3 0.000006 2
4 2 0 33 4 0.000008 0
4 2 0 34 5 0.000011 2
4 2 0 35 2 0.000002 0
4 2 0 36 5 0.000014 2
4 2 0 37 3 0.000005 0
4 2 0 38 3 0.000005 2
4 2 0 39 1 0.000001 1
4 2 0 40 5 0.000014 0
4 2 0 41 2 0.000002 0
4 2 0 42 3 0.000005 0
4 2 0 43 2 0.000002 2
4 2 0 44 3 0.000005 0
4 2 0 45 5 0.000011 2
4 2 0 46 3 0.000005 0
4 2 0 47 3 0.000004 1
4 2 0 48 3 0.000006 0
4 2 0 49 5 0.000017 0
4 2 0 50 3 0.000005 1
4 2 0 51 2 0.000003 0
4 2 0 52 1 0.000001 0
4 2 0 53 5 0.000012 2
4 2 0 54 1 0.000001 0
4 2 0 55 1 0.000001 2
4 2 0 56 4 0.000009 2
4 2 0 57 3 0.000004 1
4 2 0 58 5 0.000013 2
4 2 0 59 5 0.000012 2
4 2 0 60 3 0.000004 0
4 2 0 61 4 0.000007 0
4 2 0 62 2 0.000002 1
4 2 0 63 3 0.000004 0
4 2 0 64 3 0.000004 0
4 2 0 65 3 0.000004 0
4 2 0 66 5 0.000013 2
4 2 0 67 1 0.000001 0
4 2 0 68 3 0.000004 1
4 2 0 69 5 0.000014 0
4 2 0 70 4 0.000009 2
4 2 0 71 5 0.000012 2
4 2 0 72 1 0.000001 0
4 2 0 73 3 0.000004 1
4 2 0 74 3 0.000005 2
4 2 0 75 3 0.000005 1
4 2 0 76 3 0.000006 2
4 2 0 77 5 0.000012 2
4 2 0 78 3 0.000004 1
4 2 0 79 4 0.000009 0
4 2 0 80 4 0.000009 2
4 2 0 81 4 0.000007 2
4 2 0 82 1 0.000001 2
4 2 0 83 4 0.000007 2
4 2 0 84 2 0.000001 0
4 2 0 85 3 0.000005 0
4 2 0 86 5 0.000014 2
4 2 0 87 5 0.000009 0
4 2 0 88 3 0.000005 0
4 2 0 89 2 0.000003 0
4 2 0 90 5 0.000012 2
4 2 0 91 5 0.000013 0
4 2 0 92 3 0.000005 0
4 2 0 93 5 0.000011 1
4 2 0 94 2 0.000002 2
4 2 0 95 4 0.000007 2
4 2 0 96 5 0.000012 2
4 2 0 97 3 0.000004 0
4 2 0 98 3 0.000004 0
4 2 0 99 4 0.000008 0
4 4 0 0 1 0.000001 1
4 4 0 1 3 0.000005 0
4 4 0 2 3 0.000005 2
4 4 0 3 3 0.000005 2
4 4 0 4 3 0.000004 1
4 4 0 5 3 0.000007 2
4 4 0 6 1 0.000001 0
4 4 0 7 3 0.000005 2
4 4 0 8 5 0.000010 1
4 4 0 9 3 0.000005 0
4 4 0 10 5 0.000012 2
4 4 0 11 1 0.000001 0
4 4 0 12 5 0.000015 2
4 4 0 13 3 0.000006 2
4 4 0 14 3 0.000006 0
4 4 0 15 3 0.000005 2
4 4 0 16 3 0.000006 2
4 4 0 17 1 0.000001 0
4 4 0 18 1 0.000001 2
4 4 0 19 3 0.000005 2
4 4 0 20 3 0.000004 0
4 4 0 21 1 0.000001 0
4 4 0 22 3 0.000006 2
4 4 0 23 3 0.000005 0
4 4 0 24 3 0.000005 0
4 4 0 25 5 0.000013 2
4 4 0 26 5 0.000012 2
4 4 0 27 3 0.000006 2
4 4 0 28 5 0.000012 2
4 4 0 29 3 0.000006 2
4 4 0 30 3 0.000006 2
4 4 0 31 3 0.000006 0
4 4 0 32 3 0.000006 2
4 4 0 33 3 0.000005 0
4 4 0 34 5 0.000012 2
4 4 0 35 1 0.000001 0
4 4 0 36 5 0.000015 2
4 4 0 37 3 0.000005 0
4 4 0 38 3 0.000005 2
4 4 0 39 1 0.000001 1
4 4 0 40 5 0.000015 0
4 4 0 41 1 0.000001 0
4 4 0 42 3 0.000005 0
4 4 0 43 1 0.000001 2
4 4 0 44 3 0.000005 0
4 4 0 45 3 0.000006 2
4 4 0 46 3 0.000005 0
4 4 0 47 3 0.000005 1
4 4 0 48 3 0.000005 0
4 4 0 49 5 0.000016 0
4 4 0 50 3 0.000004 1
4 4 0 51 1 0.000001 0
4 4 0 52 1 0.000001 0
4 4 0 53 3 0.000006 2
4 4 0 54 1 0.000001 0
4 4 0 55 1 0.000002 2
4 4 0 56 3 0.000006 2
4 4 0 57 3 0.000005 1
4 4 0 58 5 0.000015 2
4 4 0 59 5 0.000012 2
4 4 0 60 3 0.000004 0
4 4 0 61 3 0.000005 0
4 4 0 62 1 0.000001 1
4 4 0 63 3 0.000004 0
4 4 0 64 3 0.000004 0
4 4 0 65 3 0.000004 0
4 4 0 66 5 0.000015 2
4 4 0 67 1 0.000001 0
4 4 0 68 3 0.000004 1
4 4 0 69 5 0.000015 0
4 4 0 70 3 0.000006 2
4 4 0 71 3 0.000006 2
4 4 0 72 1 0.000001 0
4 4 0 73 3 0.000004 1
4 4 0 74 3 0.000005 2
4 4 0 75 3 0.000004 1
4 4 0 76 3 0.000006 2
4 4 0 77 3 0.000006 2
4 4 0 78 3 0.000004 1
4 4 0 79 3 0.000006 0
4 4 0 80 3 0.000007 2
4 4 0 81 3 0.000005 2
4 4 0 82 1 0.000002 2
4 4 0 83 3 0.000005 2
4 4 0 84 1 0.000001 0
4 4 0 85 3 0.000005 0
4 4 0 86 5 0.000016 2
4 4 0 87 5 0.000009 0
4 4 0 88 3 0.000005 0
4 4 0 89 1 0.000001 0
4 4 0 90 5 0.000012 2
4 4 0 91 5 0.000012 0
4 4 0 92 3 0.000005 0
4 4 0 93 5 0.000010 1
4 4 0 94 1 0.000001 2
4 4 0 95 3 0.000005 2
4 4 0 96 5 0.000012 2
4 4 0 97 3 0.000004 0
4 4 0 98 3 0.000004 0
4 4 0 99 3 0.000005 0
8 1 0 0 7 0.000010 0
8 1 0 1 7 0.000010 0
8 1 0 2 8 0.000021 0
8 1 0 3 8 0.000012 0
8 1 0 4 7 0.000007 2
8 1 0 5 4 0.000004 0
8 1 0 6 7 0.000012 0
8 1 0 7 6 0.000007 0
8 1 0 8 5 0.000004 0
8 1 0 9 7 0.000009 0
8 1 0 10 8 0.000011 0
8 1 0 11 7 0.000009 0
8 1 0 12 8 0.000013 2
8 1 0 13 7 0.000014 2
8 1 0 14 8 0.000012 0
8 1 0 15 7 0.000011 2
8 1 0 16 7 0.000010 0
8 1 0 17 8 0.000012 0
8 1 0 18 8 0.000012 0
8 1 0 19 7 0.000009 2
8 1 0 20 8 0.000013 0
8 1 0 21 6 0.000008 0
8 1 0 22 8 0.000014 2
8 1 0 23 7 0.000013 2
8 1 0 24 7 0.000008 2
8 1 0 25 8 0.000014 2
8 1 0 26 8 0.000013 2
8 1 0 27 7 0.000012 0
8 1 0 28 8 0.000014 2
8 1 0 29 8 0.000013 0
8 1 0 30 7 0.000013 2
8 1 0 31 6 0.000011 2
8 1 0 32 7 0.000008 0
8 1 0 33 7 0.000010 0
8 1 0 34 6 0.000009 0
8 1 0 35 6 0.000006 0
8 1 0 36 8 0.000013 0
8 1 0 37 6 0.000006 0
8 1 0 38 7 0.000012 0
8 1 0 39 8 0.000017 2
8 1 0 40 6 0.000006 0
8 1 0 41 7 0.000008 0
8 1 0 42 6 0.000008 2
8 1 0 43 8 0.000016 0
8 1 0 44 6 0.000008 2
8 1 0 45 7 0.000009 0
8 1 0 46 8 0.000017 0
8 1 0 47 8 0.000010 0
8 1 0 48 6 0.000009 0
8 1 0 49 7 0.000011 2
8 1 0 50 8 0.000016 0
8 1 0 51 8 0.000014 2
8 1 0 52 8 0.000018 2
8 1 0 53 8 0.000015 0
8 1 0 54 8 0.000012 0
8 1 0 55 7 0.000009 0
8 1 0 56 7 0.000010 0
8 1 0 57 8 0.000014 2
8 1 0 58 8 0.000015 0
8 1 0 59 8 0.000014 0
8 1 0 60 8 0.000016 0
8 1 0 61 7 0.000011 2
8 1 0 62 6 0.000009 2
8 1 0 63 8 0.000013 0
8 1 0 64 8 0.000015 2
8 1 0 65 7 0.000012 2
8 1 0 66 8 0.000010 0
8 1 0 67 8 0.000017 0
8 1 0 68 8 0.000014 0
8 1 0 69 7 0.000013 0
8 1 0 70 7 0.000012 2
8 1 0 71 7 0.000013 2
8 1 0 72 7 0.000012 0
8 1 0 73 7 0.000012 0
8 1 0 74 7 0.000010 2
8 1 0 75 8 0.000012 0
8 1 0 76 8 0.000015 0
8 1 0 77 8 0.000015 2
8 1 0 78 8 0.000011 0
8 1 0 79 6 0.000006 0
8 1 0 80 8 0.000018 0
8 1 0 81 8 0.000012 2
8 1 0 82 6 0.000009 2
8 1 0 83 6 0.000007 2
8 1 0 84 7 0.000011 2
8 1 0 85 6 0.000009 0
8 1 0 86 8 0.000012 0
8 1 0 87 7 0.000009 2
8 1 0 88 8 0.000013 2
8 1 0 89 8 0.000012 0
8 1 0 90 8 0.000014 2
8 1 0 91 7 0.000009 0
8 1 0 92 7 0.000011 0
8 1 0 93 6 0.000012 0
8 1 0 94 8 0.000016 2
8 1 0 95 8 0.000015 2
8 1 0 96 6 0.000008 0
8 1 0 97 8 0.000012 2
8 1 0 98 8 0.000015 2
8 1 0 99 8 0.000014 0
8 2 0 0 8 0.000024 2
8 2 0 1 7 0.000015 0
8 2 0 2 7 0.000020 2
8 2 0 3 8 0.000019 0
8 2 0 4 4 0.000007 2
8 2 0 5 4 0.000009 2
8 2 0 6 9 0.000032 0
8 2 0 7 6 0.000014 0
8 2 0 8 5 0.000008 0
8 2 0 9 8 0.000015 0
8 2 0 10 7 0.000025 0
8 2 0 11 6 0.000009 0
8 2 0 12 7 0.000018 2
8 2 0 13 9 0.000040 2
8 2 0 14 8 0.000023 0
8 2 0 15 8 0.000035 2
8 2 0 16 8 0.000023 0
8 2 0 17 8 0.000027 2
8 2 0 18 7 0.000021 0
8 2 0 19 6 0.000018 2
8 2 0 20 9 0.000028 2
8 2 0 21 5 0.000009 0
8 2 0 22 9 0.000030 2
8 2 0 23 8 0.000030 2
8 2 0 24 4 0.000012 2
8 2 0 25 6 0.000019 2
8 2 0 26 8 0.000027 2
8 2 0 27 9 0.000030 0
8 2 0 28 10 0.000042 2
8 2 0 29 9 0.000032 2
8 2 0 30 8 0.000031 2
8 2 0 31 7 0.000024 2
8 2 0 32 7 0.000022 2
8 2 0 33 8 0.000024 2
8 2 0 34 7 0.000019 2
8 2 0 35 7 0.000012 0
8 2 0 36 10 0.000033 0
8 2 0 37 7 0.000019 0
8 2 0 38 8 0.000029 0
8 2 0 39 10 0.000039 2
8 2 0 40 6 0.000011 0
8 2 0 41 7 0.000018 2
8 2 0 42 7 0.000016 2
8 2 0 43 9 0.000037 0
8 2 0 44 7 0.000019 2
8 2 0 45 8 0.000017 0
8 2 0 46 10 0.000051 0
8 2 0 47 6 0.000015 0
8 2 0 48 7 0.000015 2
8 2 0 49 6 0.000010 2
8 2 0 50 8 0.000040 0
8 2 0 51 10 0.000035 2
8 2 0 52 10 0.000047 2
8 2 0 53 9 0.000047 0
8 2 0 54 8 0.000021 2
8 2 0 55 7 0.000015 0
8 2 0 56 9 0.000023 2
8 2 0 57 7 0.000028 2
8 2 0 58 10 0.000037 0
8 2 0 59 7 0.000018 0
8 2 0 60 10 0.000044 0
8 2 0 61 9 0.000038 2
8 2 0 62 7 0.000017 2
8 2 0 63 9 0.000025 2
8 2 0 64 10 0.000038 2
8 2 0 65 8 0.000032 2
8 2 0 66 7 0.000017 0
8 2 0 67 9 0.000043 2
8 2 0 68 9 0.000038 0
8 2 0 69 9 0.000031 0
8 2 0 70 8 0.000028 2
8 2 0 71 8 0.000030 2
8 2 0 72 8 0.000039 0
8 2 0 73 8 0.000028 0
8 2 0 74 8 0.000021 2
8 2 0 75 8 0.000025 0
8 2 0 76 8 0.000036 2
8 2 0 77 9 0.000037 2
8 2 0 78 9 0.000022 2
8 2 0 79 6 0.000009 2
8 2 0 80 10 0.000057 0
8 2 0 81 8 0.000025 2
8 2 0 82 6 0.000012 2
8 2 0 83 5 0.000012 2
8 2 0 84 8 0.000028 2
8 2 0 85 6 0.000019 0
8 2 0 86 7 0.000019 0
8 2 0 87 7 0.000018 2
8 2 0 88 5 0.000011 2
8 2 0 89 8 0.000029 0
8 2 0 90 8 0.000025 2
8 2 0 91 7 0.000019 2
8 2 0 92 8 0.000028 0
8 2 0 93 7 0.000015 0
8 2 0 94 10 0.000048 2
8 2 0 95 9 0.000033 2
8 2 0 96 5 0.000009 2
8 2 0 97 9 0.000026 2
8 2 0 98 9 0.000045 2
8 2 0 99 7 0.000020 0
8 4 0 0 8 0.000031 2
8 4 0 1 6 0.000019 0
8 4 0 2 10 0.000063 2
8 4 0 3 9 0.000040 0
8 4 0 4 4 0.000009 2
8 4 0 5 3 0.000006 2
8 4 0 6 11 0.000071 0
8 4 0 7 5 0.000014 0
8 4 0 8 5 0.000011 2
8 4 0 9 7 0.000021 0
8 4 0 10 9 0.000051 0
8 4 0 11 7 0.000020 0
8 4 0 12 9 0.000042 2
8 4 0 13 11 0.000088 2
8 4 0 14 9 0.000041 0
8 4 0 15 9 0.000058 2
8 4 0 16 7 0.000023 0
8 4 0 17 9 0.000049 2
8 4 0 18 9 0.000052 0
8 4 0 19 6 0.000018 2
8 4 0 20 10 0.000050 2
8 4 0 21 6 0.000018 0
8 4 0 22 10 0.000057 2
8 4 0 23 10 0.000056 2
8 4 0 24 5 0.000022 2
8 4 0 25 8 0.000043 2
8 4 0 26 9 0.000048 2
8 4 0 27 10 0.000060 0
8 4 0 28 11 0.000064 2
8 4 0 29 11 0.000067 2
8 4 0 30 9 0.000052 2
8 4 0 31 9 0.000061 2
8 4 0 32 8 0.000027 2
8 4 0 33 9 0.000035 2
8 4 0 34 8 0.000036 2
8 4 0 35 5 0.000020 0
8 4 0 36 11 0.000061 0
8 4 0 37 6 0.000019 0
8 4 0 38 9 0.000055 0
8 4 0 39 12 0.000082 2
8 4 0 40 6 0.000018 0
8 4 0 41 6 0.000022 2
8 4 0 42 6 0.000021 2
8 4 0 43 10 0.000071 0
8 4 0 44 8 0.000045 2
8 4 0 45 7 0.000025 0
8 4 0 46 12 0.000109 0
8 4 0 47 7 0.000022 0
8 4 0 48 9 0.000029 2
8 4 0 49 7 0.000023 2
8 4 0 50 11 0.000088 0
8 4 0 51 11 0.000070 2
8 4 0 52 13 0.000110 2
8 4 0 53 11 0.000080 0
8 4 0 54 9 0.000033 2
8 4 0 55 8 0.000029 0
8 4 0 56 9 0.000046 2
8 4 0 57 10 0.000063 2
8 4 0 58 11 0.000083 0
8 4 0 59 9 0.000044 0
8 4 0 60 12 0.000101 0
8 4 0 61 9 0.000048 2
8 4 0 62 7 0.000025 2
8 4 0 63 10 0.000047 2
8 4 0 64 11 0.000078 2
8 4 0 65 8 0.000045 2
8 4 0 66 8 0.000030 0
8 4 0 67 12 0.000107 2
8 4 0 68 10 0.000056 0
8 4 0 69 8 0.000044 0
8 4 0 70 9 0.000042 2
8 4 0 71 9 0.000048 2
8 4 0 72 10 0.000064 0
8 4 0 73 9 0.000050 0
8 4 0 74 7 0.000022 2
8 4 0 75 10 0.000055 0
8 4 0 76 11 0.000065 2
8 4 0 77 10 0.000071 2
8 4 0 78 10 0.000040 2
8 4 0 79 5 0.000008 2
8 4 0 80 12 0.000112 0
8 4 0 81 9 0.000042 2
8 4 0 82 6 0.000025 2
8 4 0 83 6 0.000022 2
8 4 0 84 7 0.000025 2
8 4 0 85 8 0.000043 0
8 4 0 86 9 0.000045 0
8 4 0 87 7 0.000027 2
8 4 0 88 7 0.000028 2
8 4 0 89 9 0.000059 0
8 4 0 90 11 0.000065 2
8 4 0 91 8 0.000029 2
8 4 0 92 8 0.000045 0
8 4 0 93 6 0.000014 0
8 4 0 94 12 0.000087 2
8 4 0 95 11 0.000072 2
8 4 0 96 5 0.000013 2
8 4 0 97 9 0.000054 2
8 4 0 98 11 0.000072 2
8 4 0 99 9 0.000048 0
8 8 0 0 7 0.000028 2
8 8 0 1 5 0.000017 0
8 8 0 2 7 0.000034 2
8 8 0 3 7 0.000038 0
8 8 0 4 3 0.000007 2
8 8 0 5 3 0.000006 2
8 8 0 6 11 0.000067 0
8 8 0 7 5 0.000019 0
8 8 0 8 5 0.000013 2
8 8 0 9 5 0.000015 0
8 8 0 10 7 0.000032 0
8 8 0 11 5 0.000016 0
8 8 0 12 7 0.000044 2
8 8 0 13 11 0.000088 2
8 8 0 14 7 0.000039 0
8 8 0 15 7 0.000034 2
8 8 0 16 7 0.000028 0
8 8 0 17 7 0.000034 2
8 8 0 18 9 0.000050 0
8 8 0 19 5 0.000016 2
8 8 0 20 9 0.000052 2
8 8 0 21 5 0.000020 0
8 8 0 22 9 0.000053 2
8 8 0 23 7 0.000034 2
8 8 0 24 5 0.000022 2
8 8 0 25 7 0.000034 2
8 8 0 26 7 0.000034 2
8 8 0 27 9 0.000061 0
8 8 0 28 11 0.000067 2
8 8 0 29 11 0.000063 2
8 8 0 30 9 0.000059 2
8 8 0 31 9 0.000058 2
8 8 0 32 7 0.000027 2
8 8 0 33 9 0.000037 2
8 8 0 34 7 0.000033 2
8 8 0 35 5 0.000014 0
8 8 0 36 9 0.000054 0
8 8 0 37 5 0.000017 0
8 8 0 38 9 0.000058 0
8 8 0 39 11 0.000088 2
8 8 0 40 5 0.000015 0
8 8 0 41 5 0.000017 2
8 8 0 42 5 0.000018 2
8 8 0 43 9 0.000060 0
8 8 0 44 7 0.000033 2
8 8 0 45 5 0.000020 0
8 8 0 46 11 0.000094 0
8 8 0 47 7 0.000032 0
8 8 0 48 5 0.000017 2
8 8 0 49 7 0.000028 2
8 8 0 50 11 0.000096 0
8 8 0 51 9 0.000058 2
8 8 0 52 13 0.000134 2
8 8 0 53 9 0.000063 0
8 8 0 54 5 0.000017 2
8 8 0 55 7 0.000028 0
8 8 0 56 9 0.000038 2
8 8 0 57 9 0.000068 2
8 8 0 58 11 0.000078 0
8 8 0 59 9 0.000062 0
8 8 0 60 11 0.000087 0
8 8 0 61 9 0.000057 2
8 8 0 62 5 0.000017 2
8 8 0 63 7 0.000032 2
8 8 0 64 9 0.000070 2
8 8 0 65 7 0.000034 2
8 8 0 66 5 0.000017 0
8 8 0 67 11 0.000098 2
8 8 0 68 9 0.000052 0
8 8 0 69 7 0.000042 0
8 8 0 70 7 0.000032 2
8 8 0 71 7 0.000033 2
8 8 0 72 9 0.000062 0
8 8 0 73 9 0.000059 0
8 8 0 74 7 0.000023 2
8 8 0 75 9 0.000051 0
8 8 0 76 9 0.000058 2
8 8 0 77 9 0.000069 2
8 8 0 78 9 0.000037 2
8 8 0 79 3 0.000006 2
8 8 0 80 11 0.000105 0
8 8 0 81 7 0.000033 2
8 8 0 82 5 0.000016 2
8 8 0 83 5 0.000024 2
8 8 0 84 7 0.000028 2
8 8 0 85 7 0.000034 0
8 8 0 86 7 0.000032 0
8 8 0 87 5 0.000026 2
8 8 0 88 7 0.000032 2
8 8 0 89 7 0.000034 0
8 8 0 90 11 0.000143 2
8 8 0 91 7 0.000028 2
8 8 0 92 7 0.000033 0
8 8 0 93 5 0.000012 0
8 8 0 94 9 0.000069 2
8 8 0 95 9 0.000059 2
8 8 0 96 5 0.000015 2
8 8 0 97 9 0.000054 2
8 8 0 98 11 0.000077 2
8 8 0 99 9 0.000054 0
16 1 0 0 15 0.000027 0
16 1 0 1 13 0.000016 2
16 1 0 2 15 0.000027 0
16 1 0 3 16 0.000028 0
16 1 0 4 15 0.000026 0
16 1 0 5 14 0.000019 0
16 1 0 6 16 0.000028 2
16 1 0 7 16 0.000034 2
16 1 0 8 15 0.000024 2
16 1 0 9 14 0.000019 0
16 1 0 10 15 0.000020 0
16 1 0 11 12 0.000025 0
16 1 0 12 11 0.000013 0
16 1 0 13 15 0.000027 0
16 1 0 14 16 0.000024 0
16 1 0 15 14 0.000021 0
16 1 0 16 15 0.000034 0
16 1 0 17 16 0.000025 0
16 1 0 18 16 0.000023 0
16 1 0 19 14 0.000023 0
16 1 0 20 16 0.000041 0
16 1 0 21 16 0.000029 0
16 1 0 22 14 0.000020 0
16 1 0 23 15 0.000023 0
16 1 0 24 12 0.000025 0
16 1 0 25 13 0.000024 0
16 1 0 26 11 0.000010 0
16 1 0 27 12 0.000020 0
16 1 0 28 15 0.000026 0
16 1 0 29 16 0.000034 0
16 1 0 30 14 0.000022 0
16 1 0 31 15 0.000025 0
16 1 0 32 13 0.000021 0
16 1 0 33 14 0.000020 0
16 1 0 34 15 0.000028 0
16 1 0 35 15 0.000025 0
16 1 0 36 15 0.000019 0
16 1 0 37 12 0.000018 0
16 1 0 38 15 0.000033 0
16 1 0 39 14 0.000020 0
16 1 0 40 12 0.000013 0
16 1 0 41 15 0.000024 0
16 1 0 42 15 0.000022 0
16 1 0 43 16 0.000032 0
16 1 0 44 16 0.000032 0
16 1 0 45 14 0.000019 2
16 1 0 46 15 0.000027 0
16 1 0 47 14 0.000018 0
16 1 0 48 15 0.000026 0
16 1 0 49 13 0.000017 0
16 1 0 50 13 0.000017 0
16 1 0 51 16 0.000040 2
16 1 0 52 15 0.000022 0
16 1 0 53 12 0.000015 0
16 1 0 54 15 0.000025 0
16 1 0 55 16 0.000027 0
16 1 0 56 15 0.000026 0
16 1 0 57 15 0.000021 0
16 1 0 58 15 0.000026 0
16 1 0 59 16 0.000028 0
16 1 0 60 16 0.000035 0
16 1 0 61 16 0.000026 0
16 1 0 62 16 0.000029 0
16 1 0 63 14 0.000022 0
16 1 0 64 14 0.000026 0
16 1 0 65 14 0.000023 0
16 1 0 66 16 0.000026 0
16 1 0 67 16 0.000028 0
16 1 0 68 14 0.000027 0
16 1 0 69 13 0.000017 0
16 1 0 70 14 0.000018 0
16 1 0 71 16 0.000031 0
16 1 0 72 16 0.000045 2
16 1 0 73 15 0.000022 0
16 1 0 74 16 0.000023 0
16 1 0 75 12 0.000013 0
16 1 0 76 15 0.000031 0
16 1 0 77 15 0.000026 0
16 1 0 78 15 0.000025 0
16 1 0 79 16 0.000024 0
16 1 0 80 16 0.000032 0
16 1 0 81 16 0.000027 0
16 1 0 82 16 0.000029 0
16 1 0 83 16 0.000025 0
16 1 0 84 15 0.000032 0
16 1 0 85 16 0.000030 0
16 1 0 86 15 0.000022 0
16 1 0 87 15 0.000023 0
16 1 0 88 16 0.000043 0
16 1 0 89 16 0.000031 0
16 1 0 90 16 0.000026 0
16 1 0 91 15 0.000024 0
16 1 0 92 15 0.000030 0
16 1 0 93 16 0.000032 0
16 1 0 94 16 0.000028 2
16 1 0 95 16 0.000024 0
16 1 0 96 14 0.000032 0
16 1 0 97 14 0.000028 0
16 1 0 98 16 0.000028 0
16 1 0 99 15 0.000032 0
16 2 0 0 16 0.000070 0
16 2 0 1 11 0.000026 2
16 2 0 2 14 0.000065 2
16 2 0 3 15 0.000053 0
16 2 0 4 17 0.000073 0
16 2 0 5 16 0.000047 0
16 2 0 6 15 0.000060 2
16 2 0 7 15 0.000063 2
16 2 0 8 16 0.000058 2
16 2 0 9 14 0.000050 0
16 2 0 10 15 0.000040 0
16 2 0 11 15 0.000045 2
16 2 0 12 14 0.000040 0
16 2 0 13 16 0.000068 2
16 2 0 14 17 0.000067 2
16 2 0 15 16 0.000051 0
16 2 0 16 17 0.000069 2
16 2 0 17 15 0.000049 0
16 2 0 18 16 0.000058 0
16 2 0 19 17 0.000059 0
16 2 0 20 18 0.000094 2
16 2 0 21 16 0.000072 0
16 2 0 22 14 0.000041 2
16 2 0 23 13 0.000054 2
16 2 0 24 13 0.000035 0
16 2 0 25 12 0.000052 2
16 2 0 26 13 0.000021 0
16 2 0 27 13 0.000047 2
16 2 0 28 18 0.000074 2
16 2 0 29 17 0.000056 0
16 2 0 30 13 0.000052 0
16 2 0 31 15 0.000055 0
16 2 0 32 14 0.000051 2
16 2 0 33 11 0.000033 0
16 2 0 34 16 0.000058 0
16 2 0 35 14 0.000058 0
16 2 0 36 14 0.000037 0
16 2 0 37 15 0.000049 0
16 2 0 38 15 0.000072 0
16 2 0 39 13 0.000044 2
16 2 0 40 11 0.000020 0
16 2 0 41 16 0.000069 2
16 2 0 42 15 0.000039 2
16 2 0 43 18 0.000093 2
16 2 0 44 18 0.000080 0
16 2 0 45 15 0.000051 2
16 2 0 46 15 0.000047 0
16 2 0 47 13 0.000030 2
16 2 0 48 15 0.000068 2
16 2 0 49 13 0.000036 0
16 2 0 50 15 0.000035 0
16 2 0 51 16 0.000076 2
16 2 0 52 15 0.000042 0
16 2 0 53 11 0.000037 2
16 2 0 54 17 0.000056 0
16 2 0 55 16 0.000068 2
16 2 0 56 15 0.000056 0
16 2 0 57 13 0.000039 0
16 2 0 58 16 0.000080 0
16 2 0 59 18 0.000068 2
16 2 0 60 17 0.000083 0
16 2 0 61 15 0.000059 0
16 2 0 62 15 0.000075 2
16 2 0 63 13 0.000052 0
16 2 0 64 15 0.000055 0
16 2 0 65 16 0.000055 0
16 2 0 66 16 0.000067 2
16 2 0 67 17 0.000067 0
16 2 0 68 15 0.000061 2
16 2 0 69 14 0.000031 0
16 2 0 70 14 0.000031 2
16 2 0 71 17 0.000092 0
16 2 0 72 17 0.000098 2
16 2 0 73 17 0.000052 2
16 2 0 74 14 0.000047 2
16 2 0 75 12 0.000036 0
16 2 0 76 17 0.000064 2
16 2 0 77 18 0.000079 0
16 2 0 78 16 0.000069 0
16 2 0 79 15 0.000061 0
16 2 0 80 16 0.000066 2
16 2 0 81 16 0.000075 0
16 2 0 82 17 0.000077 0
16 2 0 83 15 0.000065 2
16 2 0 84 17 0.000062 2
16 2 0 85 16 0.000083 2
16 2 0 86 18 0.000061 2
16 2 0 87 16 0.000057 0
16 2 0 88 18 0.000086 2
16 2 0 89 18 0.000093 0
16 2 0 90 15 0.000060 0
16 2 0 91 16 0.000073 2
16 2 0 92 15 0.000041 2
16 2 0 93 17 0.000095 2
16 2 0 94 17 0.000064 2
16 2 0 95 16 0.000059 0
16 2 0 96 14 0.000052 0
16 2 0 97 16 0.000084 0
16 2 0 98 16 0.000068 2
16 2 0 99 17 0.000103 2
16 4 0 0 19 0.000206 0
16 4 0 1 12 0.000060 2
16 4 0 2 16 0.000160 2
16 4 0 3 15 0.000122 0
16 4 0 4 19 0.000171 0
16 4 0 5 16 0.000094 0
16 4 0 6 17 0.000178 2
16 4 0 7 19 0.000191 2
16 4 0 8 19 0.000174 2
16 4 0 9 17 0.000119 0
16 4 0 10 17 0.000122 0
16 4 0 11 14 0.000069 2
16 4 0 12 15 0.000101 0
16 4 0 13 17 0.000176 2
16 4 0 14 18 0.000149 2
16 4 0 15 18 0.000136 0
16 4 0 16 17 0.000130 2
16 4 0 17 16 0.000148 0
16 4 0 18 17 0.000136 0
16 4 0 19 17 0.000135 0
16 4 0 20 20 0.000216 2
16 4 0 21 17 0.000169 0
16 4 0 22 15 0.000103 2
16 4 0 23 16 0.000169 2
16 4 0 24 14 0.000089 0
16 4 0 25 15 0.000134 2
16 4 0 26 10 0.000035 0
16 4 0 27 15 0.000128 2
16 4 0 28 19 0.000149 2
16 4 0 29 17 0.000144 0
16 4 0 30 15 0.000124 0
16 4 0 31 16 0.000148 0
16 4 0 32 17 0.000157 2
16 4 0 33 11 0.000047 0
16 4 0 34 18 0.000170 0
16 4 0 35 16 0.000142 0
16 4 0 36 15 0.000104 0
16 4 0 37 16 0.000119 0
16 4 0 38 18 0.000188 0
16 4 0 39 16 0.000123 2
16 4 0 40 11 0.000027 0
16 4 0 41 15 0.000127 2
16 4 0 42 15 0.000087 2
16 4 0 43 21 0.000242 2
16 4 0 44 18 0.000195 0
16 4 0 45 15 0.000104 2
16 4 0 46 15 0.000113 0
16 4 0 47 14 0.000070 2
16 4 0 48 18 0.000178 2
16 4 0 49 13 0.000081 0
16 4 0 50 14 0.000070 0
16 4 0 51 20 0.000222 2
16 4 0 52 16 0.000099 0
16 4 0 53 14 0.000086 2
16 4 0 54 17 0.000132 0
16 4 0 55 18 0.000169 2
16 4 0 56 18 0.000157 0
16 4 0 57 15 0.000118 0
16 4 0 58 20 0.000218 0
16 4 0 59 17 0.000180 2
16 4 0 60 19 0.000225 0
16 4 0 61 18 0.000179 0
16 4 0 62 19 0.000218 2
16 4 0 63 15 0.000144 2
16 4 0 64 16 0.000102 0
16 4 0 65 17 0.000154 0
16 4 0 66 17 0.000147 2
16 4 0 67 20 0.000208 0
16 4 0 68 16 0.000120 2
16 4 0 69 12 0.000037 0
16 4 0 70 16 0.000086 2
16 4 0 71 20 0.000259 0
16 4 0 72 21 0.000288 2
16 4 0 73 16 0.000101 2
16 4 0 74 16 0.000130 2
16 4 0 75 12 0.000050 0
16 4 0 76 17 0.000150 2
16 4 0 77 18 0.000181 0
16 4 0 78 17 0.000215 0
16 4 0 79 16 0.000106 0
16 4 0 80 18 0.000194 2
16 4 0 81 19 0.000191 0
16 4 0 82 20 0.000224 0
16 4 0 83 18 0.000161 2
16 4 0 84 17 0.000151 2
16 4 0 85 20 0.000238 2
16 4 0 86 20 0.000157 2
16 4 0 87 17 0.000127 0
16 4 0 88 19 0.000205 2
16 4 0 89 19 0.000242 0
16 4 0 90 19 0.000180 0
16 4 0 91 19 0.000183 2
16 4 0 92 17 0.000121 2
16 4 0 93 20 0.000247 2
16 4 0 94 19 0.000177 2
16 4 0 95 18 0.000114 0
16 4 0 96 15 0.000143 0
16 4 0 97 19 0.000221 0
16 4 0 98 19 0.000202 2
16 4 0 99 20 0.000283 2
16 8 0 0 22 0.000479 0
16 8 0 1 13 0.000094 2
16 8 0 2 19 0.000316 2
16 8 0 3 19 0.000306 0
16 8 0 4 22 0.000403 0
16 8 0 5 18 0.000203 0
16 8 0 6 20 0.000349 2
16 8 0 7 22 0.000425 2
16 8 0 8 21 0.000344 2
16 8 0 9 16 0.000178 0
16 8 0 10 19 0.000256 0
16 8 0 11 17 0.000212 2
16 8 0 12 15 0.000146 0
16 8 0 13 21 0.000406 2
16 8 0 14 21 0.000324 2
16 8 0 15 19 0.000300 0
16 8 0 16 20 0.000285 2
16 8 0 17 19 0.000306 0
16 8 0 18 21 0.000270 0
16 8 0 19 19 0.000284 0
16 8 0 20 25 0.000592 2
16 8 0 21 22 0.000492 0
16 8 0 22 17 0.000216 2
16 8 0 23 19 0.000302 2
16 8 0 24 14 0.000122 0
16 8 0 25 17 0.000240 2
16 8 0 26 11 0.000067 0
16 8 0 27 16 0.000195 2
16 8 0 28 22 0.000379 2
16 8 0 29 22 0.000355 0
16 8 0 30 17 0.000212 0
16 8 0 31 20 0.000352 0
16 8 0 32 19 0.000330 2
16 8 0 33 12 0.000097 0
16 8 0 34 19 0.000348 0
16 8 0 35 19 0.000280 0
16 8 0 36 16 0.000169 0
16 8 0 37 17 0.000227 0
16 8 0 38 19 0.000315 0
16 8 0 39 17 0.000192 2
16 8 0 40 11 0.000061 0
16 8 0 41 19 0.000328 2
16 8 0 42 17 0.000175 2
16 8 0 43 25 0.000624 2
16 8 0 44 24 0.000534 0
16 8 0 45 18 0.000222 2
16 8 0 46 17 0.000235 0
16 8 0 47 14 0.000106 2
16 8 0 48 19 0.000306 2
16 8 0 49 15 0.000155 0
16 8 0 50 15 0.000139 0
16 8 0 51 23 0.000453 2
16 8 0 52 19 0.000236 0
16 8 0 53 13 0.000110 2
16 8 0 54 18 0.000262 0
16 8 0 55 23 0.000412 2
16 8 0 56 20 0.000253 0
16 8 0 57 17 0.000203 0
16 8 0 58 24 0.000484 0
16 8 0 59 22 0.000462 2
16 8 0 60 24 0.000525 0
16 8 0 61 21 0.000349 0
16 8 0 62 21 0.000407 2
16 8 0 63 17 0.000225 2
16 8 0 64 19 0.000247 0
16 8 0 65 19 0.000295 0
16 8 0 66 20 0.000314 2
16 8 0 67 25 0.000536 0
16 8 0 68 18 0.000226 2
16 8 0 69 14 0.000104 0
16 8 0 70 15 0.000136 2
16 8 0 71 25 0.000599 0
16 8 0 72 27 0.000774 2
16 8 0 73 18 0.000223 2
16 8 0 74 19 0.000250 2
16 8 0 75 13 0.000088 0
16 8 0 76 21 0.000388 2
16 8 0 77 23 0.000464 0
16 8 0 78 21 0.000343 0
16 8 0 79 19 0.000276 0
16 8 0 80 21 0.000380 2
16 8 0 81 23 0.000437 0
16 8 0 82 24 0.000577 0
16 8 0 83 21 0.000309 2
16 8 0 84 21 0.000347 2
16 8 0 85 25 0.000584 2
16 8 0 86 23 0.000361 2
16 8 0 87 17 0.000198 0
16 8 0 88 24 0.000581 2
16 8 0 89 25 0.000646 0
16 8 0 90 20 0.000330 0
16 8 0 91 22 0.000386 2
16 8 0 92 19 0.000233 2
16 8 0 93 24 0.000619 2
16 8 0 94 23 0.000421 2
16 8 0 95 19 0.000266 0
16 8 0 96 18 0.000276 0
16 8 0 97 21 0.000360 0
16 8 0 98 21 0.000410 2
16 8 0 99 25 0.000731 2
32 1 0 0 31 0.000058 0
32 1 0 1 30 0.000050 0
32 1 0 2 31 0.000055 0
32 1 0 3 31 0.000054 0
32 1 0 4 31 0.000052 0
32 1 0 5 31 0.000049 0
32 1 0 6 31 0.000058 0
32 1 0 7 25 0.000031 0
32 1 0 8 29 0.000052 0
32 1 0 9 31 0.000052 0
32 1 0 10 27 0.000047 0
32 1 0 11 30 0.000061 0
32 1 0 12 27 0.000046 0
32 1 0 13 29 0.000054 0
32 1 0 14 28 0.000048 0
32 1 0 15 30 0.000054 0
32 1 0 16 31 0.000061 2
32 1 0 17 28 0.000055 0
32 1 0 18 30 0.000050 0
32 1 0 19 32 0.000070 0
32 1 0 20 26 0.000047 0
32 1 0 21 31 0.000057 0
32 1 0 22 32 0.000066 0
32 1 0 23 29 0.000053 0
32 1 0 24 29 0.000047 0
32 1 0 25 31 0.000047 0
32 1 0 26 31 0.000056 0
32 1 0 27 27 0.000042 0
32 1 0 28 32 0.000063 0
32 1 0 29 31 0.000064 0
32 1 0 30 30 0.000054 0
32 1 0 31 32 0.000057 0
32 1 0 32 28 0.000045 0
32 1 0 33 29 0.000044 0
32 1 0 34 31 0.000062 0
32 1 0 35 29 0.000047 0
32 1 0 36 32 0.000056 0
32 1 0 37 29 0.000046 0
32 1 0 38 31 0.000054 0
32 1 0 39 23 0.000034 0
32 1 0 40 31 0.000051 0
32 1 0 41 31 0.000051 0
32 1 0 42 31 0.000056 0
32 1 0 43 32 0.000060 2
32 1 0 44 28 0.000052 0
32 1 0 45 31 0.000067 0
32 1 0 46 29 0.000054 0
32 1 0 47 29 0.000053 0
32 1 0 48 26 0.000031 0
32 1 0 49 31 0.000057 0
32 1 0 50 30 0.000054 0
32 1 0 51 29 0.000045 0
32 1 0 52 31 0.000047 0
32 1 0 53 27 0.000046 0
32 1 0 54 29 0.000045 0
32 1 0 55 28 0.000041 0
32 1 0 56 30 0.000053 0
32 1 0 57 30 0.000061 2
32 1 0 58 32 0.000063 0
32 1 0 59 28 0.000041 0
32 1 0 60 31 0.000065 0
32 1 0 61 29 0.000050 0
32 1 0 62 32 0.000055 0
32 1 0 63 29 0.000047 0
32 1 0 64 32 0.000052 0
32 1 0 65 30 0.000056 0
32 1 0 66 28 0.000046 0
32 1 0 67 31 0.000057 0
32 1 0 68 27 0.000037 0
32 1 0 69 29 0.000048 0
32 1 0 70 27 0.000043 0
32 1 0 71 31 0.000054 0
32 1 0 72 31 0.000051 0
32 1 0 73 30 0.000056 0
32 1 0 74 30 0.000052 0
32 1 0 75 31 0.000051 0
32 1 0 76 31 0.000054 0
32 1 0 77 32 0.000060 0
32 1 0 78 30 0.000046 0
32 1 0 79 31 0.000050 0
32 1 0 80 29 0.000047 0
32 1 0 81 32 0.000060 0
32 1 0 82 31 0.000057 0
32 1 0 83 29 0.000043 0
32 1 0 84 31 0.000061 0
32 1 0 85 29 0.000054 0
32 1 0 86 32 0.000053 0
32 1 0 87 28 0.000045 0
32 1 0 88 30 0.000050 0
32 1 0 89 31 0.000049 0
32 1 0 90 31 0.000053 0
32 1 0 91 32 0.000061 0
32 1 0 92 27 0.000042 0
32 1 0 93 28 0.000044 0
32 1 0 94 31 0.000052 2
32 1 0 95 26 0.000036 0
32 1 0 96 30 0.000053 0
32 1 0 97 29 0.000054 0
32 1 0 98 31 0.000065 0
32 1 0 99 31 0.000058 0
32 2 0 0 31 0.000129 2
32 2 0 1 30 0.000109 2
32 2 0 2 29 0.000122 0
32 2 0 3 31 0.000118 0
32 2 0 4 30 0.000115 0
32 2 0 5 33 0.000113 2
32 2 0 6 31 0.000150 0
32 2 0 7 25 0.000058 0
32 2 0 8 30 0.000128 0
32 2 0 9 33 0.000121 0
32 2 0 10 28 0.000114 2
32 2 0 11 30 0.000153 0
32 2 0 12 31 0.000111 0
32 2 0 13 30 0.000134 0
32 2 0 14 28 0.000112 0
32 2 0 15 31 0.000140 2
32 2 0 16 31 0.000157 2
32 2 0 17 30 0.000141 0
32 2 0 18 31 0.000120 0
32 2 0 19 33 0.000182 0
32 2 0 20 28 0.000176 2
32 2 0 21 32 0.000131 2
32 2 0 22 32 0.000160 0
32 2 0 23 31 0.000128 2
32 2 0 24 33 0.000119 2
32 2 0 25 29 0.000102 0
32 2 0 26 33 0.000137 2
32 2 0 27 27 0.000084 0
32 2 0 28 33 0.000163 0
32 2 0 29 33 0.000175 0
32 2 0 30 30 0.000123 2
32 2 0 31 33 0.000132 2
32 2 0 32 25 0.000090 0
32 2 0 33 28 0.000088 0
32 2 0 34 28 0.000139 2
32 2 0 35 31 0.000112 0
32 2 0 36 33 0.000134 0
32 2 0 37 27 0.000097 0
32 2 0 38 30 0.000119 2
32 2 0 39 24 0.000066 0
32 2 0 40 30 0.000111 2
32 2 0 41 28 0.000104 0
32 2 0 42 31 0.000119 2
32 2 0 43 30 0.000121 2
32 2 0 44 29 0.000115 0
32 2 0 45 33 0.000177 0
32 2 0 46 30 0.000132 2
32 2 0 47 31 0.000127 0
32 2 0 48 27 0.000063 0
32 2 0 49 29 0.000147 0
32 2 0 50 33 0.000143 2
32 2 0 51 28 0.000098 0
32 2 0 52 29 0.000093 0
32 2 0 53 29 0.000115 0
32 2 0 54 25 0.000086 2
32 2 0 55 30 0.000086 2
32 2 0 56 27 0.000118 2
32 2 0 57 30 0.000159 2
32 2 0 58 33 0.000154 2
32 2 0 59 28 0.000091 2
32 2 0 60 31 0.000164 0
32 2 0 61 27 0.000116 2
32 2 0 62 31 0.000122 2
32 2 0 63 29 0.000097 2
32 2 0 64 29 0.000116 0
32 2 0 65 32 0.000143 2
32 2 0 66 30 0.000117 2
32 2 0 67 33 0.000130 0
32 2 0 68 25 0.000073 0
32 2 0 69 29 0.000111 0
32 2 0 70 25 0.000080 2
32 2 0 71 30 0.000123 0
32 2 0 72 33 0.000116 2
32 2 0 73 32 0.000145 0
32 2 0 74 29 0.000121 2
32 2 0 75 28 0.000098 2
32 2 0 76 32 0.000139 0
32 2 0 77 32 0.000141 0
32 2 0 78 28 0.000100 0
32 2 0 79 32 0.000114 2
32 2 0 80 28 0.000091 0
32 2 0 81 32 0.000146 2
32 2 0 82 32 0.000137 0
32 2 0 83 31 0.000097 2
32 2 0 84 31 0.000157 0
32 2 0 85 27 0.000105 2
32 2 0 86 31 0.000109 0
32 2 0 87 29 0.000092 2
32 2 0 88 30 0.000105 2
32 2 0 89 30 0.000113 2
32 2 0 90 31 0.000129 0
32 2 0 91 32 0.000145 2
32 2 0 92 29 0.000088 2
32 2 0 93 29 0.000101 0
32 2 0 94 26 0.000104 2
32 2 0 95 26 0.000071 0
32 2 0 96 32 0.000126 0
32 2 0 97 28 0.000122 0
32 2 0 98 32 0.000173 2
32 2 0 99 32 0.000143 2
32 4 0 0 34 0.000360 2
32 4 0 1 32 0.000281 2
32 4 0 2 31 0.000331 0
32 4 0 3 31 0.000311 0
32 4 0 4 32 0.000312 0
32 4 0 5 32 0.000259 2
32 4 0 6 33 0.000374 2
32 4 0 7 21 0.000105 0
32 4 0 8 26 0.000254 0
32 4 0 9 33 0.000310 0
32 4 0 10 29 0.000302 2
32 4 0 11 32 0.000469 0
32 4 0 12 31 0.000274 2
32 4 0 13 34 0.000403 0
32 4 0 14 30 0.000306 0
32 4 0 15 33 0.000397 2
32 4 0 16 34 0.000468 2
32 4 0 17 30 0.000379 0
32 4 0 18 32 0.000323 0
32 4 0 19 35 0.000539 0
32 4 0 20 30 0.000315 2
32 4 0 21 35 0.000362 2
32 4 0 22 33 0.000492 0
32 4 0 23 33 0.000330 2
32 4 0 24 30 0.000258 2
32 4 0 25 30 0.000254 0
32 4 0 26 35 0.000379 2
32 4 0 27 29 0.000209 0
32 4 0 28 35 0.000468 0
32 4 0 29 33 0.000512 0
32 4 0 30 31 0.000321 2
32 4 0 31 33 0.000354 2
32 4 0 32 28 0.000221 0
32 4 0 33 31 0.000224 0
32 4 0 34 31 0.000428 2
32 4 0 35 32 0.000292 0
32 4 0 36 34 0.000363 0
32 4 0 37 28 0.000238 0
32 4 0 38 33 0.000358 2
32 4 0 39 29 0.000186 0
32 4 0 40 33 0.000292 2
32 4 0 41 31 0.000280 0
32 4 0 42 34 0.000329 2
32 4 0 43 32 0.000317 2
32 4 0 44 31 0.000304 2
32 4 0 45 32 0.000503 0
32 4 0 46 33 0.000400 2
32 4 0 47 29 0.000301 0
32 4 0 48 28 0.000138 0
32 4 0 49 33 0.000410 0
32 4 0 50 32 0.000368 2
32 4 0 51 29 0.000265 0
32 4 0 52 31 0.000265 0
32 4 0 53 33 0.000302 2
32 4 0 54 27 0.000225 2
32 4 0 55 31 0.000177 2
32 4 0 56 31 0.000365 2
32 4 0 57 32 0.000411 2
32 4 0 58 36 0.000446 2
32 4 0 59 29 0.000224 2
32 4 0 60 35 0.000506 0
32 4 0 61 32 0.000352 2
32 4 0 62 33 0.000340 2
32 4 0 63 29 0.000239 2
32 4 0 64 33 0.000343 0
32 4 0 65 34 0.000381 2
32 4 0 66 31 0.000317 2
32 4 0 67 32 0.000337 0
32 4 0 68 25 0.000175 0
32 4 0 69 32 0.000285 0
32 4 0 70 27 0.000212 2
32 4 0 71 32 0.000316 2
32 4 0 72 30 0.000277 2
32 4 0 73 34 0.000445 0
32 4 0 74 32 0.000346 2
32 4 0 75 32 0.000279 2
32 4 0 76 31 0.000376 0
32 4 0 77 35 0.000366 0
32 4 0 78 31 0.000260 0
32 4 0 79 33 0.000307 2
32 4 0 80 28 0.000242 0
32 4 0 81 36 0.000425 2
32 4 0 82 34 0.000378 0
32 4 0 83 29 0.000209 2
32 4 0 84 33 0.000482 0
32 4 0 85 31 0.000336 2
32 4 0 86 29 0.000249 0
32 4 0 87 31 0.000227 2
32 4 0 88 33 0.000273 2
32 4 0 89 32 0.000289 2
32 4 0 90 34 0.000362 0
32 4 0 91 36 0.000449 2
32 4 0 92 31 0.000216 2
32 4 0 93 29 0.000230 0
32 4 0 94 30 0.000319 2
32 4 0 95 23 0.000127 2
32 4 0 96 32 0.000329 0
32 4 0 97 32 0.000354 0
32 4 0 98 35 0.000521 2
32 4 0 99 34 0.000385 2
32 8 0 0 34 0.000970 2
32 8 0 1 34 0.000826 2
32 8 0 2 36 0.001188 0
32 8 0 3 35 0.001026 0
32 8 0 4 33 0.000890 0
32 8 0 5 35 0.000752 2
32 8 0 6 37 0.001126 2
32 8 0 7 26 0.000316 0
32 8 0 8 32 0.000797 0
32 8 0 9 36 0.000905 0
32 8 0 10 33 0.000994 2
32 8 0 11 38 0.001589 0
32 8 0 12 32 0.000776 2
32 8 0 13 37 0.001242 0
32 8 0 14 31 0.000883 0
32 8 0 15 37 0.001221 2
32 8 0 16 38 0.001542 2
32 8 0 17 36 0.001272 0
32 8 0 18 37 0.000905 0
32 8 0 19 41 0.001893 0
32 8 0 20 37 0.001094 2
32 8 0 21 36 0.001101 2
32 8 0 22 37 0.001535 0
32 8 0 23 37 0.001086 2
32 8 0 24 35 0.000775 2
32 8 0 25 31 0.000691 0
32 8 0 26 37 0.001100 2
32 8 0 27 30 0.000498 0
32 8 0 28 40 0.001386 0
32 8 0 29 40 0.001800 0
32 8 0 30 34 0.000816 2
32 8 0 31 39 0.001015 2
32 8 0 32 28 0.000503 0
32 8 0 33 32 0.000609 0
32 8 0 34 37 0.001379 2
32 8 0 35 34 0.000781 0
32 8 0 36 40 0.001219 0
32 8 0 37 35 0.000815 0
32 8 0 38 39 0.001150 2
32 8 0 39 26 0.000422 0
32 8 0 40 36 0.000747 2
32 8 0 41 34 0.000912 0
32 8 0 42 35 0.000932 2
32 8 0 43 36 0.001005 2
32 8 0 44 31 0.000854 2
32 8 0 45 38 0.001576 0
32 8 0 46 36 0.001200 2
32 8 0 47 32 0.000920 0
32 8 0 48 26 0.000319 0
32 8 0 49 36 0.001366 0
32 8 0 50 38 0.001181 2
32 8 0 51 31 0.000710 0
32 8 0 52 32 0.000726 0
32 8 0 53 33 0.000809 2
32 8 0 54 32 0.000699 2
32 8 0 55 31 0.000370 2
32 8 0 56 35 0.001186 2
32 8 0 57 38 0.001451 2
32 8 0 58 39 0.001381 2
32 8 0 59 31 0.000624 2
32 8 0 60 38 0.001576 0
32 8 0 61 35 0.000981 2
32 8 0 62 37 0.000996 2
32 8 0 63 31 0.000654 2
32 8 0 64 36 0.001028 0
32 8 0 65 37 0.001001 2
32 8 0 66 32 0.000904 2
32 8 0 67 35 0.000944 0
32 8 0 68 27 0.000518 0
32 8 0 69 32 0.000721 0
32 8 0 70 28 0.000564 2
32 8 0 71 35 0.000976 2
32 8 0 72 33 0.000773 2
32 8 0 73 38 0.001360 0
32 8 0 74 34 0.000829 2
32 8 0 75 33 0.000747 2
32 8 0 76 35 0.001232 0
32 8 0 77 38 0.001102 0
32 8 0 78 34 0.000766 0
32 8 0 79 36 0.000935 2
32 8 0 80 31 0.000714 0
32 8 0 81 36 0.001085 2
32 8 0 82 36 0.001054 0
32 8 0 83 30 0.000614 2
32 8 0 84 37 0.001610 0
32 8 0 85 33 0.000918 2
32 8 0 86 33 0.000804 0
32 8 0 87 34 0.000647 2
32 8 0 88 31 0.000683 2
32 8 0 89 33 0.000821 2
32 8 0 90 36 0.001099 0
32 8 0 91 39 0.001317 2
32 8 0 92 27 0.000513 2
32 8 0 93 32 0.000650 0
32 8 0 94 35 0.001003 2
32 8 0 95 27 0.000380 2
32 8 0 96 36 0.001076 0
32 8 0 97 34 0.000942 0
32 8 0 98 38 0.001669 2
32 8 0 99 37 0.001110 2
