4 1 0 0 3 0.000035 0
4 1 0 1 4 0.000033 1
4 1 0 2 4 0.000034 2
4 1 0 3 4 0.000033 2
4 1 0 4 4 0.000034 1
4 1 0 5 4 0.000035 2
4 1 0 6 2 0.000016 2
4 1 0 7 2 0.000016 2
4 1 0 8 4 0.000034 1
4 1 0 9 2 0.000016 2
4 1 0 10 4 0.000034 2
4 1 0 11 3 0.000034 0
4 1 0 12 4 0.000035 2
4 1 0 13 2 0.000017 2
4 1 0 14 4 0.000033 2
4 1 0 15 4 0.000033 0
4 1 0 16 2 0.000017 2
4 1 0 17 3 0.000034 1
4 1 0 18 2 0.000016 0
4 1 0 19 2 0.000016 2
4 1 0 20 2 0.000016 0
4 1 0 21 2 0.000015 1
4 1 0 22 4 0.000034 0
4 1 0 23 4 0.000033 2
4 1 0 24 4 0.000032 2
4 1 0 25 4 0.000034 2
4 1 0 26 4 0.000038 2
4 1 0 27 4 0.000034 0
4 1 0 28 4 0.000034 0
4 1 0 29 4 0.000034 2
4 1 0 30 4 0.000034 2
4 1 0 31 4 0.000034 2
4 1 0 32 2 0.000016 2
4 1 0 33 4 0.000034 2
4 1 0 34 4 0.000035 2
4 1 0 35 2 0.000016 1
4 1 0 36 4 0.000036 2
4 1 0 37 4 0.000032 2
4 1 0 38 2 0.000016 0
4 1 0 39 3 0.000035 2
4 1 0 40 4 0.000036 2
4 1 0 41 2 0.000015 0
4 1 0 42 2 0.000016 0
4 1 0 43 4 0.000031 0
4 1 0 44 2 0.000016 2
4 1 0 45 4 0.000034 0
4 1 0 46 4 0.000033 2
4 1 0 47 4 0.000032 1
4 1 0 48 4 0.000033 2
4 1 0 49 4 0.000036 2
4 1 0 50 4 0.000034 1
4 1 0 51 4 0.000032 2
4 1 0 52 3 0.000034 0
4 1 0 53 4 0.000034 0
4 1 0 54 3 0.000034 1
4 1 0 55 3 0.000035 2
4 1 0 56 4 0.000034 0
4 1 0 57 4 0.000033 1
4 1 0 58 4 0.000035 2
4 1 0 59 4 0.000035 2
4 1 0 60 4 0.000032 1
4 1 0 61 4 0.000033 2
4 1 0 62 2 0.000016 1
4 1 0 63 4 0.000032 1
4 1 0 64 4 0.000032 1
4 1 0 65 4 0.000032 0
4 1 0 66 4 0.000035 2
4 1 0 67 3 0.000035 1
4 1 0 68 4 0.000033 1
4 1 0 69 4 0.000035 2
4 1 0 70 4 0.000034 2
4 1 0 71 4 0.000034 2
4 1 0 72 3 0.000035 2
4 1 0 73 4 0.000033 1
4 1 0 74 4 0.000033 2
4 1 0 75 4 0.000032 2
4 1 0 76 4 0.000034 2
4 1 0 77 4 0.000035 2
4 1 0 78 4 0.000032 0
4 1 0 79 4 0.000034 2
4 1 0 80 4 0.000034 2
4 1 0 81 4 0.000034 2
4 1 0 82 3 0.000035 0
4 1 0 83 4 0.000033 2
4 1 0 84 2 0.000015 1
4 1 0 85 4 0.000033 2
4 1 0 86 4 0.000036 2
4 1 0 87 4 0.000033 0
4 1 0 88 4 0.000033 2
4 1 0 89 4 0.000033 2
4 1 0 90 4 0.000035 2
4 1 0 91 4 0.000034 2
4 1 0 92 4 0.000033 2
4 1 0 93 4 0.000034 1
4 1 0 94 2 0.000016 0
4 1 0 95 4 0.000033 1
4 1 0 96 4 0.000034 2
4 1 0 97 2 0.000016 1
4 1 0 98 4 0.000032 0
4 1 0 99 4 0.000033 2
4 2 0 0 1 0.000017 2
4 2 0 1 4 0.000057 2
4 2 0 2 3 0.000047 2
4 2 0 3 3 0.000047 2
4 2 0 4 3 0.000046 1
4 2 0 5 5 0.000070 2
4 2 0 6 2 0.000027 2
4 2 0 7 3 0.000037 2
4 2 0 8 5 0.000068 1
4 2 0 9 3 0.000038 2
4 2 0 10 5 0.000075 2
4 2 0 11 1 0.000018 0
4 2 0 12 5 0.000076 2
4 2 0 13 3 0.000040 2
4 2 0 14 3 0.000049 2
4 2 0 15 4 0.000058 0
4 2 0 16 3 0.000041 2
4 2 0 17 1 0.000017 1
4 2 0 18 3 0.000036 2
4 2 0 19 3 0.000037 2
4 2 0 20 3 0.000036 0
4 2 0 21 2 0.000026 1
4 2 0 22 5 0.000070 2
4 2 0 23 4 0.000057 2
4 2 0 24 3 0.000038 2
4 2 0 25 5 0.000070 2
4 2 0 26 5 0.000074 2
4 2 0 27 3 0.000052 2
4 2 0 28 5 0.000069 2
4 2 0 29 5 0.000071 2
4 2 0 30 4 0.000051 2
4 2 0 31 4 0.000060 2
4 2 0 32 3 0.000039 2
4 2 0 33 4 0.000049 2
4 2 0 34 5 0.000070 2
4 2 0 35 2 0.000036 2
4 2 0 36 5 0.000074 2
4 2 0 37 3 0.000040 2
4 2 0 38 3 0.000039 0
4 2 0 39 1 0.000018 2
4 2 0 40 5 0.000073 2
4 2 0 41 2 0.000027 0
4 2 0 42 3 0.000038 2
4 2 0 43 2 0.000028 2
4 2 0 44 3 0.000038 2
4 2 0 45 5 0.000072 2
4 2 0 46 3 0.000051 2
4 2 0 47 3 0.000046 1
4 2 0 48 3 0.000047 2
4 2 0 49 5 0.000075 2
4 2 0 50 3 0.000046 1
4 2 0 51 2 0.000036 2
4 2 0 52 1 0.000017 0
4 2 0 53 5 0.000070 2
4 2 0 54 1 0.000017 1
4 2 0 55 1 0.000018 2
4 2 0 56 4 0.000050 2
4 2 0 57 3 0.000046 1
4 2 0 58 5 0.000073 2
4 2 0 59 5 0.000070 2
4 2 0 60 3 0.000047 1
4 2 0 61 4 0.000048 2
4 2 0 62 2 0.000027 1
4 2 0 63 3 0.000047 1
4 2 0 64 3 0.000046 1
4 2 0 65 3 0.000045 0
4 2 0 66 5 0.000071 2
4 2 0 67 1 0.000017 2
4 2 0 68 3 0.000046 1
4 2 0 69 5 0.000074 2
4 2 0 70 4 0.000050 2
4 2 0 71 5 0.000070 2
4 2 0 72 1 0.000018 2
4 2 0 73 3 0.000046 1
4 2 0 74 3 0.000048 2
4 2 0 75 3 0.000047 2
4 2 0 76 3 0.000048 2
4 2 0 77 5 0.000070 2
4 2 0 78 3 0.000047 2
4 2 0 79 4 0.000050 2
4 2 0 80 4 0.000060 2
4 2 0 81 4 0.000057 2
4 2 0 82 1 0.000018 2
4 2 0 83 4 0.000057 2
4 2 0 84 2 0.000026 1
4 2 0 85 3 0.000037 2
4 2 0 86 5 0.000074 2
4 2 0 87 5 0.000067 0
4 2 0 88 3 0.000048 2
4 2 0 89 2 0.000028 2
4 2 0 90 5 0.000071 2
4 2 0 91 5 0.000071 2
4 2 0 92 3 0.000047 2
4 2 0 93 5 0.000068 1
4 2 0 94 2 0.000027 2
4 2 0 95 4 0.000048 2
4 2 0 96 5 0.000070 2
4 2 0 97 3 0.000036 1
4 2 0 98 3 0.000047 0
4 2 0 99 4 0.000049 2
4 4 0 0 1 0.000018 2
4 4 0 1 3 0.000049 2
4 4 0 2 3 0.000048 2
4 4 0 3 3 0.000048 2
4 4 0 4 3 0.000046 1
4 4 0 5 3 0.000049 2
4 4 0 6 1 0.000018 2
4 4 0 7 3 0.000049 2
4 4 0 8 5 0.000079 1
4 4 0 9 3 0.000049 2
4 4 0 10 5 0.000083 2
4 4 0 11 1 0.000017 0
4 4 0 12 5 0.000084 2
4 4 0 13 3 0.000049 2
4 4 0 14 3 0.000047 2
4 4 0 15 3 0.000048 2
4 4 0 16 3 0.000049 2
4 4 0 17 1 0.000017 1
4 4 0 18 1 0.000017 2
4 4 0 19 3 0.000048 2
4 4 0 20 3 0.000046 0
4 4 0 21 1 0.000017 1
4 4 0 22 3 0.000049 2
4 4 0 23 3 0.000049 2
4 4 0 24 3 0.000048 2
4 4 0 25 5 0.000083 2
4 4 0 26 5 0.000082 2
4 4 0 27 3 0.000049 2
4 4 0 28 5 0.000080 2
4 4 0 29 3 0.000049 2
4 4 0 30 3 0.000048 2
4 4 0 31 3 0.000049 2
4 4 0 32 3 0.000049 2
4 4 0 33 3 0.000048 2
4 4 0 34 5 0.000082 2
4 4 0 35 1 0.000018 2
4 4 0 36 5 0.000084 2
4 4 0 37 3 0.000048 2
4 4 0 38 3 0.000048 2
4 4 0 39 1 0.000017 2
4 4 0 40 5 0.000085 2
4 4 0 41 1 0.000018 0
4 4 0 42 3 0.000048 2
4 4 0 43 1 0.000018 2
4 4 0 44 3 0.000048 2
4 4 0 45 3 0.000049 2
4 4 0 46 3 0.000048 2
4 4 0 47 3 0.000046 1
4 4 0 48 3 0.000047 2
4 4 0 49 5 0.000086 2
4 4 0 50 3 0.000046 1
4 4 0 51 1 0.000017 2
4 4 0 52 1 0.000017 0
4 4 0 53 3 0.000049 2
4 4 0 54 1 0.000017 1
4 4 0 55 1 0.000017 2
4 4 0 56 3 0.000049 2
4 4 0 57 3 0.000046 1
4 4 0 58 5 0.000086 2
4 4 0 59 5 0.000083 2
4 4 0 60 3 0.000046 1
4 4 0 61 3 0.000048 2
4 4 0 62 1 0.000017 1
4 4 0 63 3 0.000046 1
4 4 0 64 3 0.000047 1
4 4 0 65 3 0.000047 0
4 4 0 66 5 0.000092 2
4 4 0 67 1 0.000018 2
4 4 0 68 3 0.000047 1
4 4 0 69 5 0.000086 2
4 4 0 70 3 0.000049 2
4 4 0 71 3 0.000049 2
4 4 0 72 1 0.000017 2
4 4 0 73 3 0.000046 1
4 4 0 74 3 0.000048 2
4 4 0 75 3 0.000047 2
4 4 0 76 3 0.000049 2
4 4 0 77 3 0.000048 2
4 4 0 78 3 0.000047 2
4 4 0 79 3 0.000049 2
4 4 0 80 3 0.000049 2
4 4 0 81 3 0.000049 2
4 4 0 82 1 0.000018 2
4 4 0 83 3 0.000048 2
4 4 0 84 1 0.000017 1
4 4 0 85 3 0.000048 2
4 4 0 86 5 0.000087 2
4 4 0 87 5 0.000078 0
4 4 0 88 3 0.000048 2
4 4 0 89 1 0.000018 2
4 4 0 90 5 0.000087 2
4 4 0 91 5 0.000081 2
4 4 0 92 3 0.000050 2
4 4 0 93 5 0.000079 1
4 4 0 94 1 0.000018 2
4 4 0 95 3 0.000049 2
4 4 0 96 5 0.000085 2
4 4 0 97 3 0.000047 1
4 4 0 98 3 0.000046 0
4 4 0 99 3 0.000049 2
8 1 0 0 7 0.000066 2
8 1 0 1 7 0.000075 1
8 1 0 2 8 0.000077 2
8 1 0 3 8 0.000071 2
8 1 0 4 7 0.000071 2
8 1 0 5 4 0.000053 2
8 1 0 6 7 0.000075 2
8 1 0 7 6 0.000075 2
8 1 0 8 5 0.000064 1
8 1 0 9 7 0.000071 0
8 1 0 10 8 0.000070 0
8 1 0 11 7 0.000073 2
8 1 0 12 8 0.000073 0
8 1 0 13 7 0.000077 0
8 1 0 14 8 0.000071 2
8 1 0 15 7 0.000065 2
8 1 0 16 7 0.000074 2
8 1 0 17 8 0.000072 2
8 1 0 18 8 0.000072 0
8 1 0 19 7 0.000063 2
8 1 0 20 8 0.000073 2
8 1 0 21 6 0.000063 2
8 1 0 22 8 0.000073 2
8 1 0 23 7 0.000067 2
8 1 0 24 7 0.000073 2
8 1 0 25 8 0.000073 2
8 1 0 26 8 0.000072 2
8 1 0 27 7 0.000075 2
8 1 0 28 8 0.000073 2
8 1 0 29 8 0.000073 0
8 1 0 30 7 0.000069 2
8 1 0 31 6 0.000057 2
8 1 0 32 7 0.000072 2
8 1 0 33 7 0.000076 0
8 1 0 34 6 0.000068 2
8 1 0 35 6 0.000065 2
8 1 0 36 8 0.000073 2
8 1 0 37 6 0.000065 2
8 1 0 38 7 0.000076 2
8 1 0 39 8 0.000075 2
8 1 0 40 6 0.000053 2
8 1 0 41 7 0.000061 0
8 1 0 42 6 0.000067 2
8 1 0 43 8 0.000075 2
8 1 0 44 6 0.000067 2
8 1 0 45 7 0.000063 2
8 1 0 46 8 0.000076 0
8 1 0 47 8 0.000070 2
8 1 0 48 6 0.000064 0
8 1 0 49 7 0.000075 2
8 1 0 50 8 0.000075 2
8 1 0 51 8 0.000074 2
8 1 0 52 8 0.000077 2
8 1 0 53 8 0.000076 2
8 1 0 54 8 0.000071 2
8 1 0 55 7 0.000074 2
8 1 0 56 7 0.000073 2
8 1 0 57 8 0.000074 2
8 1 0 58 8 0.000075 2
8 1 0 59 8 0.000072 2
8 1 0 60 8 0.000075 2
8 1 0 61 7 0.000065 2
8 1 0 62 6 0.000065 2
8 1 0 63 8 0.000072 2
8 1 0 64 8 0.000075 2
8 1 0 65 7 0.000075 2
8 1 0 66 8 0.000069 2
8 1 0 67 8 0.000076 0
8 1 0 68 8 0.000074 2
8 1 0 69 7 0.000067 2
8 1 0 70 7 0.000076 0
8 1 0 71 7 0.000076 2
8 1 0 72 7 0.000066 2
8 1 0 73 7 0.000075 2
8 1 0 74 7 0.000064 0
8 1 0 75 8 0.000072 2
8 1 0 76 8 0.000075 2
8 1 0 77 8 0.000075 2
8 1 0 78 8 0.000071 0
8 1 0 79 6 0.000053 0
8 1 0 80 8 0.000077 2
8 1 0 81 8 0.000072 2
8 1 0 82 6 0.000064 2
8 1 0 83 6 0.000063 0
8 1 0 84 7 0.000074 2
8 1 0 85 6 0.000055 2
8 1 0 86 8 0.000072 2
8 1 0 87 7 0.000064 2
8 1 0 88 8 0.000072 2
8 1 0 89 8 0.000072 2
8 1 0 90 8 0.000074 2
8 1 0 91 7 0.000073 0
8 1 0 92 7 0.000076 2
8 1 0 93 6 0.000065 2
8 1 0 94 8 0.000075 2
8 1 0 95 8 0.000074 2
8 1 0 96 6 0.000062 2
8 1 0 97 8 0.000072 2
8 1 0 98 8 0.000074 2
8 1 0 99 8 0.000071 2
8 2 0 0 8 0.000082 2
8 2 0 1 7 0.000094 2
8 2 0 2 7 0.000109 2
8 2 0 3 8 0.000114 2
8 2 0 4 4 0.000070 2
8 2 0 5 4 0.000035 2
8 2 0 6 9 0.000109 2
8 2 0 7 6 0.000074 2
8 2 0 8 5 0.000058 2
8 2 0 9 8 0.000087 2
8 2 0 10 7 0.000077 2
8 2 0 11 6 0.000099 2
8 2 0 12 7 0.000107 2
8 2 0 13 9 0.000119 2
8 2 0 14 8 0.000104 2
8 2 0 15 8 0.000098 2
8 2 0 16 8 0.000083 2
8 2 0 17 8 0.000108 2
8 2 0 18 7 0.000109 2
8 2 0 19 6 0.000082 2
8 2 0 20 9 0.000109 2
8 2 0 21 5 0.000079 2
8 2 0 22 9 0.000121 2
8 2 0 23 8 0.000090 2
8 2 0 24 4 0.000081 2
8 2 0 25 6 0.000109 2
8 2 0 26 8 0.000090 2
8 2 0 27 9 0.000109 2
8 2 0 28 10 0.000119 2
8 2 0 29 9 0.000100 0
8 2 0 30 8 0.000095 2
8 2 0 31 7 0.000103 2
8 2 0 32 7 0.000090 2
8 2 0 33 8 0.000105 0
8 2 0 34 7 0.000083 2
8 2 0 35 7 0.000076 2
8 2 0 36 10 0.000122 2
8 2 0 37 7 0.000080 2
8 2 0 38 8 0.000111 2
8 2 0 39 10 0.000128 2
8 2 0 40 6 0.000082 2
8 2 0 41 7 0.000089 0
8 2 0 42 7 0.000084 2
8 2 0 43 9 0.000121 2
8 2 0 44 7 0.000083 2
8 2 0 45 8 0.000089 2
8 2 0 46 10 0.000138 2
8 2 0 47 6 0.000084 2
8 2 0 48 7 0.000102 2
8 2 0 49 6 0.000099 2
8 2 0 50 8 0.000127 2
8 2 0 51 10 0.000121 2
8 2 0 52 10 0.000134 2
8 2 0 53 9 0.000127 2
8 2 0 54 8 0.000082 2
8 2 0 55 7 0.000083 2
8 2 0 56 9 0.000101 2
8 2 0 57 7 0.000112 2
8 2 0 58 10 0.000123 2
8 2 0 59 7 0.000107 2
8 2 0 60 10 0.000130 2
8 2 0 61 9 0.000098 2
8 2 0 62 7 0.000105 2
8 2 0 63 9 0.000116 2
8 2 0 64 10 0.000125 2
8 2 0 65 8 0.000109 2
8 2 0 66 7 0.000080 2
8 2 0 67 9 0.000111 2
8 2 0 68 9 0.000101 2
8 2 0 69 9 0.000100 2
8 2 0 70 8 0.000091 2
8 2 0 71 8 0.000112 2
8 2 0 72 8 0.000089 2
8 2 0 73 8 0.000100 2
8 2 0 74 8 0.000082 0
8 2 0 75 8 0.000105 2
8 2 0 76 8 0.000122 2
8 2 0 77 9 0.000114 2
8 2 0 78 9 0.000112 0
8 2 0 79 6 0.000078 0
8 2 0 80 10 0.000133 2
8 2 0 81 8 0.000105 2
8 2 0 82 6 0.000101 2
8 2 0 83 5 0.000062 2
8 2 0 84 8 0.000085 2
8 2 0 85 6 0.000088 2
8 2 0 86 7 0.000107 2
8 2 0 87 7 0.000081 2
8 2 0 88 5 0.000093 2
8 2 0 89 8 0.000089 2
8 2 0 90 8 0.000122 2
8 2 0 91 7 0.000073 2
8 2 0 92 8 0.000091 2
8 2 0 93 7 0.000070 2
8 2 0 94 10 0.000123 2
8 2 0 95 9 0.000111 2
8 2 0 96 5 0.000090 2
8 2 0 97 9 0.000116 2
8 2 0 98 9 0.000126 2
8 2 0 99 7 0.000098 2
8 4 0 0 8 0.000144 2
8 4 0 1 6 0.000112 2
8 4 0 2 10 0.000165 2
8 4 0 3 9 0.000131 2
8 4 0 4 4 0.000060 2
8 4 0 5 3 0.000048 2
8 4 0 6 11 0.000189 2
8 4 0 7 5 0.000087 2
8 4 0 8 5 0.000082 2
8 4 0 9 7 0.000109 2
8 4 0 10 9 0.000151 2
8 4 0 11 7 0.000112 2
8 4 0 12 9 0.000151 2
8 4 0 13 11 0.000217 2
8 4 0 14 9 0.000147 2
8 4 0 15 9 0.000157 2
8 4 0 16 7 0.000124 2
8 4 0 17 9 0.000158 2
8 4 0 18 9 0.000162 2
8 4 0 19 6 0.000101 2
8 4 0 20 10 0.000166 2
8 4 0 21 6 0.000084 2
8 4 0 22 10 0.000168 2
8 4 0 23 10 0.000169 2
8 4 0 24 5 0.000075 2
8 4 0 25 8 0.000143 2
8 4 0 26 9 0.000155 2
8 4 0 27 10 0.000166 2
8 4 0 28 11 0.000186 2
8 4 0 29 11 0.000187 2
8 4 0 30 9 0.000160 2
8 4 0 31 9 0.000149 2
8 4 0 32 8 0.000138 2
8 4 0 33 9 0.000150 0
8 4 0 34 8 0.000130 2
8 4 0 35 5 0.000073 2
8 4 0 36 11 0.000182 2
8 4 0 37 6 0.000089 2
8 4 0 38 9 0.000163 2
8 4 0 39 12 0.000215 2
8 4 0 40 6 0.000096 2
8 4 0 41 6 0.000089 2
8 4 0 42 6 0.000101 2
8 4 0 43 10 0.000187 2
8 4 0 44 8 0.000120 2
8 4 0 45 7 0.000104 2
8 4 0 46 12 0.000233 2
8 4 0 47 7 0.000108 2
8 4 0 48 9 0.000132 2
8 4 0 49 7 0.000113 2
8 4 0 50 11 0.000203 2
8 4 0 51 11 0.000190 2
8 4 0 52 13 0.000260 2
8 4 0 53 11 0.000209 2
8 4 0 54 9 0.000138 2
8 4 0 55 8 0.000129 2
8 4 0 56 9 0.000141 2
8 4 0 57 10 0.000174 2
8 4 0 58 11 0.000195 2
8 4 0 59 9 0.000150 2
8 4 0 60 12 0.000233 2
8 4 0 61 9 0.000147 2
8 4 0 62 7 0.000126 2
8 4 0 63 10 0.000159 2
8 4 0 64 11 0.000200 2
8 4 0 65 8 0.000136 2
8 4 0 66 8 0.000118 2
8 4 0 67 12 0.000225 2
8 4 0 68 10 0.000181 2
8 4 0 69 8 0.000134 2
8 4 0 70 9 0.000148 2
8 4 0 71 9 0.000165 2
8 4 0 72 10 0.000168 2
8 4 0 73 9 0.000169 2
8 4 0 74 7 0.000110 2
8 4 0 75 10 0.000169 2
8 4 0 76 11 0.000186 2
8 4 0 77 10 0.000191 2
8 4 0 78 10 0.000153 2
8 4 0 79 5 0.000069 2
8 4 0 80 12 0.000234 2
8 4 0 81 9 0.000149 2
8 4 0 82 6 0.000084 2
8 4 0 83 6 0.000104 2
8 4 0 84 7 0.000123 2
8 4 0 85 8 0.000129 2
8 4 0 86 9 0.000157 2
8 4 0 87 7 0.000107 2
8 4 0 88 7 0.000132 2
8 4 0 89 9 0.000154 2
8 4 0 90 11 0.000186 2
8 4 0 91 8 0.000127 2
8 4 0 92 8 0.000135 2
8 4 0 93 6 0.000082 2
8 4 0 94 12 0.000204 2
8 4 0 95 11 0.000203 2
8 4 0 96 5 0.000098 2
8 4 0 97 9 0.000151 2
8 4 0 98 11 0.000214 2
8 4 0 99 9 0.000164 2
8 8 0 0 7 0.000131 2
8 8 0 1 5 0.000089 2
8 8 0 2 7 0.000140 2
8 8 0 3 7 0.000142 2
8 8 0 4 3 0.000050 2
8 8 0 5 3 0.000052 2
8 8 0 6 11 0.000228 2
8 8 0 7 5 0.000089 2
8 8 0 8 5 0.000085 2
8 8 0 9 5 0.000088 2
8 8 0 10 7 0.000138 2
8 8 0 11 5 0.000089 2
8 8 0 12 7 0.000140 2
8 8 0 13 11 0.000261 2
8 8 0 14 7 0.000134 2
8 8 0 15 7 0.000137 2
8 8 0 16 7 0.000129 2
8 8 0 17 7 0.000137 2
8 8 0 18 9 0.000176 2
8 8 0 19 5 0.000087 2
8 8 0 20 9 0.000187 2
8 8 0 21 5 0.000088 2
8 8 0 22 9 0.000187 2
8 8 0 23 7 0.000136 2
8 8 0 24 5 0.000145 2
8 8 0 25 7 0.000140 2
8 8 0 26 7 0.000140 2
8 8 0 27 9 0.000188 2
8 8 0 28 11 0.000237 2
8 8 0 29 11 0.000209 2
8 8 0 30 9 0.000198 2
8 8 0 31 9 0.000192 2
8 8 0 32 7 0.000125 2
8 8 0 33 9 0.000163 2
8 8 0 34 7 0.000135 2
8 8 0 35 5 0.000087 2
8 8 0 36 9 0.000184 2
8 8 0 37 5 0.000089 2
8 8 0 38 9 0.000184 2
8 8 0 39 11 0.000265 2
8 8 0 40 5 0.000088 2
8 8 0 41 5 0.000086 2
8 8 0 42 5 0.000090 2
8 8 0 43 9 0.000200 2
8 8 0 44 7 0.000136 2
8 8 0 45 5 0.000090 2
8 8 0 46 11 0.000279 2
8 8 0 47 7 0.000121 2
8 8 0 48 5 0.000089 2
8 8 0 49 7 0.000129 2
8 8 0 50 11 0.000268 2
8 8 0 51 9 0.000198 2
8 8 0 52 13 0.000345 2
8 8 0 53 9 0.000197 2
8 8 0 54 5 0.000089 2
8 8 0 55 7 0.000134 2
8 8 0 56 9 0.000172 2
8 8 0 57 9 0.000192 2
8 8 0 58 11 0.000256 2
8 8 0 59 9 0.000191 2
8 8 0 60 11 0.000258 2
8 8 0 61 9 0.000194 2
8 8 0 62 5 0.000091 2
8 8 0 63 7 0.000134 2
8 8 0 64 9 0.000195 2
8 8 0 65 7 0.000136 2
8 8 0 66 5 0.000090 2
8 8 0 67 11 0.000259 2
8 8 0 68 9 0.000183 2
8 8 0 69 7 0.000140 2
8 8 0 70 7 0.000136 2
8 8 0 71 7 0.000142 2
8 8 0 72 9 0.000188 2
8 8 0 73 9 0.000196 2
8 8 0 74 7 0.000121 2
8 8 0 75 9 0.000176 2
8 8 0 76 9 0.000193 2
8 8 0 77 9 0.000193 2
8 8 0 78 9 0.000163 2
8 8 0 79 3 0.000049 2
8 8 0 80 11 0.000269 2
8 8 0 81 7 0.000136 2
8 8 0 82 5 0.000087 2
8 8 0 83 5 0.000091 2
8 8 0 84 7 0.000129 2
8 8 0 85 7 0.000141 2
8 8 0 86 7 0.000138 2
8 8 0 87 5 0.000090 2
8 8 0 88 7 0.000136 2
8 8 0 89 7 0.000140 2
8 8 0 90 11 0.000240 2
8 8 0 91 7 0.000134 2
8 8 0 92 7 0.000140 2
8 8 0 93 5 0.000083 2
8 8 0 94 9 0.000204 2
8 8 0 95 9 0.000192 2
8 8 0 96 5 0.000089 2
8 8 0 97 9 0.000181 2
8 8 0 98 11 0.000251 2
8 8 0 99 9 0.000181 2
16 1 0 0 15 0.000152 0
16 1 0 1 13 0.000140 0
16 1 0 2 15 0.000153 0
16 1 0 3 16 0.000150 2
16 1 0 4 15 0.000153 2
16 1 0 5 14 0.000142 0
16 1 0 6 16 0.000152 2
16 1 0 7 16 0.000148 2
16 1 0 8 15 0.000140 2
16 1 0 9 14 0.000150 0
16 1 0 10 15 0.000137 0
16 1 0 11 12 0.000135 2
16 1 0 12 11 0.000121 0
16 1 0 13 15 0.000152 2
16 1 0 14 16 0.000145 2
16 1 0 15 14 0.000142 2
16 1 0 16 15 0.000150 2
16 1 0 17 16 0.000147 0
16 1 0 18 16 0.000144 0
16 1 0 19 14 0.000152 0
16 1 0 20 16 0.000152 2
16 1 0 21 16 0.000151 2
16 1 0 22 14 0.000139 0
16 1 0 23 15 0.000149 0
16 1 0 24 12 0.000120 2
16 1 0 25 13 0.000143 2
16 1 0 26 11 0.000132 0
16 1 0 27 12 0.000134 0
16 1 0 28 15 0.000152 2
16 1 0 29 16 0.000145 0
16 1 0 30 14 0.000140 2
16 1 0 31 15 0.000151 2
16 1 0 32 13 0.000133 2
16 1 0 33 14 0.000148 2
16 1 0 34 15 0.000152 2
16 1 0 35 15 0.000141 0
16 1 0 36 15 0.000146 2
16 1 0 37 12 0.000124 2
16 1 0 38 15 0.000150 2
16 1 0 39 14 0.000149 0
16 1 0 40 12 0.000126 2
16 1 0 41 15 0.000152 2
16 1 0 42 15 0.000146 2
16 1 0 43 16 0.000152 2
16 1 0 44 16 0.000151 0
16 1 0 45 14 0.000150 2
16 1 0 46 15 0.000150 2
16 1 0 47 14 0.000144 0
16 1 0 48 15 0.000151 0
16 1 0 49 13 0.000130 0
16 1 0 50 13 0.000142 0
16 1 0 51 16 0.000152 2
16 1 0 52 15 0.000147 2
16 1 0 53 12 0.000120 0
16 1 0 54 15 0.000151 0
16 1 0 55 16 0.000147 2
16 1 0 56 15 0.000139 0
16 1 0 57 15 0.000147 2
16 1 0 58 15 0.000151 2
16 1 0 59 16 0.000150 2
16 1 0 60 16 0.000152 0
16 1 0 61 16 0.000147 2
16 1 0 62 16 0.000150 2
16 1 0 63 14 0.000141 2
16 1 0 64 14 0.000139 2
16 1 0 65 14 0.000142 0
16 1 0 66 16 0.000148 2
16 1 0 67 16 0.000151 0
16 1 0 68 14 0.000139 0
16 1 0 69 13 0.000128 2
16 1 0 70 14 0.000147 0
16 1 0 71 16 0.000153 2
16 1 0 72 16 0.000156 2
16 1 0 73 15 0.000148 2
16 1 0 74 16 0.000144 0
16 1 0 75 12 0.000126 2
16 1 0 76 15 0.000152 0
16 1 0 77 15 0.000151 2
16 1 0 78 15 0.000150 0
16 1 0 79 16 0.000146 0
16 1 0 80 16 0.000149 2
16 1 0 81 16 0.000150 2
16 1 0 82 16 0.000150 0
16 1 0 83 16 0.000147 2
16 1 0 84 15 0.000150 0
16 1 0 85 16 0.000151 2
16 1 0 86 15 0.000149 0
16 1 0 87 15 0.000140 0
16 1 0 88 16 0.000153 2
16 1 0 89 16 0.000153 0
16 1 0 90 16 0.000147 2
16 1 0 91 15 0.000151 2
16 1 0 92 15 0.000147 0
16 1 0 93 16 0.000153 2
16 1 0 94 16 0.000149 2
16 1 0 95 16 0.000145 2
16 1 0 96 14 0.000131 0
16 1 0 97 14 0.000146 2
16 1 0 98 16 0.000149 2
16 1 0 99 15 0.000156 2
16 2 0 0 16 0.000215 2
16 2 0 1 11 0.000145 2
16 2 0 2 14 0.000196 0
16 2 0 3 15 0.000206 2
16 2 0 4 17 0.000204 2
16 2 0 5 16 0.000169 2
16 2 0 6 15 0.000213 2
16 2 0 7 15 0.000201 2
16 2 0 8 16 0.000181 2
16 2 0 9 14 0.000195 2
16 2 0 10 15 0.000181 2
16 2 0 11 15 0.000187 2
16 2 0 12 14 0.000167 2
16 2 0 13 16 0.000214 2
16 2 0 14 17 0.000187 2
16 2 0 15 16 0.000188 2
16 2 0 16 17 0.000192 2
16 2 0 17 15 0.000201 2
16 2 0 18 16 0.000179 2
16 2 0 19 17 0.000201 0
16 2 0 20 18 0.000229 2
16 2 0 21 16 0.000211 2
16 2 0 22 14 0.000193 2
16 2 0 23 13 0.000179 2
16 2 0 24 13 0.000161 2
16 2 0 25 12 0.000193 2
16 2 0 26 13 0.000156 2
16 2 0 27 13 0.000171 0
16 2 0 28 18 0.000212 2
16 2 0 29 17 0.000194 0
16 2 0 30 13 0.000180 2
16 2 0 31 15 0.000196 2
16 2 0 32 14 0.000182 2
16 2 0 33 11 0.000167 2
16 2 0 34 16 0.000218 2
16 2 0 35 14 0.000182 2
16 2 0 36 14 0.000180 2
16 2 0 37 15 0.000177 2
16 2 0 38 15 0.000189 2
16 2 0 39 13 0.000169 0
16 2 0 40 11 0.000152 2
16 2 0 41 16 0.000194 2
16 2 0 42 15 0.000184 2
16 2 0 43 18 0.000232 2
16 2 0 44 18 0.000229 2
16 2 0 45 15 0.000180 2
16 2 0 46 15 0.000194 2
16 2 0 47 13 0.000165 0
16 2 0 48 15 0.000197 0
16 2 0 49 13 0.000170 2
16 2 0 50 15 0.000161 2
16 2 0 51 16 0.000209 2
16 2 0 52 15 0.000189 2
16 2 0 53 11 0.000147 0
16 2 0 54 17 0.000209 2
16 2 0 55 16 0.000188 2
16 2 0 56 15 0.000191 0
16 2 0 57 13 0.000174 2
16 2 0 58 16 0.000207 2
16 2 0 59 18 0.000217 2
16 2 0 60 17 0.000208 2
16 2 0 61 15 0.000188 2
16 2 0 62 15 0.000208 2
16 2 0 63 13 0.000196 2
16 2 0 64 15 0.000200 2
16 2 0 65 16 0.000178 0
16 2 0 66 16 0.000194 2
16 2 0 67 17 0.000224 2
16 2 0 68 15 0.000202 0
16 2 0 69 14 0.000184 2
16 2 0 70 14 0.000184 2
16 2 0 71 17 0.000236 2
16 2 0 72 17 0.000224 2
16 2 0 73 17 0.000192 2
16 2 0 74 14 0.000177 2
16 2 0 75 12 0.000139 2
16 2 0 76 17 0.000219 0
16 2 0 77 18 0.000217 2
16 2 0 78 16 0.000207 2
16 2 0 79 15 0.000200 2
16 2 0 80 16 0.000203 2
16 2 0 81 16 0.000216 2
16 2 0 82 17 0.000211 2
16 2 0 83 15 0.000193 2
16 2 0 84 17 0.000203 2
16 2 0 85 16 0.000211 2
16 2 0 86 18 0.000212 0
16 2 0 87 16 0.000184 0
16 2 0 88 18 0.000234 2
16 2 0 89 18 0.000234 2
16 2 0 90 15 0.000208 2
16 2 0 91 16 0.000189 2
16 2 0 92 15 0.000182 2
16 2 0 93 17 0.000229 2
16 2 0 94 17 0.000221 2
16 2 0 95 16 0.000208 2
16 2 0 96 14 0.000186 2
16 2 0 97 16 0.000205 2
16 2 0 98 16 0.000214 2
16 2 0 99 17 0.000235 2
16 4 0 0 19 0.000395 2
16 4 0 1 12 0.000206 2
16 4 0 2 16 0.000342 2
16 4 0 3 15 0.000304 2
16 4 0 4 19 0.000360 2
16 4 0 5 16 0.000271 2
16 4 0 6 17 0.000332 2
16 4 0 7 19 0.000347 2
16 4 0 8 19 0.000321 2
16 4 0 9 17 0.000301 2
16 4 0 10 17 0.000280 2
16 4 0 11 14 0.000255 2
16 4 0 12 15 0.000245 2
16 4 0 13 17 0.000350 2
16 4 0 14 18 0.000308 2
16 4 0 15 18 0.000319 2
16 4 0 16 17 0.000303 2
16 4 0 17 16 0.000303 2
16 4 0 18 17 0.000304 2
16 4 0 19 17 0.000326 0
16 4 0 20 20 0.000471 2
16 4 0 21 17 0.000370 2
16 4 0 22 15 0.000257 2
16 4 0 23 16 0.000311 2
16 4 0 24 14 0.000240 2
16 4 0 25 15 0.000300 2
16 4 0 26 10 0.000167 2
16 4 0 27 15 0.000265 2
16 4 0 28 19 0.000342 2
16 4 0 29 17 0.000288 2
16 4 0 30 15 0.000272 2
16 4 0 31 16 0.000304 2
16 4 0 32 17 0.000325 2
16 4 0 33 11 0.000187 2
16 4 0 34 18 0.000347 2
16 4 0 35 16 0.000306 2
16 4 0 36 15 0.000241 2
16 4 0 37 16 0.000283 2
16 4 0 38 18 0.000335 2
16 4 0 39 16 0.000282 2
16 4 0 40 11 0.000174 2
16 4 0 41 15 0.000316 2
16 4 0 42 15 0.000245 2
16 4 0 43 21 0.000425 2
16 4 0 44 18 0.000384 2
16 4 0 45 15 0.000262 2
16 4 0 46 15 0.000271 2
16 4 0 47 14 0.000216 2
16 4 0 48 18 0.000350 2
16 4 0 49 13 0.000234 2
16 4 0 50 14 0.000226 2
16 4 0 51 20 0.000389 2
16 4 0 52 16 0.000281 2
16 4 0 53 14 0.000250 2
16 4 0 54 17 0.000314 2
16 4 0 55 18 0.000328 2
16 4 0 56 18 0.000299 2
16 4 0 57 15 0.000293 2
16 4 0 58 20 0.000401 2
16 4 0 59 17 0.000343 2
16 4 0 60 19 0.000391 2
16 4 0 61 18 0.000326 2
16 4 0 62 19 0.000379 2
16 4 0 63 15 0.000283 2
16 4 0 64 16 0.000278 2
16 4 0 65 17 0.000305 2
16 4 0 66 17 0.000332 2
16 4 0 67 20 0.000383 2
16 4 0 68 16 0.000305 0
16 4 0 69 12 0.000177 2
16 4 0 70 16 0.000259 2
16 4 0 71 20 0.000435 2
16 4 0 72 21 0.000468 2
16 4 0 73 16 0.000296 2
16 4 0 74 16 0.000273 2
16 4 0 75 12 0.000213 2
16 4 0 76 17 0.000324 2
16 4 0 77 18 0.000348 2
16 4 0 78 17 0.000341 2
16 4 0 79 16 0.000321 2
16 4 0 80 18 0.000329 2
16 4 0 81 19 0.000350 2
16 4 0 82 20 0.000410 2
16 4 0 83 18 0.000305 2
16 4 0 84 17 0.000349 2
16 4 0 85 20 0.000414 2
16 4 0 86 20 0.000370 2
16 4 0 87 17 0.000262 2
16 4 0 88 19 0.000423 2
16 4 0 89 19 0.000413 2
16 4 0 90 19 0.000365 2
16 4 0 91 19 0.000332 2
16 4 0 92 17 0.000291 2
16 4 0 93 20 0.000442 2
16 4 0 94 19 0.000361 2
16 4 0 95 18 0.000318 2
16 4 0 96 15 0.000267 2
16 4 0 97 19 0.000370 2
16 4 0 98 19 0.000392 2
16 4 0 99 20 0.000451 2
16 8 0 0 22 0.000792 2
16 8 0 1 13 0.000295 2
16 8 0 2 19 0.000627 2
16 8 0 3 19 0.000563 2
16 8 0 4 22 0.000670 2
16 8 0 5 18 0.000394 2
16 8 0 6 20 0.000648 2
16 8 0 7 22 0.000696 2
16 8 0 8 21 0.000559 2
16 8 0 9 16 0.000405 2
16 8 0 10 19 0.000484 2
16 8 0 11 17 0.000419 2
16 8 0 12 15 0.000336 2
16 8 0 13 21 0.000645 2
16 8 0 14 21 0.000585 2
16 8 0 15 19 0.000503 2
16 8 0 16 20 0.000523 2
16 8 0 17 19 0.000573 2
16 8 0 18 21 0.000532 2
16 8 0 19 19 0.000533 2
16 8 0 20 25 0.000891 2
16 8 0 21 22 0.000784 2
16 8 0 22 17 0.000446 2
16 8 0 23 19 0.000573 2
16 8 0 24 14 0.000312 2
16 8 0 25 17 0.000528 2
16 8 0 26 11 0.000208 2
16 8 0 27 16 0.000357 2
16 8 0 28 22 0.000633 2
16 8 0 29 22 0.000598 2
16 8 0 30 17 0.000423 2
16 8 0 31 20 0.000611 2
16 8 0 32 19 0.000525 2
16 8 0 33 12 0.000277 2
16 8 0 34 19 0.000588 2
16 8 0 35 19 0.000515 2
16 8 0 36 16 0.000397 2
16 8 0 37 17 0.000425 2
16 8 0 38 19 0.000542 2
16 8 0 39 17 0.000425 2
16 8 0 40 11 0.000232 2
16 8 0 41 19 0.000563 2
16 8 0 42 17 0.000391 2
16 8 0 43 25 0.000901 2
16 8 0 44 24 0.000813 2
16 8 0 45 18 0.000468 2
16 8 0 46 17 0.000491 2
16 8 0 47 14 0.000327 2
16 8 0 48 19 0.000598 2
16 8 0 49 15 0.000338 2
16 8 0 50 15 0.000320 2
16 8 0 51 23 0.000765 2
16 8 0 52 19 0.000468 2
16 8 0 53 13 0.000285 2
16 8 0 54 18 0.000497 2
16 8 0 55 23 0.000726 2
16 8 0 56 20 0.000550 2
16 8 0 57 17 0.000456 2
16 8 0 58 24 0.000804 2
16 8 0 59 22 0.000730 2
16 8 0 60 24 0.000812 2
16 8 0 61 21 0.000599 2
16 8 0 62 21 0.000674 2
16 8 0 63 17 0.000486 2
16 8 0 64 19 0.000480 2
16 8 0 65 19 0.000527 2
16 8 0 66 20 0.000593 2
16 8 0 67 25 0.000860 2
16 8 0 68 18 0.000469 2
16 8 0 69 14 0.000286 2
16 8 0 70 15 0.000316 2
16 8 0 71 25 0.000960 2
16 8 0 72 27 0.001040 2
16 8 0 73 18 0.000462 2
16 8 0 74 19 0.000529 2
16 8 0 75 13 0.000248 2
16 8 0 76 21 0.000620 2
16 8 0 77 23 0.000792 2
16 8 0 78 21 0.000644 2
16 8 0 79 19 0.000516 2
16 8 0 80 21 0.000641 2
16 8 0 81 23 0.000734 2
16 8 0 82 24 0.000846 2
16 8 0 83 21 0.000612 2
16 8 0 84 21 0.000654 2
16 8 0 85 25 0.000949 2
16 8 0 86 23 0.000676 2
16 8 0 87 17 0.000425 2
16 8 0 88 24 0.000922 2
16 8 0 89 25 0.000962 2
16 8 0 90 20 0.000598 2
16 8 0 91 22 0.000667 2
16 8 0 92 19 0.000481 2
16 8 0 93 24 0.000948 2
16 8 0 94 23 0.000730 2
16 8 0 95 19 0.000483 2
16 8 0 96 18 0.000506 2
16 8 0 97 21 0.000614 2
16 8 0 98 21 0.000700 2
16 8 0 99 25 0.001033 2
32 1 0 0 31 0.000312 2
32 1 0 1 30 0.000309 0
32 1 0 2 31 0.000316 0
32 1 0 3 31 0.000305 2
32 1 0 4 31 0.000303 0
32 1 0 5 31 0.000303 2
32 1 0 6 31 0.000323 0
32 1 0 7 25 0.000280 0
32 1 0 8 29 0.000309 2
32 1 0 9 31 0.000304 2
32 1 0 10 27 0.000273 0
32 1 0 11 30 0.000319 0
32 1 0 12 27 0.000304 0
32 1 0 13 29 0.000291 2
32 1 0 14 28 0.000311 2
32 1 0 15 30 0.000318 2
32 1 0 16 31 0.000316 0
32 1 0 17 28 0.000294 2
32 1 0 18 30 0.000303 2
32 1 0 19 32 0.000317 2
32 1 0 20 26 0.000274 0
32 1 0 21 31 0.000310 2
32 1 0 22 32 0.000312 2
32 1 0 23 29 0.000292 2
32 1 0 24 29 0.000309 2
32 1 0 25 31 0.000311 2
32 1 0 26 31 0.000318 2
32 1 0 27 27 0.000293 0
32 1 0 28 32 0.000314 2
32 1 0 29 31 0.000318 0
32 1 0 30 30 0.000310 0
32 1 0 31 32 0.000301 0
32 1 0 32 28 0.000296 0
32 1 0 33 29 0.000293 2
32 1 0 34 31 0.000314 2
32 1 0 35 29 0.000286 0
32 1 0 36 32 0.000303 2
32 1 0 37 29 0.000284 0
32 1 0 38 31 0.000318 2
32 1 0 39 23 0.000247 0
32 1 0 40 31 0.000292 0
32 1 0 41 31 0.000302 2
32 1 0 42 31 0.000310 2
32 1 0 43 32 0.000312 2
32 1 0 44 28 0.000294 0
32 1 0 45 31 0.000323 0
32 1 0 46 29 0.000316 2
32 1 0 47 29 0.000313 2
32 1 0 48 26 0.000272 0
32 1 0 49 31 0.000310 2
32 1 0 50 30 0.000309 0
32 1 0 51 29 0.000299 2
32 1 0 52 31 0.000299 2
32 1 0 53 27 0.000281 0
32 1 0 54 29 0.000314 0
32 1 0 55 28 0.000295 0
32 1 0 56 30 0.000306 0
32 1 0 57 30 0.000302 2
32 1 0 58 32 0.000315 2
32 1 0 59 28 0.000299 2
32 1 0 60 31 0.000314 2
32 1 0 61 29 0.000311 2
32 1 0 62 32 0.000303 2
32 1 0 63 29 0.000307 0
32 1 0 64 32 0.000303 0
32 1 0 65 30 0.000315 2
32 1 0 66 28 0.000310 0
32 1 0 67 31 0.000314 2
32 1 0 68 27 0.000279 2
32 1 0 69 29 0.000289 2
32 1 0 70 27 0.000277 0
32 1 0 71 31 0.000309 2
32 1 0 72 31 0.000304 0
32 1 0 73 30 0.000306 2
32 1 0 74 30 0.000299 0
32 1 0 75 31 0.000309 0
32 1 0 76 31 0.000315 2
32 1 0 77 32 0.000311 0
32 1 0 78 30 0.000291 2
32 1 0 79 31 0.000302 0
32 1 0 80 29 0.000310 2
32 1 0 81 32 0.000319 2
32 1 0 82 31 0.000319 0
32 1 0 83 29 0.000297 2
32 1 0 84 31 0.000313 2
32 1 0 85 29 0.000298 0
32 1 0 86 32 0.000300 2
32 1 0 87 28 0.000303 0
32 1 0 88 30 0.000311 2
32 1 0 89 31 0.000306 0
32 1 0 90 31 0.000310 0
32 1 0 91 32 0.000316 0
32 1 0 92 27 0.000276 2
32 1 0 93 28 0.000292 2
32 1 0 94 31 0.000313 2
32 1 0 95 26 0.000281 2
32 1 0 96 30 0.000314 2
32 1 0 97 29 0.000292 2
32 1 0 98 31 0.000308 2
32 1 0 99 31 0.000316 2
32 2 0 0 31 0.000392 2
32 2 0 1 30 0.000373 2
32 2 0 2 29 0.000385 2
32 2 0 3 31 0.000387 2
32 2 0 4 30 0.000385 2
32 2 0 5 33 0.000396 2
32 2 0 6 31 0.000408 2
32 2 0 7 25 0.000334 2
32 2 0 8 30 0.000402 2
32 2 0 9 33 0.000466 2
32 2 0 10 28 0.000370 2
32 2 0 11 30 0.000416 2
32 2 0 12 31 0.000382 2
32 2 0 13 30 0.000403 2
32 2 0 14 28 0.000390 2
32 2 0 15 31 0.000384 2
32 2 0 16 31 0.000401 2
32 2 0 17 30 0.000403 2
32 2 0 18 31 0.000372 2
32 2 0 19 33 0.000466 2
32 2 0 20 28 0.000384 2
32 2 0 21 32 0.000401 2
32 2 0 22 32 0.000451 2
32 2 0 23 31 0.000399 2
32 2 0 24 33 0.000389 2
32 2 0 25 29 0.000370 2
32 2 0 26 33 0.000410 2
32 2 0 27 27 0.000365 2
32 2 0 28 33 0.000439 2
32 2 0 29 33 0.000453 0
32 2 0 30 30 0.000382 2
32 2 0 31 33 0.000393 2
32 2 0 32 25 0.000373 2
32 2 0 33 28 0.000381 2
32 2 0 34 28 0.000415 2
32 2 0 35 31 0.000381 2
32 2 0 36 33 0.000414 2
32 2 0 37 27 0.000359 2
32 2 0 38 30 0.000386 2
32 2 0 39 24 0.000328 0
32 2 0 40 30 0.000376 0
32 2 0 41 28 0.000383 2
32 2 0 42 31 0.000401 2
32 2 0 43 30 0.000403 2
32 2 0 44 29 0.000392 2
32 2 0 45 33 0.000444 2
32 2 0 46 30 0.000408 2
32 2 0 47 31 0.000381 2
32 2 0 48 27 0.000336 0
32 2 0 49 29 0.000417 2
32 2 0 50 33 0.000421 0
32 2 0 51 28 0.000345 2
32 2 0 52 29 0.000376 2
32 2 0 53 29 0.000388 2
32 2 0 54 25 0.000364 0
32 2 0 55 30 0.000381 0
32 2 0 56 27 0.000395 2
32 2 0 57 30 0.000418 2
32 2 0 58 33 0.000444 2
32 2 0 59 28 0.000359 2
32 2 0 60 31 0.000442 2
32 2 0 61 27 0.000387 2
32 2 0 62 31 0.000388 2
32 2 0 63 29 0.000373 2
32 2 0 64 29 0.000402 2
32 2 0 65 32 0.000417 2
32 2 0 66 30 0.000383 2
32 2 0 67 33 0.000402 2
32 2 0 68 25 0.000345 2
32 2 0 69 29 0.000373 2
32 2 0 70 25 0.000323 2
32 2 0 71 30 0.000402 2
32 2 0 72 33 0.000395 0
32 2 0 73 32 0.000407 2
32 2 0 74 29 0.000385 0
32 2 0 75 28 0.000389 2
32 2 0 76 32 0.000398 2
32 2 0 77 32 0.000419 2
32 2 0 78 28 0.000370 2
32 2 0 79 32 0.000403 0
32 2 0 80 28 0.000378 2
32 2 0 81 32 0.000435 2
32 2 0 82 32 0.000413 2
32 2 0 83 31 0.000366 2
32 2 0 84 31 0.000432 2
32 2 0 85 27 0.000377 2
32 2 0 86 31 0.000394 2
32 2 0 87 29 0.000384 0
32 2 0 88 30 0.000401 2
32 2 0 89 30 0.000373 0
32 2 0 90 31 0.000385 2
32 2 0 91 32 0.000412 2
32 2 0 92 29 0.000374 2
32 2 0 93 29 0.000367 2
32 2 0 94 26 0.000378 2
32 2 0 95 26 0.000353 2
32 2 0 96 32 0.000393 2
32 2 0 97 28 0.000391 2
32 2 0 98 32 0.000420 2
32 2 0 99 32 0.000394 2
32 4 0 0 34 0.000649 2
32 4 0 1 32 0.000584 2
32 4 0 2 31 0.000631 2
32 4 0 3 31 0.000624 2
32 4 0 4 32 0.000621 2
32 4 0 5 32 0.000630 2
32 4 0 6 33 0.000702 2
32 4 0 7 21 0.000377 2
32 4 0 8 26 0.000587 2
32 4 0 9 33 0.000645 2
32 4 0 10 29 0.000593 2
32 4 0 11 32 0.000753 2
32 4 0 12 31 0.000594 2
32 4 0 13 34 0.000696 2
32 4 0 14 30 0.000583 2
32 4 0 15 33 0.000695 2
32 4 0 16 34 0.000735 2
32 4 0 17 30 0.000677 2
32 4 0 18 32 0.000609 2
32 4 0 19 35 0.000875 2
32 4 0 20 30 0.000616 2
32 4 0 21 35 0.000705 2
32 4 0 22 33 0.000784 2
32 4 0 23 33 0.000660 2
32 4 0 24 30 0.000575 2
32 4 0 25 30 0.000545 2
32 4 0 26 35 0.000686 2
32 4 0 27 29 0.000499 2
32 4 0 28 35 0.000789 2
32 4 0 29 33 0.000828 2
32 4 0 30 31 0.000627 2
32 4 0 31 33 0.000671 2
32 4 0 32 28 0.000539 2
32 4 0 33 31 0.000547 2
32 4 0 34 31 0.000721 2
32 4 0 35 32 0.000588 2
32 4 0 36 34 0.000675 2
32 4 0 37 28 0.000550 2
32 4 0 38 33 0.000629 2
32 4 0 39 29 0.000503 2
32 4 0 40 33 0.000587 2
32 4 0 41 31 0.000589 2
32 4 0 42 34 0.000622 2
32 4 0 43 32 0.000650 2
32 4 0 44 31 0.000635 2
32 4 0 45 32 0.000849 2
32 4 0 46 33 0.000713 2
32 4 0 47 29 0.000618 2
32 4 0 48 28 0.000422 2
32 4 0 49 33 0.000728 2
32 4 0 50 32 0.000673 2
32 4 0 51 29 0.000568 2
32 4 0 52 31 0.000575 2
32 4 0 53 33 0.000644 2
32 4 0 54 27 0.000482 2
32 4 0 55 31 0.000546 2
32 4 0 56 31 0.000642 2
32 4 0 57 32 0.000719 2
32 4 0 58 36 0.000775 2
32 4 0 59 29 0.000511 2
32 4 0 60 35 0.000847 2
32 4 0 61 32 0.000660 2
32 4 0 62 33 0.000657 2
32 4 0 63 29 0.000555 2
32 4 0 64 33 0.000687 2
32 4 0 65 34 0.000711 2
32 4 0 66 31 0.000623 2
32 4 0 67 32 0.000650 2
32 4 0 68 25 0.000454 2
32 4 0 69 32 0.000595 2
32 4 0 70 27 0.000489 2
32 4 0 71 32 0.000622 2
32 4 0 72 30 0.000572 2
32 4 0 73 34 0.000757 2
32 4 0 74 32 0.000617 0
32 4 0 75 32 0.000597 2
32 4 0 76 31 0.000651 2
32 4 0 77 35 0.000721 2
32 4 0 78 31 0.000585 2
32 4 0 79 33 0.000616 2
32 4 0 80 28 0.000559 2
32 4 0 81 36 0.000768 2
32 4 0 82 34 0.000688 2
32 4 0 83 29 0.000514 2
32 4 0 84 33 0.000788 2
32 4 0 85 31 0.000609 2
32 4 0 86 29 0.000605 2
32 4 0 87 31 0.000554 2
32 4 0 88 33 0.000598 2
32 4 0 89 32 0.000562 0
32 4 0 90 34 0.000679 2
32 4 0 91 36 0.000764 2
32 4 0 92 31 0.000524 2
32 4 0 93 29 0.000529 2
32 4 0 94 30 0.000616 2
32 4 0 95 23 0.000398 2
32 4 0 96 32 0.000616 2
32 4 0 97 32 0.000636 2
32 4 0 98 35 0.000823 2
32 4 0 99 34 0.000683 2
32 8 0 0 34 0.001377 2
32 8 0 1 34 0.001237 2
32 8 0 2 36 0.001469 2
32 8 0 3 35 0.001349 2
32 8 0 4 33 0.001299 2
32 8 0 5 35 0.001151 2
32 8 0 6 37 0.001586 2
32 8 0 7 26 0.000682 2
32 8 0 8 32 0.001249 2
32 8 0 9 36 0.001314 2
32 8 0 10 33 0.001372 2
32 8 0 11 38 0.001960 2
32 8 0 12 32 0.001165 2
32 8 0 13 37 0.001627 2
32 8 0 14 31 0.001181 2
32 8 0 15 37 0.001646 2
32 8 0 16 38 0.001866 2
32 8 0 17 36 0.001663 2
32 8 0 18 37 0.001333 2
32 8 0 19 41 0.002297 2
32 8 0 20 37 0.001514 2
32 8 0 21 36 0.001474 2
32 8 0 22 37 0.001948 2
32 8 0 23 37 0.001399 2
32 8 0 24 35 0.001188 2
32 8 0 25 31 0.001083 2
32 8 0 26 37 0.001509 2
32 8 0 27 30 0.000867 2
32 8 0 28 40 0.001881 2
32 8 0 29 40 0.002162 2
32 8 0 30 34 0.001272 2
32 8 0 31 39 0.001439 2
32 8 0 32 28 0.000896 2
32 8 0 33 32 0.001017 2
32 8 0 34 37 0.001776 2
32 8 0 35 34 0.001162 2
32 8 0 36 40 0.001553 2
32 8 0 37 35 0.001140 2
32 8 0 38 39 0.001454 2
32 8 0 39 26 0.000756 2
32 8 0 40 36 0.001218 2
32 8 0 41 34 0.001283 2
32 8 0 42 35 0.001321 2
32 8 0 43 36 0.001368 2
32 8 0 44 31 0.001188 2
32 8 0 45 38 0.002028 2
32 8 0 46 36 0.001659 2
32 8 0 47 32 0.001278 2
32 8 0 48 26 0.000637 2
32 8 0 49 36 0.001656 2
32 8 0 50 38 0.001552 2
32 8 0 51 31 0.001125 2
32 8 0 52 32 0.001123 2
32 8 0 53 33 0.001211 2
32 8 0 54 32 0.001094 2
32 8 0 55 31 0.000775 2
32 8 0 56 35 0.001507 2
32 8 0 57 38 0.001906 2
32 8 0 58 39 0.001816 2
32 8 0 59 31 0.001006 2
32 8 0 60 38 0.002010 2
32 8 0 61 35 0.001427 2
32 8 0 62 37 0.001439 2
32 8 0 63 31 0.001055 2
32 8 0 64 36 0.001514 2
32 8 0 65 37 0.001439 2
32 8 0 66 32 0.001213 2
32 8 0 67 35 0.001366 2
32 8 0 68 27 0.000812 2
32 8 0 69 32 0.001121 2
32 8 0 70 28 0.000893 2
32 8 0 71 35 0.001377 2
32 8 0 72 33 0.001100 2
32 8 0 73 38 0.001817 2
32 8 0 74 34 0.001297 2
32 8 0 75 33 0.001145 2
32 8 0 76 35 0.001638 2
32 8 0 77 38 0.001521 2
32 8 0 78 34 0.001141 2
32 8 0 79 36 0.001358 2
32 8 0 80 31 0.001050 2
32 8 0 81 36 0.001603 2
32 8 0 82 36 0.001536 2
32 8 0 83 30 0.000944 2
32 8 0 84 37 0.002020 2
32 8 0 85 33 0.001327 2
32 8 0 86 33 0.001190 2
32 8 0 87 34 0.001080 2
32 8 0 88 31 0.001042 2
32 8 0 89 33 0.001165 2
32 8 0 90 36 0.001475 2
32 8 0 91 39 0.001779 2
32 8 0 92 27 0.000858 2
32 8 0 93 32 0.001010 2
32 8 0 94 35 0.001373 2
32 8 0 95 27 0.000730 2
32 8 0 96 36 0.001484 2
32 8 0 97 34 0.001329 2
32 8 0 98 38 0.002101 2
32 8 0 99 37 0.001537 2
