4 1 - 0 - 0.02265058366659408 0.02097923434727515 0 1 0
4 1 - 1 - 0.025597332666317623 0.027463707005760323 1 0 1
4 1 - 2 - 0.025610213982872665 0.026497830636799335 1 0 1
4 1 - 3 - 0.0257498916471377 0.027898060701166592 1 0 1
4 1 - 4 - 0.023395994348296274 0.024900228328381974 1 0 1
4 1 - 5 - 0.02768433499538029 0.02878017366553346 1 0 1
4 1 - 6 - 0.025880697978815686 0.02478981768945232 0 0 2
4 1 - 7 - 0.02544094400946051 0.026490092995421342 1 0 1
4 1 - 8 - 0.024989761334533494 0.025394863662465166 1 0 1
4 1 - 9 - 0.02849410433555022 0.024866067008891452 0 1 0
4 1 - 10 - 0.02723146534602468 0.028612522350158542 1 0 1
4 1 - 11 - 0.022948786655130487 0.023437841329723597 0 1 0
4 1 - 12 - 0.028735141017629456 0.029571004658161353 1 0 1
4 1 - 13 - 0.02746860667442282 0.02779116768700381 1 0 1
4 1 - 14 - 0.02652984067875271 0.027591581320545323 1 0 1
4 1 - 15 - 0.027281453328517575 0.02444279232683281 0 1 0
4 1 - 16 - 0.0295933973393403 0.026702804025262594 0 1 0
4 1 - 17 - 0.02174174601289754 0.02338408901899432 1 0 1
4 1 - 18 - 0.023701789672486484 0.025970262669337295 1 0 1
4 1 - 19 - 0.025952837662771344 0.026090466669605423 1 0 1
4 1 - 20 - 0.02485205568761254 0.02560934230374793 0 1 0
4 1 - 21 - 0.02326099200096602 0.024760791022951402 1 0 1
4 1 - 22 - 0.028883176991560806 0.026415789984942723 0 1 0
4 1 - 23 - 0.029322566018284608 0.024642502306960523 0 1 0
4 1 - 24 - 0.027153324005970113 0.024587742654451482 0 1 0
4 1 - 25 - 0.028373071341775358 0.026406408695038408 0 1 0
4 1 - 26 - 0.027219919992300372 0.028117083362303674 1 0 1
4 1 - 27 - 0.029231986321974546 0.026106743956916034 0 1 0
4 1 - 28 - 0.027355624324021242 0.027590674328772973 1 0 1
4 1 - 29 - 0.029485704008645065 0.026365125027950853 0 1 0
4 1 - 30 - 0.02739286230644211 0.028214878984726965 1 0 1
4 1 - 31 - 0.02987555633687104 0.029108618657725554 0 0 2
4 1 - 32 - 0.02976032767522459 0.02639824964959795 0 1 0
4 1 - 33 - 0.02764337401216229 0.027594982006121427 1 0 1
4 1 - 34 - 0.027442503662314266 0.0281591357003587 1 0 1
4 1 - 35 - 0.0246532999832804 0.024850179363663 1 0 1
4 1 - 36 - 0.028915755334310234 0.029532989972115804 1 0 1
4 1 - 37 - 0.027186695001243304 0.02470175634759168 0 1 0
4 1 - 38 - 0.027879147693359602 0.025206979325351615 0 1 0
4 1 - 39 - 0.022014458333918203 0.02219579267936448 1 0 1
4 1 - 40 - 0.031884785004270576 0.030729812996772427 0 1 0
4 1 - 41 - 0.023113360997134198 0.022790874005295336 0 1 0
4 1 - 42 - 0.028281056322157383 0.0279966796709535 0 1 0
4 1 - 43 - 0.025213910674210638 0.023946405310804646 0 1 0
4 1 - 44 - 0.027989923003284883 0.026612077354608726 0 0 2
4 1 - 45 - 0.028982475691009313 0.026599280322746683 0 1 0
4 1 - 46 - 0.028745041675089546 0.024691729010858882 0 1 0
4 1 - 47 - 0.023664026986807585 0.024836130323819816 1 0 1
4 1 - 48 - 0.025405138013108324 0.026619906343209248 1 0 1
4 1 - 49 - 0.031210590328555554 0.03159896864478166 1 0 1
4 1 - 50 - 0.023426017995613318 0.025189633617022384 1 0 1
4 1 - 51 - 0.024486099001175415 0.025565490980322163 1 0 1
4 1 - 52 - 0.02268568434131642 0.02100011504565676 0 1 0
4 1 - 53 - 0.02976023665784548 0.02745530001508693 0 1 0
4 1 - 54 - 0.023510428688799344 0.023946466351238392 1 0 1
4 1 - 55 - 0.023604887324230123 0.02458895929157734 1 0 1
4 1 - 56 - 0.02825418267942344 0.02634072598690788 0 1 0
4 1 - 57 - 0.023477557018244017 0.02465066302102059 1 0 1
4 1 - 58 - 0.03127347701229155 0.02834433068831762 0 1 0
4 1 - 59 - 0.02852322132093832 0.02618906134739518 0 1 0
4 1 - 60 - 0.024912346329074353 0.02540819364367053 1 0 1
4 1 - 61 - 0.027472225347689044 0.027369268354959786 1 0 1
4 1 - 62 - 0.021766593990226586 0.022385611024219543 1 0 1
4 1 - 63 - 0.02513797734476005 0.025694345337493967 1 0 1
4 1 - 64 - 0.023410621700653184 0.025308064359705895 1 0 1
4 1 - 65 - 0.02537463135862102 0.023170121285753943 0 1 0
4 1 - 66 - 0.029460780341954283 0.03025977001137411 1 0 1
4 1 - 67 - 0.024364294678283233 0.02447496267268434 1 0 1
4 1 - 68 - 0.023386977321933955 0.02489393334447717 1 0 1
4 1 - 69 - 0.031287382977704205 0.030980697735988848 0 0 2
4 1 - 70 - 0.030547843663953245 0.026260055000117667 0 1 0
4 1 - 71 - 0.027264505333732814 0.02871219567411269 1 0 1
4 1 - 72 - 0.02595624401389311 0.025186579984923206 0 0 2
4 1 - 73 - 0.023656704676492762 0.02429741166997701 1 0 1
4 1 - 74 - 0.025415618011417486 0.02713337398987884 1 0 1
4 1 - 75 - 0.02586300865126153 0.022651729348581284 0 1 0
4 1 - 76 - 0.027181279651510216 0.028270682669244707 1 0 1
4 1 - 77 - 0.028533085986661415 0.02888309567545851 1 0 1
4 1 - 78 - 0.026022446652253468 0.022758701001293957 0 1 0
4 1 - 79 - 0.028421727668804426 0.029287936670395233 0 1 0
4 1 - 80 - 0.027235699681720384 0.02824619336752221 1 0 1
4 1 - 81 - 0.026031415327452123 0.02687243465334177 1 0 1
4 1 - 82 - 0.025223176344297826 0.022716457315254956 0 1 0
4 1 - 83 - 0.025335218679780763 0.027250712640428294 1 0 1
4 1 - 84 - 0.022420656324053805 0.023576822636338573 1 0 1
4 1 - 85 - 0.027958216688906152 0.027206877304706722 0 1 0
4 1 - 86 - 0.030529898998793215 0.02834595466265455 0 1 0
4 1 - 87 - 0.026561967000210036 0.026197270994695526 0 1 0
4 1 - 88 - 0.026553527005792905 0.024612545346220333 0 1 0
4 1 - 89 - 0.026401818341886003 0.02546185800262416 0 1 0
4 1 - 90 - 0.028596644347999245 0.026141756039578468 0 1 0
4 1 - 91 - 0.029286302684340626 0.02980114632130911 0 1 0
4 1 - 92 - 0.027645699679851532 0.02892275531000147 0 1 0
4 1 - 93 - 0.027232040670545153 0.02629848971264437 1 0 1
4 1 - 94 - 0.023702369013335556 0.02405129869778951 1 0 1
4 1 - 95 - 0.025479763998494793 0.02634265597832079 1 0 1
4 1 - 96 - 0.027179771976079792 0.027732948365155607 1 0 1
4 1 - 97 - 0.024241829989477992 0.025143503638294835 1 0 1
4 1 - 98 - 0.024847326994252704 0.027153359648461144 0 1 0
4 1 - 99 - 0.027583912364207208 0.026882939680945128 0 1 0
4 2 - 0 - 0.03211981100806346 0.027717227989342064 0 1 0
4 2 - 1 - 0.03270050697028637 0.03341623397621636 1 0 1
4 2 - 2 - 0.03207576635759324 0.03421940801975628 1 0 1
4 2 - 3 - 0.030064880673307925 0.03481557235742609 1 0 1
4 2 - 4 - 0.028458403636856627 0.03477675731604298 1 0 1
4 2 - 5 - 0.03300540801137686 0.034414988612600915 1 0 1
4 2 - 6 - 0.03498102266651889 0.032467148324940354 0 0 2
4 2 - 7 - 0.030176941674047462 0.03519130063553651 1 0 1
4 2 - 8 - 0.03180894267279655 0.034125833034825824 1 0 1
4 2 - 9 - 0.03488088267234465 0.031902656696426376 0 1 0
4 2 - 10 - 0.03194846697927763 0.036582229290312775 1 0 1
4 2 - 11 - 0.031237431995881103 0.03810387768317014 0 1 0
4 2 - 12 - 0.0350829583282272 0.03486314900995542 1 0 1
4 2 - 13 - 0.034023146998758115 0.0341619309814026 1 0 1
4 2 - 14 - 0.031193941986809175 0.03342846468634283 1 0 1
4 2 - 15 - 0.03477839000212649 0.029847725682581466 0 1 0
4 2 - 16 - 0.03689360531279817 0.03216923734483619 0 1 0
4 2 - 17 - 0.026459918648470193 0.030922460350363206 1 0 1
4 2 - 18 - 0.028753443679306656 0.03319449231882269 1 0 1
4 2 - 19 - 0.030546253682890285 0.03522890596650541 1 0 1
4 2 - 20 - 0.03238919532547394 0.0413570876698941 0 1 0
4 2 - 21 - 0.03209718898870051 0.031017052358947694 1 0 1
4 2 - 22 - 0.036271536645169064 0.03139157866826281 0 1 0
4 2 - 23 - 0.03666819467131669 0.031012329971417785 0 1 0
4 2 - 24 - 0.03445278098418688 0.03124656134362643 0 1 0
4 2 - 25 - 0.037093757962187134 0.034080129310799144 0 1 0
4 2 - 26 - 0.032954124986038856 0.03661640302743763 1 0 1
4 2 - 27 - 0.03734874566240857 0.03270876401802525 0 1 0
4 2 - 28 - 0.03372249069313209 0.03631743361862998 1 0 1
4 2 - 29 - 0.038145265309140086 0.034033696982078254 0 1 0
4 2 - 30 - 0.03267976401063303 0.03362530033336952 1 0 1
4 2 - 31 - 0.03917102100482832 0.0376583436736837 0 0 2
4 2 - 32 - 0.0366416236696144 0.03241865668678656 0 1 0
4 2 - 33 - 0.03703082469291985 0.035463845008052886 0 0 2
4 2 - 34 - 0.03248977199352036 0.03698913632736852 1 0 1
4 2 - 35 - 0.028153264021966606 0.03288478299509734 1 0 1
4 2 - 36 - 0.034814006668360285 0.03750700131058693 1 0 1
4 2 - 37 - 0.03477968933293596 0.03092413234602039 0 1 0
4 2 - 38 - 0.036048282675134644 0.030185352642244347 0 1 0
4 2 - 39 - 0.026162833014192678 0.029461971658747643 1 0 1
4 2 - 40 - 0.03827454169125606 0.04027313197730109 0 0 2
4 2 - 41 - 0.030993812989133097 0.03658179835959648 0 1 0
4 2 - 42 - 0.03513053967617452 0.04021558402261386 0 1 0
4 2 - 43 - 0.03362495133963724 0.02803245602020373 0 1 0
4 2 - 44 - 0.03559475733588139 0.03502367698820308 0 0 2
4 2 - 45 - 0.035970875003840774 0.031695921303859606 0 1 0
4 2 - 46 - 0.0338950510097978 0.031017782360625766 0 1 0
4 2 - 47 - 0.028638138008924823 0.03278455799833561 1 0 1
4 2 - 48 - 0.032100581331178546 0.0347816963136817 1 0 1
4 2 - 49 - 0.03555187767293925 0.03732691934177031 1 0 1
4 2 - 50 - 0.028582804661709815 0.035497581683254495 1 0 1
4 2 - 51 - 0.02821470267372206 0.03388244435579205 1 0 1
4 2 - 52 - 0.0297281316597946 0.02592820767313242 0 1 0
4 2 - 53 - 0.03559842998705184 0.03156331666590025 0 1 0
4 2 - 54 - 0.03295220232879122 0.031361164059489965 1 0 1
4 2 - 55 - 0.02862754830857739 0.034531750658061355 1 0 1
4 2 - 56 - 0.036459841998293996 0.03202585033917179 0 1 0
4 2 - 57 - 0.028753124022235472 0.03287962164419393 1 0 1
4 2 - 58 - 0.03985558232913415 0.0346335963307259 0 1 0
4 2 - 59 - 0.037589240683397904 0.03347476265237977 0 1 0
4 2 - 60 - 0.02835387065230558 0.0337817866820842 1 0 1
4 2 - 61 - 0.036455449337760605 0.03588420734740794 0 0 2
4 2 - 62 - 0.02662536466959864 0.03104992271012937 1 0 1
4 2 - 63 - 0.03283149265917018 0.03377529499509061 1 0 1
4 2 - 64 - 0.028068828008448083 0.03396711265668273 1 0 1
4 2 - 65 - 0.031391535672203943 0.028157820672883343 0 1 0
4 2 - 66 - 0.03479415399488062 0.037426993309054524 1 0 1
4 2 - 67 - 0.02858551599395772 0.034362687302442886 1 0 1
4 2 - 68 - 0.02864247366475562 0.03680589469149709 1 0 1
4 2 - 69 - 0.0394123393149736 0.03913848699691395 0 0 2
4 2 - 70 - 0.0375278730255862 0.03229104900189365 0 1 0
4 2 - 71 - 0.031986322331552706 0.034488898663160704 1 0 1
4 2 - 72 - 0.03531278332229704 0.033386862002468355 0 0 2
4 2 - 73 - 0.028678268679262448 0.033306910656392574 1 0 1
4 2 - 74 - 0.030634130642283708 0.034354180679656565 1 0 1
4 2 - 75 - 0.03350991633487865 0.027677328306405496 0 1 0
4 2 - 76 - 0.032606520981062204 0.03478011236681292 1 0 1
4 2 - 77 - 0.03236158634535968 0.034052032996745155 1 0 1
4 2 - 78 - 0.033650308672804385 0.02757820065986986 0 1 0
4 2 - 79 - 0.037814355009080224 0.03994011366739869 0 0 2
4 2 - 80 - 0.03261566299867506 0.03637045301729813 1 0 1
4 2 - 81 - 0.0303103406719553 0.0337294060154818 1 0 1
4 2 - 82 - 0.034212067315820605 0.028754545336899657 0 1 0
4 2 - 83 - 0.030901001999154687 0.03447237899915005 1 0 1
4 2 - 84 - 0.026558427314739674 0.032271247667570904 1 0 1
4 2 - 85 - 0.03688544865387181 0.03580079798121005 0 0 2
4 2 - 86 - 0.0410268956523699 0.03562277363380417 0 1 0
4 2 - 87 - 0.034242061005594834 0.0394231213334327 0 1 0
4 2 - 88 - 0.03482190434200068 0.03108379498977835 0 1 0
4 2 - 89 - 0.03578382602427155 0.03434316598577425 0 0 2
4 2 - 90 - 0.037858208001125604 0.0332607093344753 0 1 0
4 2 - 91 - 0.04046688166757425 0.03825206633579607 0 0 2
4 2 - 92 - 0.034851812660538904 0.03737718800160413 0 0 2
4 2 - 93 - 0.029891565985356767 0.034296091025074325 1 0 1
4 2 - 94 - 0.028552886312051367 0.03303684234075869 1 0 1
4 2 - 95 - 0.03096958730990688 0.03534926864085719 1 0 1
4 2 - 96 - 0.033908252992356815 0.033833661989774555 1 0 1
4 2 - 97 - 0.028357059326178085 0.03174408769700676 1 0 1
4 2 - 98 - 0.0313304770194615 0.04198551730951294 0 1 0
4 2 - 99 - 0.03540689866834631 0.035735817335080355 0 0 2
4 4 - 0 - 0.039437864014568426 0.03500995534704998 0 1 0
4 4 - 1 - 0.04153076834821452 0.04414738400373608 1 0 1
4 4 - 2 - 0.04072657966753468 0.04421608365373686 1 0 1
4 4 - 3 - 0.03858492634026334 0.04513592934623981 1 0 1
4 4 - 4 - 0.0365445510057422 0.04166879297311728 1 0 1
4 4 - 5 - 0.0398411580050985 0.0469199976650998 1 0 1
4 4 - 6 - 0.0433818386712422 0.04288758801218743 0 0 2
4 4 - 7 - 0.03916992301431795 0.042080829676706344 1 0 1
4 4 - 8 - 0.037714530694453664 0.04364968931380038 1 0 1
4 4 - 9 - 0.044680359676325075 0.038515849019556 0 1 0
4 4 - 10 - 0.039783906987092145 0.045222681015729904 1 0 1
4 4 - 11 - 0.04006778902839869 0.04769462632248178 0 1 0
4 4 - 12 - 0.04195453263431167 0.04783427034271881 1 0 1
4 4 - 13 - 0.04026827266595016 0.046269510639831424 1 0 1
4 4 - 14 - 0.039566589655199394 0.046277684334199876 1 0 1
4 4 - 15 - 0.0447001873399131 0.040873102979579315 0 1 0
4 4 - 16 - 0.04623906733468175 0.04028131735200683 0 1 0
4 4 - 17 - 0.03441046634300922 0.038581433337337025 1 0 1
4 4 - 18 - 0.036735701316501945 0.04333397431764752 1 0 1
4 4 - 19 - 0.03959945397218689 0.042738808648816 1 0 1
4 4 - 20 - 0.04215548201076066 0.04934091866016388 0 1 0
4 4 - 21 - 0.03986211831215769 0.03979155665729195 1 0 1
4 4 - 22 - 0.045955533685628325 0.04161771334474906 0 1 0
4 4 - 23 - 0.04313816533734401 0.040975521997703865 0 1 0
4 4 - 24 - 0.043673299660440534 0.04131389500495668 0 1 0
4 4 - 25 - 0.04679384497770419 0.039713404354794576 0 1 0
4 4 - 26 - 0.04015500599052757 0.04381064533178384 1 0 1
4 4 - 27 - 0.0463823606648172 0.04349373702037459 0 1 0
4 4 - 28 - 0.04065953897467504 0.04424141033086926 1 0 1
4 4 - 29 - 0.04622061932847525 0.04282711731502786 0 1 0
4 4 - 30 - 0.040873080026358366 0.0454902159787404 1 0 1
4 4 - 31 - 0.04644285165704787 0.0455412200341622 0 0 2
4 4 - 32 - 0.04679630332005521 0.04003911834054937 0 1 0
4 4 - 33 - 0.04438606432328621 0.04357968100036184 0 0 2
4 4 - 34 - 0.0396282856624263 0.043579583657750234 1 0 1
4 4 - 35 - 0.03642828797455877 0.042538928682915866 1 0 1
4 4 - 36 - 0.04305018267283837 0.04887393466196954 1 0 1
4 4 - 37 - 0.04427844099700451 0.04142168234102428 0 1 0
4 4 - 38 - 0.04268387864188602 0.041942071014394365 0 1 0
4 4 - 39 - 0.03427864632491643 0.03903904132312164 1 0 1
4 4 - 40 - 0.04822994000278413 0.051563232011782624 0 0 2
4 4 - 41 - 0.03912502967674906 0.04542218333032603 0 1 0
4 4 - 42 - 0.04434149733666951 0.0494843926668788 0 0 2
4 4 - 43 - 0.043450141655436404 0.03783609399882456 0 1 0
4 4 - 44 - 0.04414788864475364 0.04305274231592193 0 0 2
4 4 - 45 - 0.0464323889852191 0.04267026233719662 0 1 0
4 4 - 46 - 0.04493334097787738 0.03955070067119475 0 1 0
4 4 - 47 - 0.036488680654050164 0.04188141129755726 1 0 1
4 4 - 48 - 0.04150729234485577 0.044840959327605866 1 0 1
4 4 - 49 - 0.04339741898002103 0.04849498367790754 1 0 1
4 4 - 50 - 0.03643415934251001 0.042157629989863686 1 0 1
4 4 - 51 - 0.03595173966217165 0.04129072433958451 1 0 1
4 4 - 52 - 0.038776687307593725 0.03749104466987774 0 1 0
4 4 - 53 - 0.04632537835277617 0.04229844768997282 0 1 0
4 4 - 54 - 0.04220128565793857 0.03972429000229265 1 0 1
4 4 - 55 - 0.037389483341636755 0.04213989867518345 1 0 1
4 4 - 56 - 0.04542836700178062 0.04124891965572412 0 1 0
4 4 - 57 - 0.03571248430913935 0.041591345643003784 1 0 1
4 4 - 58 - 0.04787355300504714 0.043193833980088435 0 1 0
4 4 - 59 - 0.045912585667489715 0.04261715964336569 0 1 0
4 4 - 60 - 0.03553826899345343 0.04117838031379506 1 0 1
4 4 - 61 - 0.044716185327464096 0.044029923660370215 0 0 2
4 4 - 62 - 0.034242622360276684 0.03974077468349909 1 0 1
4 4 - 63 - 0.04231136168042819 0.04355165633993845 1 0 1
4 4 - 64 - 0.03780834000402441 0.04279419432471817 1 0 1
4 4 - 65 - 0.04101996897952631 0.03555931703886017 0 1 0
4 4 - 66 - 0.04213726499195521 0.04801524199622994 1 0 1
4 4 - 67 - 0.03630214130195479 0.04226217931136489 1 0 1
4 4 - 68 - 0.03672427264973521 0.04231722903205082 1 0 1
4 4 - 69 - 0.048122966662049294 0.048699708034594856 0 0 2
4 4 - 70 - 0.04637779532155643 0.04204822667331124 0 1 0
4 4 - 71 - 0.03974890033714473 0.04647626366931945 1 0 1
4 4 - 72 - 0.045207962354955576 0.044411378990237914 0 0 2
4 4 - 73 - 0.03636358798636744 0.04284974666855609 1 0 1
4 4 - 74 - 0.03770298867796858 0.04284336095831046 1 0 1
4 4 - 75 - 0.04152442501314606 0.036854358351168535 0 1 0
4 4 - 76 - 0.04118838669576992 0.04626203035392488 1 0 1
4 4 - 77 - 0.04045674032143628 0.047287476675895355 1 0 1
4 4 - 78 - 0.0407266110026588 0.03986811131471768 0 1 0
4 4 - 79 - 0.04723708201587821 0.04861860031572481 0 0 2
4 4 - 80 - 0.03977159798766176 0.045389787992462516 1 0 1
4 4 - 81 - 0.03824117098702118 0.04519525667031606 1 0 1
4 4 - 82 - 0.04392913664923981 0.04112559399800375 0 1 0
4 4 - 83 - 0.03775910699429611 0.04381561296759173 1 0 1
4 4 - 84 - 0.03392387598675365 0.03799832734512165 1 0 1
4 4 - 85 - 0.04477509334295367 0.0445294106611982 0 0 2
4 4 - 86 - 0.04726888966979459 0.04368007266505932 0 1 0
4 4 - 87 - 0.04405356631226217 0.04992974902658413 0 1 0
4 4 - 88 - 0.045133829330249384 0.039123629355647914 0 1 0
4 4 - 89 - 0.04301292132974292 0.04508045197386916 0 0 2
4 4 - 90 - 0.04729969033117717 0.042620204641328506 0 1 0
4 4 - 91 - 0.04576210968662053 0.04683057764001811 0 0 2
4 4 - 92 - 0.04525084966250385 0.04945515134992699 0 0 2
4 4 - 93 - 0.038484560345144324 0.04190877599952122 1 0 1
4 4 - 94 - 0.03686171067723383 0.04291205569946517 1 0 1
4 4 - 95 - 0.038043381025393806 0.04211850334346915 1 0 1
4 4 - 96 - 0.04187245796977853 0.045055302015195295 1 0 1
4 4 - 97 - 0.035689828994994365 0.039164786653903626 1 0 1
4 4 - 98 - 0.04340595367830247 0.05042045699277272 0 1 0
4 4 - 99 - 0.04403833233906577 0.04447957529919222 0 0 2
8 1 - 0 - 0.07326546365705629 0.08148272463586181 1 0 1
8 1 - 1 - 0.07646638669151191 0.08653582803284128 1 0 1
8 1 - 2 - 0.10152908302067469 0.08124749833950773 0 1 0
8 1 - 3 - 0.07804326033995798 0.10309015233845761 1 0 1
8 1 - 4 - 0.06761845765868202 0.08502692094771191 1 0 1
8 1 - 5 - 0.06416117366946612 0.07648899833050866 1 0 1
8 1 - 6 - 0.10563781232728313 0.10617319832090288 0 1 0
8 1 - 7 - 0.08982416098782171 0.09762918731818596 0 0 2
8 1 - 8 - 0.06747478999507923 0.08525004666686678 1 0 1
8 1 - 9 - 0.09124998170106362 0.08451379098308584 0 1 0
8 1 - 10 - 0.09132335168154289 0.0779978916592275 0 1 0
8 1 - 11 - 0.06981676898431033 0.09093409332369144 1 0 1
8 1 - 12 - 0.08124000831351925 0.09444599100000535 1 0 1
8 1 - 13 - 0.10856622800929472 0.0886353503447026 0 1 0
8 1 - 14 - 0.07773021965598066 0.09527540300041437 1 0 1
8 1 - 15 - 0.08064867266997075 0.09344145166687667 1 0 1
8 1 - 16 - 0.0911946119934631 0.09205868368735537 0 0 2
8 1 - 17 - 0.08151715598069131 0.09658681999038284 1 0 1
8 1 - 18 - 0.08513366535771638 0.07718496536836028 0 1 0
8 1 - 19 - 0.07005411200225353 0.08666005032137036 1 0 1
8 1 - 20 - 0.08018021202102925 0.09876404667738825 1 0 1
8 1 - 21 - 0.07161449365473042 0.08464600865651543 1 0 1
8 1 - 22 - 0.09926425269804895 0.08168379335741822 0 1 0
8 1 - 23 - 0.08086473364771034 0.09852095466339961 1 0 1
8 1 - 24 - 0.06997815300322448 0.09044011800627534 1 0 1
8 1 - 25 - 0.09880046433924387 0.08070675900671631 0 1 0
8 1 - 26 - 0.09796367267457147 0.08213484733520696 0 1 0
8 1 - 27 - 0.082651115313638 0.09483259132442375 1 0 1
8 1 - 28 - 0.08115986864625786 0.09529433199592555 1 0 1
8 1 - 29 - 0.07686689530964941 0.09248678133978198 1 0 1
8 1 - 30 - 0.1032893230052044 0.08389712666394189 0 1 0
8 1 - 31 - 0.08376994798891246 0.09809609533598027 1 0 1
8 1 - 32 - 0.0704039170135123 0.08895954701195781 1 0 1
8 1 - 33 - 0.07340828098434335 0.08975391070513676 1 0 1
8 1 - 34 - 0.0783398926917774 0.09256831665212908 1 0 1
8 1 - 35 - 0.0772998586568671 0.08452078930956002 1 0 1
8 1 - 36 - 0.08228105999296531 0.10027735631835337 1 0 1
8 1 - 37 - 0.07438733100813504 0.09761041266998897 1 0 1
8 1 - 38 - 0.08223012266292548 0.09601922699948773 1 0 1
8 1 - 39 - 0.11030199700811257 0.08856308632918322 0 1 0
8 1 - 40 - 0.08471092300411935 0.07028897001873702 0 1 0
8 1 - 41 - 0.07761474264164765 0.06713039965446417 0 1 0
8 1 - 42 - 0.080773567664437 0.07349809065150718 0 1 0
8 1 - 43 - 0.09980155267597488 0.1075898042957609 1 0 1
8 1 - 44 - 0.07776062768728784 0.09241316669310133 1 0 1
8 1 - 45 - 0.07333298700784023 0.09292653565838312 1 0 1
8 1 - 46 - 0.10755108434629317 0.0923990899658141 0 1 0
8 1 - 47 - 0.08917291999872153 0.0930521406698972 0 1 0
8 1 - 48 - 0.07376293898172055 0.087235787010286 1 0 1
8 1 - 49 - 0.08867254467137778 0.07491492367504785 0 1 0
8 1 - 50 - 0.10407320935822403 0.11232272230942424 1 0 1
8 1 - 51 - 0.08359927166020498 0.09749845500725011 1 0 1
8 1 - 52 - 0.0928991370019503 0.10601462802151218 1 0 1
8 1 - 53 - 0.09793293666249762 0.08403343932392697 0 1 0
8 1 - 54 - 0.07360691468541822 0.09138197168552628 1 0 1
8 1 - 55 - 0.08192599366884679 0.09258407237939537 1 0 1
8 1 - 56 - 0.07576435899439579 0.09227517835097387 1 0 1
8 1 - 57 - 0.08403721599218746 0.09769974699399123 1 0 1
8 1 - 58 - 0.09893573834172761 0.08468563268737248 0 1 0
8 1 - 59 - 0.08096655865665525 0.09619393467437476 1 0 1
8 1 - 60 - 0.11019452032633126 0.11267497834827131 0 1 0
8 1 - 61 - 0.09286632532409082 0.08049668433765571 0 1 0
8 1 - 62 - 0.08895832300186157 0.07555351868116607 0 1 0
8 1 - 63 - 0.07783990564833705 0.08926950965542346 1 0 1
8 1 - 64 - 0.08841080398997292 0.10029057933328052 1 0 1
8 1 - 65 - 0.08144569967407733 0.09466883538213247 1 0 1
8 1 - 66 - 0.09446370031218976 0.09467037870005394 0 1 0
8 1 - 67 - 0.09764619633400191 0.08839196397457272 0 1 0
8 1 - 68 - 0.08153855934506282 0.0969514856309009 1 0 1
8 1 - 69 - 0.10199668499020238 0.10781128667683029 0 0 2
8 1 - 70 - 0.09704967200135191 0.07726599999781077 0 1 0
8 1 - 71 - 0.09564902332688993 0.08178335063469908 0 1 0
8 1 - 72 - 0.08075777932147805 0.09017190663143992 1 0 1
8 1 - 73 - 0.09998002665815875 0.08381692133843899 0 1 0
8 1 - 74 - 0.08591388598627721 0.07079607331737255 0 1 0
8 1 - 75 - 0.08983080131777872 0.07733872761794676 0 1 0
8 1 - 76 - 0.0875472043408081 0.10289162597230947 1 0 1
8 1 - 77 - 0.0840779619757086 0.10118655600429823 1 0 1
8 1 - 78 - 0.08655948898134132 0.0730062960453021 0 1 0
8 1 - 79 - 0.06317345365338649 0.06873992434702814 1 0 1
8 1 - 80 - 0.11519443833579619 0.11355831334367394 0 0 2
8 1 - 81 - 0.07757082998674984 0.08898875099839643 1 0 1
8 1 - 82 - 0.06974236735065156 0.08021519633863741 1 0 1
8 1 - 83 - 0.08696572370051096 0.07376900400655965 0 1 0
8 1 - 84 - 0.07383324968395755 0.08816251798998564 1 0 1
8 1 - 85 - 0.09841870999662206 0.10311193766150004 0 0 2
8 1 - 86 - 0.08988456065223241 0.07657735530907908 0 1 0
8 1 - 87 - 0.08548645799358687 0.07319528463995084 0 1 0
8 1 - 88 - 0.07726768798117216 0.09132982002726446 1 0 1
8 1 - 89 - 0.09887613800431912 0.10711992999616389 0 1 0
8 1 - 90 - 0.08498319999004404 0.10003405667763825 1 0 1
8 1 - 91 - 0.08938610732244949 0.07418973499443382 0 1 0
8 1 - 92 - 0.1004753983579576 0.10649843933060765 0 0 2
8 1 - 93 - 0.06831799998568991 0.07817894967350487 1 0 1
8 1 - 94 - 0.10112810369658594 0.08472257868076363 0 1 0
8 1 - 95 - 0.08539213302234808 0.10159501367403814 1 0 1
8 1 - 96 - 0.07128360002146412 0.08422223765713473 1 0 1
8 1 - 97 - 0.07724031965093067 0.08976555664169913 1 0 1
8 1 - 98 - 0.08458848132674272 0.09374954068334773 1 0 1
8 1 - 99 - 0.0779249370098114 0.0958289373277997 1 0 1
8 2 - 0 - 0.08263357065152377 0.11630128733425713 1 0 1
8 2 - 1 - 0.08538707299157977 0.11747804903037225 1 0 1
8 2 - 2 - 0.13233750398891667 0.09612844199485455 0 1 0
8 2 - 3 - 0.09358554634187992 0.11614752198026206 1 0 1
8 2 - 4 - 0.07891858600002402 0.11365442798705772 1 0 1
8 2 - 5 - 0.07269257834802072 0.10498749965336174 1 0 1
8 2 - 6 - 0.1394446276826784 0.13432469531350458 0 0 2
8 2 - 7 - 0.11531150098502015 0.12269533002593865 0 0 2
8 2 - 8 - 0.07689495099475607 0.11134641902754083 1 0 1
8 2 - 9 - 0.11634260101709515 0.1431750786335518 0 1 0
8 2 - 10 - 0.12292091400983433 0.0927290033432655 0 1 0
8 2 - 11 - 0.07968221335128571 0.11473074766884869 1 0 1
8 2 - 12 - 0.09934233066936334 0.12769145801818618 1 0 1
8 2 - 13 - 0.12316166632808745 0.10848125070333481 0 1 0
8 2 - 14 - 0.09304016599586853 0.11786835134262219 1 0 1
8 2 - 15 - 0.09430740434133136 0.1333701409942781 1 0 1
8 2 - 16 - 0.12743002832091102 0.11601862934185192 0 0 2
8 2 - 17 - 0.08970921632135287 0.1160826050133134 1 0 1
8 2 - 18 - 0.11215195436185847 0.08922357300374037 0 1 0
8 2 - 19 - 0.0858041299895073 0.11020786967128515 1 0 1
8 2 - 20 - 0.09544510134340574 0.13392602435002726 1 0 1
8 2 - 21 - 0.08456529201551652 0.11742852767929435 1 0 1
8 2 - 22 - 0.12812102531703812 0.0989706256853727 0 1 0
8 2 - 23 - 0.09683026835167159 0.12194934035263334 1 0 1
8 2 - 24 - 0.07903033467785765 0.11513386201113462 1 0 1
8 2 - 25 - 0.11985717636222641 0.09383658333293472 0 1 0
8 2 - 26 - 0.12390223731442045 0.0910854883453188 0 1 0
8 2 - 27 - 0.09000260264535125 0.12464150666104008 1 0 1
8 2 - 28 - 0.09305385932869588 0.1174347360113946 1 0 1
8 2 - 29 - 0.09023358135406549 0.12187528127105907 1 0 1
8 2 - 30 - 0.1316106019852062 0.09470775998973599 0 1 0
8 2 - 31 - 0.10288164799567312 0.12758399730470651 1 0 1
8 2 - 32 - 0.07916980265872553 0.11805418566412602 1 0 1
8 2 - 33 - 0.09657185167695086 0.1179051236443532 1 0 1
8 2 - 34 - 0.09475923801073804 0.11372201200962688 1 0 1
8 2 - 35 - 0.10861198433364432 0.11480473499977961 1 0 1
8 2 - 36 - 0.10111355899910753 0.12457911000819877 1 0 1
8 2 - 37 - 0.08301311632385477 0.11010680171117807 1 0 1
8 2 - 38 - 0.08951703365892172 0.11952884365261222 1 0 1
8 2 - 39 - 0.13349334532783055 0.10066684133683641 0 1 0
8 2 - 40 - 0.11106164367326224 0.08591831797578682 0 1 0
8 2 - 41 - 0.10877807166737816 0.0924009497005803 0 1 0
8 2 - 42 - 0.11730063066352159 0.08348586332673828 0 1 0
8 2 - 43 - 0.13735810133706158 0.13330441697811088 0 0 2
8 2 - 44 - 0.08731040065564837 0.12134924798738211 1 0 1
8 2 - 45 - 0.08388846600428224 0.11799219332169741 1 0 1
8 2 - 46 - 0.14378471534776813 0.11036041561358918 0 1 0
8 2 - 47 - 0.12402978766476735 0.11939857434481382 0 0 2
8 2 - 48 - 0.08616702031577006 0.11650326236849651 1 0 1
8 2 - 49 - 0.1217225080084366 0.09428111197970186 0 1 0
8 2 - 50 - 0.12746318501497927 0.14296239664933333 1 0 1
8 2 - 51 - 0.09460754801208775 0.12671162302528197 1 0 1
8 2 - 52 - 0.10311755299335346 0.13017068803310394 1 0 1
8 2 - 53 - 0.12040928667799258 0.10977518368357171 0 1 0
8 2 - 54 - 0.08685432465669389 0.11890778032829985 1 0 1
8 2 - 55 - 0.1219045440084301 0.12203791132196784 0 0 2
8 2 - 56 - 0.08255834466156861 0.11527175667773312 1 0 1
8 2 - 57 - 0.10502598898407693 0.124094278687456 1 0 1
8 2 - 58 - 0.12621642633651695 0.11076404800405726 0 1 0
8 2 - 59 - 0.08928797599704315 0.12167804300164183 1 0 1
8 2 - 60 - 0.13749659866637862 0.13700273202266544 0 0 2
8 2 - 61 - 0.12285622199609256 0.09219811199000105 0 1 0
8 2 - 62 - 0.11770162034857397 0.08659417830252399 0 1 0
8 2 - 63 - 0.09894379166265328 0.1207503403032509 1 0 1
8 2 - 64 - 0.10378561966354027 0.12576119467848912 1 0 1
8 2 - 65 - 0.09425967900703351 0.12408509466331452 1 0 1
8 2 - 66 - 0.11944136766639228 0.1365088023400555 0 0 2
8 2 - 67 - 0.12439589532247435 0.10536283202236518 0 1 0
8 2 - 68 - 0.107946174335666 0.12342984832745667 1 0 1
8 2 - 69 - 0.1228298110072501 0.12567984931714213 0 0 2
8 2 - 70 - 0.11610623565502465 0.1032223190413788 0 1 0
8 2 - 71 - 0.12276968565614273 0.09416408966838692 0 1 0
8 2 - 72 - 0.09117811066486563 0.12720603233901784 1 0 1
8 2 - 73 - 0.13098230765899643 0.1043871093230943 0 1 0
8 2 - 74 - 0.11140857499170427 0.0916463693138212 0 1 0
8 2 - 75 - 0.11860326101304963 0.09625064769837384 0 1 0
8 2 - 76 - 0.10170774299573773 0.1261537853279151 1 0 1
8 2 - 77 - 0.09426798168957855 0.14079285731228688 1 0 1
8 2 - 78 - 0.12282838100024188 0.09151720368148138 0 1 0
8 2 - 79 - 0.07754091466388975 0.10011001136930038 1 0 1
8 2 - 80 - 0.139366799305814 0.13365204502285147 0 0 2
8 2 - 81 - 0.09130233332204321 0.11491251098535334 1 0 1
8 2 - 82 - 0.08301850901140521 0.11603059066692367 1 0 1
8 2 - 83 - 0.11421115364646539 0.08322452435580394 0 1 0
8 2 - 84 - 0.09268960065674037 0.11521815599796052 1 0 1
8 2 - 85 - 0.126297830681627 0.12024514935910702 0 0 2
8 2 - 86 - 0.11881259266131868 0.09047336901615684 0 1 0
8 2 - 87 - 0.11520317297739287 0.0957791093387641 0 1 0
8 2 - 88 - 0.08927413301231961 0.11929861234966666 1 0 1
8 2 - 89 - 0.12484162033069879 0.12982052937150002 0 0 2
8 2 - 90 - 0.10130694463926677 0.12284917430952191 1 0 1
8 2 - 91 - 0.11390833267554021 0.08453103568172082 0 1 0
8 2 - 92 - 0.13135586966139576 0.12507111065012094 0 0 2
8 2 - 93 - 0.0844388953410089 0.10364655801095068 1 0 1
8 2 - 94 - 0.13096327831347784 0.11583969400574763 0 1 0
8 2 - 95 - 0.0970037203320923 0.12549289465338612 1 0 1
8 2 - 96 - 0.08585130766732618 0.11553009133785963 1 0 1
8 2 - 97 - 0.0859964606546176 0.12264936729722346 1 0 1
8 2 - 98 - 0.09332511834024142 0.1362663460119317 1 0 1
8 2 - 99 - 0.08750554864915709 0.12614665863414604 1 0 1
8 4 - 0 - 0.10146362264640629 0.15713711100397632 1 0 1
8 4 - 1 - 0.1032737089941899 0.14185121930980435 1 0 1
8 4 - 2 - 0.15501660500497869 0.11532026265437403 0 1 0
8 4 - 3 - 0.1190024540022326 0.15072175534442067 1 0 1
8 4 - 4 - 0.09742164064664394 0.14703913568519056 1 0 1
8 4 - 5 - 0.08933846200428283 0.14893024463284138 1 0 1
8 4 - 6 - 0.1497759006645841 0.15789542032871395 0 0 2
8 4 - 7 - 0.14145150064723566 0.152597445975213 0 0 2
8 4 - 8 - 0.09478694233500089 0.1393310886924155 1 0 1
8 4 - 9 - 0.1391879909982284 0.17965259971485162 0 0 2
8 4 - 10 - 0.14824133766038966 0.11003660631831735 0 1 0
8 4 - 11 - 0.0984788693410034 0.13927278531870493 1 0 1
8 4 - 12 - 0.11194057467704019 0.16056121400712678 1 0 1
8 4 - 13 - 0.1574460600192348 0.12412409199168906 0 1 0
8 4 - 14 - 0.11886623201038067 0.1457600403033818 1 0 1
8 4 - 15 - 0.1110486299924863 0.1617518970160745 1 0 1
8 4 - 16 - 0.1501663446542807 0.1444432973318423 0 0 2
8 4 - 17 - 0.11076451597424845 0.16222300704491013 1 0 1
8 4 - 18 - 0.1482078799745068 0.11280769065100078 0 1 0
8 4 - 19 - 0.11203566798940301 0.14321387369030467 1 0 1
8 4 - 20 - 0.11501759133534506 0.164881847682409 1 0 1
8 4 - 21 - 0.09990655264118686 0.1419646140032758 1 0 1
8 4 - 22 - 0.15462048668026304 0.11061220800426479 0 1 0
8 4 - 23 - 0.12217610734902942 0.160586161694179 1 0 1
8 4 - 24 - 0.09929717433017989 0.1482698133137698 1 0 1
8 4 - 25 - 0.15581115667009726 0.11528493203998855 0 1 0
8 4 - 26 - 0.15134382467173663 0.12552692568472898 0 1 0
8 4 - 27 - 0.11389389168471098 0.15204951733661193 1 0 1
8 4 - 28 - 0.1086393979882511 0.15235662733903155 1 0 1
8 4 - 29 - 0.11896137198588501 0.15606920865441984 1 0 1
8 4 - 30 - 0.17006781534291804 0.12299811599465708 0 1 0
8 4 - 31 - 0.12416699732420966 0.16458743504093337 1 0 1
8 4 - 32 - 0.09846624900819734 0.14963740300542364 1 0 1
8 4 - 33 - 0.11026582399305578 0.14327275601681322 1 0 1
8 4 - 34 - 0.10992966633057222 0.1559214466639484 1 0 1
8 4 - 35 - 0.1538552403411207 0.1431939910010745 0 0 2
8 4 - 36 - 0.13615491435242194 0.15683631998642036 1 0 1
8 4 - 37 - 0.10326833698976165 0.1499489919709352 1 0 1
8 4 - 38 - 0.11553534033009782 0.15484148729592562 1 0 1
8 4 - 39 - 0.15281783500298238 0.12625922662361214 0 1 0
8 4 - 40 - 0.14124891565491757 0.1042305186856538 0 1 0
8 4 - 41 - 0.14950779534410685 0.10912191966781393 0 1 0
8 4 - 42 - 0.14975528467524177 0.10772054397966713 0 1 0
8 4 - 43 - 0.1687134446692653 0.16641403967514634 0 0 2
8 4 - 44 - 0.10474144399631768 0.14871235669124871 1 0 1
8 4 - 45 - 0.10338614167024691 0.15281416599949202 1 0 1
8 4 - 46 - 0.16084081365261227 0.1295632700008961 0 1 0
8 4 - 47 - 0.15158708166563883 0.15563541367494813 0 0 2
8 4 - 48 - 0.10382409867209692 0.1567052336370883 1 0 1
8 4 - 49 - 0.14586468233028427 0.10943667534350728 0 1 0
8 4 - 50 - 0.16053380964634317 0.15887053799815476 0 0 2
8 4 - 51 - 0.1104128973480935 0.16196204933415478 1 0 1
8 4 - 52 - 0.12331053599094352 0.17412978963693604 1 0 1
8 4 - 53 - 0.14802447931530577 0.12187600403558463 0 1 0
8 4 - 54 - 0.1193013930072387 0.14442505130621916 1 0 1
8 4 - 55 - 0.15597675098494315 0.156618852672788 0 0 2
8 4 - 56 - 0.09847690135939047 0.15565237965590012 1 0 1
8 4 - 57 - 0.11298163665924221 0.17045794900817174 1 0 1
8 4 - 58 - 0.15621303000564996 0.12354458967456594 0 1 0
8 4 - 59 - 0.10955573998702069 0.15659665496787056 1 0 1
8 4 - 60 - 0.15866663933654004 0.17975692567415535 0 0 2
8 4 - 61 - 0.1585620553426755 0.11762420501327142 0 1 0
8 4 - 62 - 0.14274324430152774 0.1040860570113485 0 1 0
8 4 - 63 - 0.11735152268859869 0.13719560665776953 1 0 1
8 4 - 64 - 0.12304642365779728 0.1579985630426866 1 0 1
8 4 - 65 - 0.11355737264966592 0.14361528431375822 1 0 1
8 4 - 66 - 0.15187290933681652 0.1538183493539691 0 0 2
8 4 - 67 - 0.15601833098723242 0.12464303699865317 0 1 0
8 4 - 68 - 0.1163403713144362 0.1424381533288397 1 0 1
8 4 - 69 - 0.1548681510030292 0.16594134665016705 0 0 2
8 4 - 70 - 0.14386805500059077 0.13165940198814496 0 1 0
8 4 - 71 - 0.14640842599328607 0.1152177630380417 0 1 0
8 4 - 72 - 0.10776370899596562 0.15605729533126578 1 0 1
8 4 - 73 - 0.15077320497948676 0.11867534869816154 0 1 0
8 4 - 74 - 0.13779443230790395 0.1190342259942554 0 1 0
8 4 - 75 - 0.14661780599271879 0.12300212297122926 0 1 0
8 4 - 76 - 0.1338816803569595 0.14860243001021445 1 0 1
8 4 - 77 - 0.11538380533844854 0.1541621486733978 1 0 1
8 4 - 78 - 0.138176330345838 0.11864573630737141 0 1 0
8 4 - 79 - 0.10733227701469636 0.14682035668132204 1 0 1
8 4 - 80 - 0.15622868736196932 0.1618335606957165 0 0 2
8 4 - 81 - 0.1118062943375359 0.15475502165888125 1 0 1
8 4 - 82 - 0.10647852800320834 0.13496216929828125 1 0 1
8 4 - 83 - 0.14947859432625893 0.10980889368026207 0 1 0
8 4 - 84 - 0.10755642600512752 0.1400281620056679 1 0 1
8 4 - 85 - 0.1630140310153365 0.1589162629873802 0 0 2
8 4 - 86 - 0.15187938101977733 0.11148120131110772 0 1 0
8 4 - 87 - 0.14263925932270163 0.11264191465064262 0 1 0
8 4 - 88 - 0.10722780999882768 0.14770548732485622 1 0 1
8 4 - 89 - 0.15887528397918987 0.1694306283413122 0 0 2
8 4 - 90 - 0.1276979276832814 0.1646353230268384 1 0 1
8 4 - 91 - 0.15256190534758693 0.10611060566346471 0 1 0
8 4 - 92 - 0.1707804899973174 0.15531429165275767 0 0 2
8 4 - 93 - 0.10921431868337095 0.13871727934262404 1 0 1
8 4 - 94 - 0.15711660799570382 0.1342555836502773 0 1 0
8 4 - 95 - 0.1155775446483555 0.16952111868886277 1 0 1
8 4 - 96 - 0.10181122166492666 0.1437351173372008 1 0 1
8 4 - 97 - 0.10195624597448236 0.14495620362383002 1 0 1
8 4 - 98 - 0.11091234067377324 0.1589536720033114 1 0 1
8 4 - 99 - 0.10799580032471567 0.152459387977918 1 0 1
8 8 - 0 - 0.13189514600283778 0.19950492032027495 1 0 1
8 8 - 1 - 0.13455048432418454 0.19158608767126376 1 0 1
8 8 - 2 - 0.19572621531551704 0.14080026330581555 0 1 0
8 8 - 3 - 0.1640176513271096 0.18557870232810578 1 0 1
8 8 - 4 - 0.12655154635043195 0.18931891231720027 1 0 1
8 8 - 5 - 0.12063302831181015 0.19175516965333372 1 0 1
8 8 - 6 - 0.18304338864982128 0.20867694801806164 0 0 2
8 8 - 7 - 0.1843466576344023 0.20822240466562408 0 0 2
8 8 - 8 - 0.12550902935133004 0.17787759364970648 1 0 1
8 8 - 9 - 0.17777158700240153 0.2122869813077462 0 0 2
8 8 - 10 - 0.19947252734952298 0.1453772196546197 0 1 0
8 8 - 11 - 0.1268858073356872 0.18457574067482105 1 0 1
8 8 - 12 - 0.14209981567303961 0.19539389198568338 1 0 1
8 8 - 13 - 0.19709278132844094 0.1554471179842949 0 1 0
8 8 - 14 - 0.13769457663875073 0.18714279799799746 1 0 1
8 8 - 15 - 0.13755645465183383 0.20926806464558467 1 0 1
8 8 - 16 - 0.1803282046651778 0.19698928733123466 0 0 2
8 8 - 17 - 0.14082482001200938 0.199082524011222 1 0 1
8 8 - 18 - 0.18052240629913285 0.13782161868099746 0 1 0
8 8 - 19 - 0.15011702898967388 0.18812878932415816 1 0 1
8 8 - 20 - 0.14040327531984076 0.1870158076635562 1 0 1
8 8 - 21 - 0.12830836665428555 0.18838587533294535 1 0 1
8 8 - 22 - 0.18348496065785488 0.1457234299935711 0 1 0
8 8 - 23 - 0.1558411303170336 0.19493775696416074 1 0 1
8 8 - 24 - 0.13267984099608535 0.20176162634743378 1 0 1
8 8 - 25 - 0.1918126119999215 0.14091174471347281 0 1 0
8 8 - 26 - 0.19286037366449213 0.17737272302232063 0 1 0
8 8 - 27 - 0.1432494523275333 0.18794183867673078 1 0 1
8 8 - 28 - 0.13968642801046371 0.19300890931238732 1 0 1
8 8 - 29 - 0.163572625683931 0.20836858600766087 1 0 1
8 8 - 30 - 0.1996783700111943 0.1469570039965523 0 1 0
8 8 - 31 - 0.1477268366725184 0.1995135493343696 1 0 1
8 8 - 32 - 0.12888143999346843 0.20241467932161566 1 0 1
8 8 - 33 - 0.13158841731880483 0.18930359332201382 1 0 1
8 8 - 34 - 0.14373689100223902 0.18286307930247858 1 0 1
8 8 - 35 - 0.19592990266392007 0.17814681333644936 0 0 2
8 8 - 36 - 0.16757803765358403 0.19267552031669766 1 0 1
8 8 - 37 - 0.1318803356649975 0.18936515232780948 1 0 1
8 8 - 38 - 0.14237530232639983 0.2075405983487144 1 0 1
8 8 - 39 - 0.18924303498351946 0.15502711468919492 0 1 0
8 8 - 40 - 0.19431893566312888 0.12787264602957293 0 1 0
8 8 - 41 - 0.18239639163948596 0.1529453483138544 0 1 0
8 8 - 42 - 0.18454724565769237 0.13738421998762837 0 1 0
8 8 - 43 - 0.20902480999939144 0.210667072989357 0 0 2
8 8 - 44 - 0.13460621400736272 0.19722291668100903 1 0 1
8 8 - 45 - 0.1315765346516855 0.1817118679949393 1 0 1
8 8 - 46 - 0.19182353400780508 0.1621528406588671 0 1 0
8 8 - 47 - 0.18874504267781353 0.21767405969634032 0 0 2
8 8 - 48 - 0.13188250066014007 0.17993424568946162 1 0 1
8 8 - 49 - 0.18232070431501293 0.13622535169512653 0 1 0
8 8 - 50 - 0.1976890609948896 0.2026779626418526 0 0 2
8 8 - 51 - 0.14440306501152614 0.19557662601194653 1 0 1
8 8 - 52 - 0.1521420269855298 0.195549552658728 1 0 1
8 8 - 53 - 0.1879439800007579 0.1603611876295569 0 1 0
8 8 - 54 - 0.14789321599528193 0.18392111397891617 1 0 1
8 8 - 55 - 0.1841917477043656 0.18070771667407826 0 0 2
8 8 - 56 - 0.13426145199143016 0.19818606900904948 1 0 1
8 8 - 57 - 0.14474445732776076 0.2174917223552863 1 0 1
8 8 - 58 - 0.20037366797138628 0.15384196534675237 0 1 0
8 8 - 59 - 0.13977869896916673 0.19027284299954772 1 0 1
8 8 - 60 - 0.19132698831769326 0.23375991900684312 0 0 2
8 8 - 61 - 0.19385888499285403 0.14984526735497639 0 1 0
8 8 - 62 - 0.17398284400890893 0.13193560135550797 0 1 0
8 8 - 63 - 0.16067455301526934 0.1914675633306615 1 0 1
8 8 - 64 - 0.14935233166518933 0.20814630534732714 1 0 1
8 8 - 65 - 0.1430463440095385 0.19373707533425963 1 0 1
8 8 - 66 - 0.19345954165328294 0.18898632899314785 0 0 2
8 8 - 67 - 0.19983339864605418 0.1630712220018419 0 1 0
8 8 - 68 - 0.16469407667561126 0.19718145466564846 1 0 1
8 8 - 69 - 0.19312787665209424 0.22043852630304173 0 0 2
8 8 - 70 - 0.18993359200734022 0.16135352603547895 0 1 0
8 8 - 71 - 0.18073819500083724 0.1429735363344662 0 1 0
8 8 - 72 - 0.14087231501859304 0.20334329867425066 1 0 1
8 8 - 73 - 0.19172170067516467 0.1467370490039078 0 1 0
8 8 - 74 - 0.18432060665994263 0.1657530016770276 0 1 0
8 8 - 75 - 0.18091840232955292 0.13499582236787927 0 1 0
8 8 - 76 - 0.1594439890080442 0.19742619436389455 1 0 1
8 8 - 77 - 0.14135576833117133 0.2078180146442416 1 0 1
8 8 - 78 - 0.20053948134106273 0.15847002664425722 0 1 0
8 8 - 79 - 0.1606688030102911 0.17482400068547577 1 0 1
8 8 - 80 - 0.1966048363246955 0.19929309067083523 0 0 2
8 8 - 81 - 0.15758528230556598 0.19252486802482358 1 0 1
8 8 - 82 - 0.1300795340212062 0.174623205307095 1 0 1
8 8 - 83 - 0.1815099596666793 0.14349457464413717 0 1 0
8 8 - 84 - 0.15873328767096004 0.1856881909770891 1 0 1
8 8 - 85 - 0.1959124413357737 0.2001445129668961 0 0 2
8 8 - 86 - 0.18058245132366818 0.13629073368307826 0 1 0
8 8 - 87 - 0.18407030500626811 0.1633531319675967 0 1 0
8 8 - 88 - 0.1353332579989607 0.18700316732671732 1 0 1
8 8 - 89 - 0.19681675033643842 0.2066119973314926 0 0 2
8 8 - 90 - 0.14764820268222442 0.20344145336033156 1 0 1
8 8 - 91 - 0.1862404513134 0.14186824664163092 0 1 0
8 8 - 92 - 0.20039233999947706 0.19622698300130045 0 0 2
8 8 - 93 - 0.15906515734968707 0.1844327700091526 1 0 1
8 8 - 94 - 0.19275391433620825 0.18940434265338504 0 1 0
8 8 - 95 - 0.1441664863571835 0.18807825366578373 1 0 1
8 8 - 96 - 0.13093256599192196 0.19541041867341846 1 0 1
8 8 - 97 - 0.13567378401057795 0.18744770602400723 1 0 1
8 8 - 98 - 0.14506662900870046 0.19955162298477566 1 0 1
8 8 - 99 - 0.14098886031812677 0.18838988564675674 1 0 1
16 1 - 0 - 0.4700035726612744 0.5174032836803235 0 1 0
16 1 - 1 - 0.22911582000476 0.3562835956690833 1 0 1
16 1 - 2 - 0.479602407993904 0.28775868634693325 0 1 0
16 1 - 3 - 0.42502067298240337 0.4419026719988324 0 0 2
16 1 - 4 - 0.47399972699349746 0.2873616369906813 0 1 0
16 1 - 5 - 0.3860561473411508 0.44898232000802335 1 0 1
16 1 - 6 - 0.2854430823548076 0.500916616312073 1 0 1
16 1 - 7 - 0.28335833933670074 0.48910934934004524 1 0 1
16 1 - 8 - 0.2736809590132907 0.41174079369132716 1 0 1
16 1 - 9 - 0.40138448299452045 0.4294321696700839 0 0 2
16 1 - 10 - 0.3844549199954296 0.2590706490251856 0 1 0
16 1 - 11 - 0.25507950165774673 0.4206200723419897 1 0 1
16 1 - 12 - 0.425603922669931 0.4480186956934631 0 1 0
16 1 - 13 - 0.2918018410176349 0.5077622680109926 1 0 1
16 1 - 14 - 0.27205854534016305 0.4686081116863837 1 0 1
16 1 - 15 - 0.3941641286752807 0.4593820759716133 1 0 1
16 1 - 16 - 0.27289841568563133 0.4777245243118765 1 0 1
16 1 - 17 - 0.2762745619790318 0.44161018733090407 1 0 1
16 1 - 18 - 0.4655599779798649 0.499129588327681 0 1 0
16 1 - 19 - 0.42488758130154264 0.273620289672787 0 1 0
16 1 - 20 - 0.29895445134025067 0.5540163500312095 1 0 1
16 1 - 21 - 0.3004668609937653 0.5019010749723142 1 0 1
16 1 - 22 - 0.2650582336743052 0.433468851299646 1 0 1
16 1 - 23 - 0.2730911076650955 0.4553902599921761 1 0 1
16 1 - 24 - 0.24051666733187932 0.4002508753328584 1 0 1
16 1 - 25 - 0.2712616353334549 0.4386512349980573 1 0 1
16 1 - 26 - 0.33592391033501673 0.36443044666278485 1 0 1
16 1 - 27 - 0.25788099669928977 0.41007165366318077 1 0 1
16 1 - 28 - 0.27702790968275315 0.4389502373329984 1 0 1
16 1 - 29 - 0.4339904596369403 0.2769160966272466 0 1 0
16 1 - 30 - 0.26076094598586985 0.446697887343665 1 0 1
16 1 - 31 - 0.42372107633855194 0.4477325373639663 1 0 1
16 1 - 32 - 0.2870578036721175 0.4761466206400655 1 0 1
16 1 - 33 - 0.24550074100261554 0.40661220236991846 1 0 1
16 1 - 34 - 0.49204675036404905 0.29044068133225664 0 1 0
16 1 - 35 - 0.4717849469937695 0.4386855590273626 0 0 2
16 1 - 36 - 0.3580378413316794 0.4130697313230485 1 0 1
16 1 - 37 - 0.4154792690145162 0.274856239654279 0 1 0
16 1 - 38 - 0.3539550196728669 0.4660959013660128 1 0 1
16 1 - 39 - 0.40454423835035414 0.2631085979907463 0 1 0
16 1 - 40 - 0.3028555159883884 0.3568177943622383 1 0 1
16 1 - 41 - 0.4800668266640665 0.290592608662943 0 1 0
16 1 - 42 - 0.2520444336890554 0.43721723166527227 1 0 1
16 1 - 43 - 0.5254470126819797 0.3083496320177801 0 1 0
16 1 - 44 - 0.3924098760083628 0.46298916267308715 1 0 1
16 1 - 45 - 0.25825664965668693 0.42402605097352836 1 0 1
16 1 - 46 - 0.2695631126601559 0.46849789332676056 1 0 1
16 1 - 47 - 0.2367701470114601 0.3810651706492839 1 0 1
16 1 - 48 - 0.2716249086467239 0.4229793216800317 1 0 1
16 1 - 49 - 0.427279348000108 0.4261799683251108 0 1 0
16 1 - 50 - 0.3864400506524059 0.43060957002065453 0 1 0
16 1 - 51 - 0.29256729799089953 0.47857088735327125 1 0 1
16 1 - 52 - 0.26362753933062777 0.4187426849966869 1 0 1
16 1 - 53 - 0.24103893902307996 0.3807681163113254 1 0 1
16 1 - 54 - 0.4361839876510203 0.4526767530284511 0 1 0
16 1 - 55 - 0.2777284783272383 0.48793533694697544 1 0 1
16 1 - 56 - 0.4019610286535074 0.25979091533614945 0 1 0
16 1 - 57 - 0.4211189316896101 0.4313131829646106 0 0 2
16 1 - 58 - 0.49475580133730546 0.28998821263667196 0 1 0
16 1 - 59 - 0.45977848197799176 0.28826964867766947 0 1 0
16 1 - 60 - 0.4962504176655784 0.5189192100078799 0 1 0
16 1 - 61 - 0.4313235933271547 0.4911714833385001 1 0 1
16 1 - 62 - 0.2942681419663131 0.4754060059785843 1 0 1
16 1 - 63 - 0.261499090003781 0.4634781662995617 1 0 1
16 1 - 64 - 0.2642349100012022 0.41811071334329125 1 0 1
16 1 - 65 - 0.43838265965071815 0.2745873549914298 0 1 0
16 1 - 66 - 0.2797023423287707 0.4690148120280355 1 0 1
16 1 - 67 - 0.46540600932591286 0.47573239866566536 0 0 2
16 1 - 68 - 0.26464634367342416 0.43448377534514293 1 0 1
16 1 - 69 - 0.2380297740067666 0.39032306099155295 1 0 1
16 1 - 70 - 0.23991907733337334 0.37211051501799375 1 0 1
16 1 - 71 - 0.30902222635146853 0.5001561269940187 1 0 1
16 1 - 72 - 0.3169220359995961 0.5039172456987823 1 0 1
16 1 - 73 - 0.25804085899532464 0.4156034016632475 1 0 1
16 1 - 74 - 0.4358321519879003 0.27157492832823965 0 1 0
16 1 - 75 - 0.3666256356712741 0.38250948801093426 0 1 0
16 1 - 76 - 0.2838654493292173 0.45848391666853183 1 0 1
16 1 - 77 - 0.4054937436594628 0.5467893443419598 1 0 1
16 1 - 78 - 0.45145760600765544 0.4553004453385559 0 0 2
16 1 - 79 - 0.45458537534189725 0.4347755033328819 0 1 0
16 1 - 80 - 0.28229385466935736 0.5009809156763367 1 0 1
16 1 - 81 - 0.4463230559874015 0.2880184399934175 0 1 0
16 1 - 82 - 0.4688839770193832 0.30252896299740917 0 1 0
16 1 - 83 - 0.26627484468432766 0.40331802299867076 1 0 1
16 1 - 84 - 0.4736426850043548 0.2792755650201192 0 1 0
16 1 - 85 - 0.30197017003471655 0.47552444065998617 1 0 1
16 1 - 86 - 0.2641279776774657 0.4242251429629202 1 0 1
16 1 - 87 - 0.42378957697656006 0.25752060532492277 0 1 0
16 1 - 88 - 0.3036407926507915 0.5228027693228796 1 0 1
16 1 - 89 - 0.510103122331202 0.5312972493702546 0 1 0
16 1 - 90 - 0.2829400989770268 0.4793272689954998 1 0 1
16 1 - 91 - 0.27925659399867675 0.43949225201504305 1 0 1
16 1 - 92 - 0.40563731799678254 0.2587454143213108 0 1 0
16 1 - 93 - 0.30556452301486087 0.48664810300882283 1 0 1
16 1 - 94 - 0.2832333683424319 0.45933789532864466 1 0 1
16 1 - 95 - 0.4424745619956715 0.45256097931026795 0 0 2
16 1 - 96 - 0.4340806796875161 0.45899625898649293 0 1 0
16 1 - 97 - 0.28520097998746985 0.47850841863934573 1 0 1
16 1 - 98 - 0.28982172498945147 0.49438217835268006 1 0 1
16 1 - 99 - 0.3237771943289166 0.5034138119857137 1 0 1
16 2 - 0 - 0.6576673156620624 0.7605892186596369 0 1 0
16 2 - 1 - 0.2516674099994513 0.523900033653869 1 0 1
16 2 - 2 - 0.6161659666880345 0.4650882303249091 0 1 0
16 2 - 3 - 0.6434425496845506 0.6486980669821303 0 0 2
16 2 - 4 - 0.668192486007077 0.31052399034767103 0 1 0
16 2 - 5 - 0.5044045606822085 0.6387019766261801 1 0 1
16 2 - 6 - 0.3956703489917951 0.6217179819747496 1 0 1
16 2 - 7 - 0.3997242236509919 0.6415613559850801 1 0 1
16 2 - 8 - 0.43473202366537106 0.5798920426750556 1 0 1
16 2 - 9 - 0.5711937369972778 0.6110901259817183 0 0 2
16 2 - 10 - 0.5813756199980465 0.40875596630697447 0 1 0
16 2 - 11 - 0.3909825790130223 0.614908529658957 1 0 1
16 2 - 12 - 0.5875648956862278 0.6783464423303182 0 1 0
16 2 - 13 - 0.3726914103220527 0.6391965580017617 1 0 1
16 2 - 14 - 0.2866947593477865 0.7045608159775535 1 0 1
16 2 - 15 - 0.6118654749977093 0.6994299176537122 1 0 1
16 2 - 16 - 0.29831629428857315 0.6736417726885218 1 0 1
16 2 - 17 - 0.4880482269994294 0.603136903004876 1 0 1
16 2 - 18 - 0.6332294239934223 0.7441579819812129 0 1 0
16 2 - 19 - 0.6060062573330166 0.46866506297374144 0 1 0
16 2 - 20 - 0.3194143066648394 0.6501457116100937 1 0 1
16 2 - 21 - 0.3175399586907588 0.6801350703462958 1 0 1
16 2 - 22 - 0.33043736465818563 0.5940611520006011 1 0 1
16 2 - 23 - 0.2892631546710618 0.6808137270466735 1 0 1
16 2 - 24 - 0.43463915964821354 0.5835665650277709 1 0 1
16 2 - 25 - 0.3327218463333944 0.6657459390116856 1 0 1
16 2 - 26 - 0.42340828297892585 0.5873967220153038 1 0 1
16 2 - 27 - 0.2767656576470472 0.6275171512970701 1 0 1
16 2 - 28 - 0.4135682073344166 0.6330487086864498 1 0 1
16 2 - 29 - 0.6256880560152543 0.478026559324159 0 1 0
16 2 - 30 - 0.2817663056581902 0.5909686329735753 1 0 1
16 2 - 31 - 0.5810429283301346 0.6461302273285885 1 0 1
16 2 - 32 - 0.42545534499610466 0.6708002920107294 1 0 1
16 2 - 33 - 0.2748504016781226 0.5849471743373822 1 0 1
16 2 - 34 - 0.6424904156592675 0.47848326167634997 0 1 0
16 2 - 35 - 0.6380680099634143 0.649461466333984 0 0 2
16 2 - 36 - 0.6113098183219942 0.5621816666680388 0 0 2
16 2 - 37 - 0.6793310956757825 0.4023918380456356 0 1 0
16 2 - 38 - 0.6374809963162988 0.6525963166883836 0 0 2
16 2 - 39 - 0.5843080350120242 0.36542292597005144 0 1 0
16 2 - 40 - 0.5746948993182741 0.5754336286724234 0 0 2
16 2 - 41 - 0.6365418049972504 0.3103818003437482 0 1 0
16 2 - 42 - 0.2661448963335715 0.5666355833333606 1 0 1
16 2 - 43 - 0.6728857266716659 0.32747739367187023 0 1 0
16 2 - 44 - 0.788439076684881 0.7266890296596102 0 0 2
16 2 - 45 - 0.2744369763143671 0.6089340299755955 1 0 1
16 2 - 46 - 0.3371165913413279 0.607844352023676 1 0 1
16 2 - 47 - 0.2707641880066755 0.5128814369866935 1 0 1
16 2 - 48 - 0.2919621513380359 0.5656953029683791 1 0 1
16 2 - 49 - 0.6075774526689202 0.6242200863586429 0 1 0
16 2 - 50 - 0.5761512303530859 0.7064043953432702 0 1 0
16 2 - 51 - 0.30885279797560844 0.5959476993302815 1 0 1
16 2 - 52 - 0.36619014168779057 0.5319304536678828 1 0 1
16 2 - 53 - 0.39831285368806374 0.5686968836622933 1 0 1
16 2 - 54 - 0.6197726193349808 0.7951070173488309 0 1 0
16 2 - 55 - 0.3014579826655487 0.6815809446658629 1 0 1
16 2 - 56 - 0.5550449256746408 0.5254848769982345 0 1 0
16 2 - 57 - 0.6019969593229083 0.6659742613361838 0 0 2
16 2 - 58 - 0.6381727863335982 0.3090442086492355 0 1 0
16 2 - 59 - 0.6582700056799997 0.4614620653446764 0 1 0
16 2 - 60 - 0.6755919273515852 0.7684445766499266 0 1 0
16 2 - 61 - 0.6159087343257852 0.6932030973063472 1 0 1
16 2 - 62 - 0.3982094893581234 0.6631039103182653 1 0 1
16 2 - 63 - 0.3618631380183312 0.6213814383566689 1 0 1
16 2 - 64 - 0.28507014431913075 0.5790022563111658 1 0 1
16 2 - 65 - 0.6280017769701468 0.40358293933483463 0 1 0
16 2 - 66 - 0.297193988362172 0.6533834176758926 1 0 1
16 2 - 67 - 0.6501460709841922 0.721625727310311 0 0 2
16 2 - 68 - 0.32816797865477076 0.6271832476874504 1 0 1
16 2 - 69 - 0.43083776568528265 0.5293151183286682 1 0 1
16 2 - 70 - 0.2628749029827304 0.5306051552955371 1 0 1
16 2 - 71 - 0.4014214859926142 0.6891082650011716 1 0 1
16 2 - 72 - 0.5469012236571871 0.6682686146814376 1 0 1
16 2 - 73 - 0.27229692266943556 0.6559249953133985 1 0 1
16 2 - 74 - 0.5682301303216567 0.49571876132783166 0 1 0
16 2 - 75 - 0.5192439762953047 0.510071187299521 0 0 2
16 2 - 76 - 0.31037253700196743 0.6032525166713943 1 0 1
16 2 - 77 - 0.6091104603256099 0.6590640993672423 1 0 1
16 2 - 78 - 0.646699278013936 0.5851228593382984 0 0 2
16 2 - 79 - 0.6068238309817389 0.7867042139793436 0 0 2
16 2 - 80 - 0.3060109513268496 0.6108278843263785 1 0 1
16 2 - 81 - 0.6111457320124221 0.30966579933495575 0 1 0
16 2 - 82 - 0.6841820570213409 0.3214074609956394 0 1 0
16 2 - 83 - 0.28243832767475396 0.6005857343358608 1 0 1
16 2 - 84 - 0.5968284370028414 0.31012370400518796 0 1 0
16 2 - 85 - 0.42920644969368976 0.6617180050040284 1 0 1
16 2 - 86 - 0.2825904913285437 0.6204090206495797 1 0 1
16 2 - 87 - 0.5961826699785888 0.5023511730056878 0 1 0
16 2 - 88 - 0.4736746483443615 0.6511242879981486 1 0 1
16 2 - 89 - 0.7252191960190733 0.7814888726570643 0 1 0
16 2 - 90 - 0.4158366556706217 0.6339095426956192 1 0 1
16 2 - 91 - 0.3266964596502172 0.5994884576454449 1 0 1
16 2 - 92 - 0.5925066773003588 0.5727577406602601 0 1 0
16 2 - 93 - 0.3234613223661048 0.678549200296402 1 0 1
16 2 - 94 - 0.3535022116654242 0.6726098923439471 1 0 1
16 2 - 95 - 0.6414338540052995 0.6482391426883017 0 0 2
16 2 - 96 - 0.6675367799859183 0.682209312353128 0 1 0
16 2 - 97 - 0.49678787734592333 0.581140972324647 1 0 1
16 2 - 98 - 0.41737694665789604 0.7494490046907838 1 0 1
16 2 - 99 - 0.4564185546672282 0.7041304323550625 1 0 1
16 4 - 0 - 0.9010460636539696 0.8976123400304157 0 0 2
16 4 - 1 - 0.33482734598995495 0.8136643969919533 1 0 1
16 4 - 2 - 0.6885692493718428 0.42315811566853273 0 1 0
16 4 - 3 - 0.7861949173384346 0.7423089423294489 0 0 2
16 4 - 4 - 0.8327549893292598 0.3711277116866161 0 1 0
16 4 - 5 - 0.8507998513329463 0.7824856033354687 0 0 2
16 4 - 6 - 0.3618663369949596 0.7665213510238876 1 0 1
16 4 - 7 - 0.6321157866429228 0.8571527926639344 1 0 1
16 4 - 8 - 0.5243137960205786 0.7568830439898496 1 0 1
16 4 - 9 - 0.8320756493291507 0.7695406613250573 0 0 2
16 4 - 10 - 0.740860120994815 0.3507683276936101 0 1 0
16 4 - 11 - 0.3919875499753592 0.7481206246690514 1 0 1
16 4 - 12 - 0.8486889263537402 0.990595622647864 0 0 2
16 4 - 13 - 0.4622805826753999 0.808143125323113 1 0 1
16 4 - 14 - 0.49556623335229233 0.7696779789985158 1 0 1
16 4 - 15 - 0.6911858759898072 0.8095834270158472 1 0 1
16 4 - 16 - 0.3646866746712476 0.8396557009934137 1 0 1
16 4 - 17 - 0.43064601267299923 0.8034902096454365 1 0 1
16 4 - 18 - 0.8399007683231805 0.986447382310871 0 0 2
16 4 - 19 - 0.7431564876654496 0.5928083199736042 0 1 0
16 4 - 20 - 0.3790661723275358 0.8285090629942715 1 0 1
16 4 - 21 - 0.39596305300559226 0.7225734896880264 1 0 1
16 4 - 22 - 0.43917469567774486 0.6576349529980993 1 0 1
16 4 - 23 - 0.35125541700593504 0.7313599516831649 1 0 1
16 4 - 24 - 0.5362697616801597 0.715792169328779 1 0 1
16 4 - 25 - 0.3853667789953761 0.7556487026546771 1 0 1
16 4 - 26 - 0.8032872193143703 0.8085880663323526 0 0 2
16 4 - 27 - 0.3343337560072541 0.6986253200254092 1 0 1
16 4 - 28 - 0.5273837629938498 0.7893951840039032 1 0 1
16 4 - 29 - 0.791081995354034 0.5308360076936273 0 1 0
16 4 - 30 - 0.36219322299196693 0.7264032760285772 1 0 1
16 4 - 31 - 0.9194320186506957 0.7939197500042307 0 0 2
16 4 - 32 - 0.4033435226883739 0.8459168893556732 1 0 1
16 4 - 33 - 0.34045813502355793 0.7103991746359194 1 0 1
16 4 - 34 - 0.7072435783144708 0.5582271050079726 0 1 0
16 4 - 35 - 0.894153880692708 0.8842961270129308 0 0 2
16 4 - 36 - 0.8079762230045162 0.7626235732847515 0 0 2
16 4 - 37 - 0.7877873373217881 0.4846995190018788 0 1 0
16 4 - 38 - 0.8915891390061006 0.8106434216800457 0 0 2
16 4 - 39 - 0.7625691170105711 0.4275576833363933 0 1 0
16 4 - 40 - 0.8134953879828876 0.7524408679843569 0 0 2
16 4 - 41 - 0.8038711673386085 0.3562030346753696 0 1 0
16 4 - 42 - 0.3287890846841037 0.8633263586671092 1 0 1
16 4 - 43 - 0.8876710106657508 0.5356143423123285 0 1 0
16 4 - 44 - 0.9157852189964615 0.8507572810049169 0 0 2
16 4 - 45 - 0.31378019133505103 0.7071893116420446 1 0 1
16 4 - 46 - 0.49328538036206737 0.7762529356793191 1 0 1
16 4 - 47 - 0.35247984633315355 0.7656316603145873 1 0 1
16 4 - 48 - 0.3582893943142456 0.6711464390197458 1 0 1
16 4 - 49 - 0.750585173004462 0.7932916726761807 0 0 2
16 4 - 50 - 0.8171900546682688 0.7605468523300563 0 0 2
16 4 - 51 - 0.39722418965538964 0.7659588176369047 1 0 1
16 4 - 52 - 0.4704187383370784 0.7289452839759178 1 0 1
16 4 - 53 - 0.3707898426800966 0.7051461186686842 1 0 1
16 4 - 54 - 0.8946135936615368 0.9236430426632676 0 0 2
16 4 - 55 - 0.3500017279875465 0.8621613773478505 1 0 1
16 4 - 56 - 0.703019909017409 0.7000126216444187 0 1 0
16 4 - 57 - 0.8502754653260733 0.8339695706575488 0 0 2
16 4 - 58 - 0.7684068086867532 0.4048849643440917 0 1 0
16 4 - 59 - 0.7597262916582016 0.5208156293568512 0 1 0
16 4 - 60 - 0.793428124995747 1.030628115326787 0 0 2
16 4 - 61 - 0.874466716661118 0.778590236363622 0 0 2
16 4 - 62 - 0.5466702979950545 0.7446622169809416 1 0 1
16 4 - 63 - 0.37939765700139105 0.7124743866928233 1 0 1
16 4 - 64 - 0.34415033902041614 0.7659517746845571 1 0 1
16 4 - 65 - 0.788986453670077 0.4448395713504093 0 1 0
16 4 - 66 - 0.3808689293412802 0.7639650526689366 1 0 1
16 4 - 67 - 0.9040249156726835 0.7398302440415137 0 0 2
16 4 - 68 - 0.390329059989502 0.7050095410086215 1 0 1
16 4 - 69 - 0.35589349233002093 0.662168090348132 1 0 1
16 4 - 70 - 0.30008295700342086 0.7457101276571241 1 0 1
16 4 - 71 - 0.6042079689796083 0.8829896363119285 1 0 1
16 4 - 72 - 0.6106550633364047 0.8206924256131364 1 0 1
16 4 - 73 - 0.30965494267487276 0.6275001216951447 1 0 1
16 4 - 74 - 0.7477178426731067 0.6265519036484571 0 1 0
16 4 - 75 - 0.7438777759865237 0.9121758649901798 0 0 2
16 4 - 76 - 0.35361884734205284 0.7302388743458625 1 0 1
16 4 - 77 - 0.8943110309968082 0.8492688976693898 0 0 2
16 4 - 78 - 0.7710371779976413 0.7720435546943918 0 0 2
16 4 - 79 - 0.775223767675925 0.8582435986803224 0 0 2
16 4 - 80 - 0.43401863967301324 0.7512318333028816 1 0 1
16 4 - 81 - 0.8169356413224402 0.42074356167965254 0 1 0
16 4 - 82 - 0.852182121326526 0.4765723643358797 0 1 0
16 4 - 83 - 0.34165079798549414 0.723638126354975 1 0 1
16 4 - 84 - 0.7526693176478148 0.5270848586418045 0 1 0
16 4 - 85 - 0.40505932700277 0.7988826166838408 1 0 1
16 4 - 86 - 0.33730922631608945 0.8167005582945421 1 0 1
16 4 - 87 - 0.7110465420021986 0.5110732093065357 0 1 0
16 4 - 88 - 0.4164691146773597 0.8757959399954416 1 0 1
16 4 - 89 - 0.8589831309897514 0.8957875706837513 0 0 2
16 4 - 90 - 0.4359114780090749 0.8246542876974369 1 0 1
16 4 - 91 - 0.44514047432069975 0.6847406189966326 1 0 1
16 4 - 92 - 0.7337308253433246 0.6051909660260815 0 1 0
16 4 - 93 - 0.3833055346622132 0.7224760746272901 1 0 1
16 4 - 94 - 0.3678093953446175 0.7611280419902565 1 0 1
16 4 - 95 - 0.8635799469969546 0.7208491353473315 0 0 2
16 4 - 96 - 0.8303273036532726 0.842204550979659 0 0 2
16 4 - 97 - 0.638629868995243 0.7465777746789778 1 0 1
16 4 - 98 - 0.40726419899147004 0.7905297826897975 1 0 1
16 4 - 99 - 0.3923906473404107 0.9223133840326531 1 0 1
16 8 - 0 - 0.9935251466619472 1.0887989909776175 0 0 2
16 8 - 1 - 0.3899928860094709 0.8343980349988366 1 0 1
16 8 - 2 - 0.8086379243371388 0.606033444016551 0 1 0
16 8 - 3 - 0.9965707446681336 0.9012152443174273 0 0 2
16 8 - 4 - 0.9062812533423614 0.4532516453182325 0 1 0
16 8 - 5 - 1.1029872860138616 0.9018234776643415 0 0 2
16 8 - 6 - 0.42169818734206876 1.0297715849786375 1 0 1
16 8 - 7 - 0.6604317636811174 0.88796055931986 1 0 1
16 8 - 8 - 0.6657318826764822 0.9513935319846496 1 0 1
16 8 - 9 - 0.9460747136618011 1.0104821406809303 0 0 2
16 8 - 10 - 0.8496417746840356 0.4491969440326405 0 1 0
16 8 - 11 - 0.5892467803399389 0.9063469886314124 1 0 1
16 8 - 12 - 0.9447907819800699 0.9526403833297081 0 0 2
16 8 - 13 - 0.4596404023274469 0.9428701496411425 1 0 1
16 8 - 14 - 0.44339359869870043 0.9476933056721464 1 0 1
16 8 - 15 - 1.1547722596636352 1.0869575466883057 0 0 2
16 8 - 16 - 0.5317296796517136 0.8931740309926681 1 0 1
16 8 - 17 - 0.4189451940086049 0.8893917613701585 1 0 1
16 8 - 18 - 0.8231702436654208 0.8357334400255544 0 0 2
16 8 - 19 - 0.910422915010713 0.7388630653149448 0 1 0
16 8 - 20 - 0.4792161670241815 0.9397698453394696 1 0 1
16 8 - 21 - 0.4472103226580657 0.9176414016983472 1 0 1
16 8 - 22 - 0.49023464370596537 0.8444680456692973 1 0 1
16 8 - 23 - 0.43280531632869196 0.8478958010091446 1 0 1
16 8 - 24 - 0.6938142973619204 0.9160924366442487 1 0 1
16 8 - 25 - 0.44041691900929436 0.8788268660039952 1 0 1
16 8 - 26 - 1.1111142756805445 0.8366084836112956 0 0 2
16 8 - 27 - 0.3976612566621043 0.9712672656557212 1 0 1
16 8 - 28 - 0.659904323654094 0.9094974390269878 1 0 1
16 8 - 29 - 0.967059686644158 0.8282423150182391 0 1 0
16 8 - 30 - 0.4478095873297813 0.9422816850128584 1 0 1
16 8 - 31 - 1.0660685856516163 0.8322709076649819 0 0 2
16 8 - 32 - 0.45862489636056125 1.0217474030020335 1 0 1
16 8 - 33 - 0.3956230926560238 0.8040835923748091 1 0 1
16 8 - 34 - 0.999008384339201 0.45452064397977665 0 1 0
16 8 - 35 - 1.0967219463200308 0.9020090743433684 0 0 2
16 8 - 36 - 1.0287910326733254 0.9923753539915197 0 0 2
16 8 - 37 - 1.0073578086836885 0.4302545979929467 0 1 0
16 8 - 38 - 1.0278986640041694 0.850686622337283 0 0 2
16 8 - 39 - 0.8950242049759254 0.5797416243197707 0 1 0
16 8 - 40 - 0.9706036856902454 1.0428601866976046 0 0 2
16 8 - 41 - 0.8286333563543545 0.45905728867122286 0 1 0
16 8 - 42 - 0.40693419698315364 0.8848867706644038 1 0 1
16 8 - 43 - 0.9084503630098576 0.5574544786359183 0 1 0
16 8 - 44 - 1.2496129003508636 1.0586621279944666 0 0 2
16 8 - 45 - 0.37583076703595 0.9399378539916748 1 0 1
16 8 - 46 - 0.518588435680916 0.8152276589923227 1 0 1
16 8 - 47 - 0.45328522167013335 0.7525430916575715 1 0 1
16 8 - 48 - 0.41014059068402275 0.8726227243508523 1 0 1
16 8 - 49 - 1.0481071769997166 0.9041900640004314 0 0 2
16 8 - 50 - 0.9303404720073255 1.0416302496839005 0 0 2
16 8 - 51 - 0.4998029276418189 0.7866712726730233 1 0 1
16 8 - 52 - 0.5405368336748021 0.8808497663703747 1 0 1
16 8 - 53 - 0.4988133486670752 0.7808861483354121 1 0 1
16 8 - 54 - 0.9284730256961969 1.1741003623271051 0 0 2
16 8 - 55 - 0.39693232198866707 0.9671340370356726 1 0 1
16 8 - 56 - 0.771257256992006 0.7834498793041954 0 1 0
16 8 - 57 - 0.9971884556580335 0.880785317994499 0 0 2
16 8 - 58 - 0.8064079360143902 0.6505924066489872 0 1 0
16 8 - 59 - 0.9420203249901533 0.6713941593382818 0 1 0
16 8 - 60 - 0.9424809310003184 1.2202156000227355 0 0 2
16 8 - 61 - 0.9347499339880112 0.8496007373323664 0 0 2
16 8 - 62 - 0.4453048366315973 0.9012214750012694 1 0 1
16 8 - 63 - 0.541291396987314 0.8631394763748782 1 0 1
16 8 - 64 - 0.39210486664281535 0.9676221180319166 1 0 1
16 8 - 65 - 0.8502531523505847 0.8444897016743198 0 1 0
16 8 - 66 - 0.4541443529888056 0.9127543989840584 1 0 1
16 8 - 67 - 0.8724654659939309 0.900937810637212 0 0 2
16 8 - 68 - 0.4236187130057563 0.8972937756722483 1 0 1
16 8 - 69 - 0.5503525680008654 0.8648543296731077 1 0 1
16 8 - 70 - 0.3850295126515751 0.8671729193495897 1 0 1
16 8 - 71 - 0.5732243360059025 0.8791492453310639 1 0 1
16 8 - 72 - 0.7199728426639922 0.8254156236653216 1 0 1
16 8 - 73 - 0.4033726803221119 0.8888171459742201 1 0 1
16 8 - 74 - 0.957246292324271 0.805121500006256 0 1 0
16 8 - 75 - 0.9342492173309438 0.947549219999928 0 0 2
16 8 - 76 - 0.45510566731293994 0.852304043325906 1 0 1
16 8 - 77 - 1.0392398259912927 1.0271416866453364 0 0 2
16 8 - 78 - 0.9233511410226735 0.8631331996681789 0 0 2
16 8 - 79 - 0.9980825103314904 0.998715923303583 0 0 2
16 8 - 80 - 0.44275098565655446 0.8552333149903765 1 0 1
16 8 - 81 - 0.8252015753338734 0.4516949843382463 0 1 0
16 8 - 82 - 0.9060005449767534 0.5938786563153068 0 1 0
16 8 - 83 - 0.3976188799909626 0.8598871386493556 1 0 1
16 8 - 84 - 0.9084601530145544 0.4464776176998081 0 1 0
16 8 - 85 - 0.5864846053494451 0.7982480860276459 1 0 1
16 8 - 86 - 0.41246494299654535 0.7913645249791443 1 0 1
16 8 - 87 - 0.9666853120046046 0.6793382303440012 0 1 0
16 8 - 88 - 0.472849978657905 0.8764638976814846 1 0 1
16 8 - 89 - 0.9193430770149765 1.1561640729778446 0 0 2
16 8 - 90 - 0.5146781306442184 0.854061490991929 1 0 1
16 8 - 91 - 0.646680226336078 0.8434041363070719 1 0 1
16 8 - 92 - 0.845115428014348 0.77840129903052 0 1 0
16 8 - 93 - 0.45020880967301 0.8919538533470284 1 0 1
16 8 - 94 - 0.5001510949999405 0.9097018926598442 1 0 1
16 8 - 95 - 1.0865112456376664 1.0564376743277535 0 0 2
16 8 - 96 - 0.9382875166484155 1.0219363683330207 0 0 2
16 8 - 97 - 0.6685837086600562 0.7762859453214332 1 0 1
16 8 - 98 - 0.5083033786504529 0.9548133009811863 1 0 1
16 8 - 99 - 0.5340824446563298 0.9206701426689202 1 0 1
32 1 - 0 - 1.0448946223283806 3.3295800236325404 1 0 1
32 1 - 1 - 1.0206186626843796 3.5810500403361707 1 0 1
32 1 - 2 - 1.051905348993993 3.0494083346760212 1 0 1
32 1 - 3 - 2.176009542987837 3.1514016736570434 1 0 1
32 1 - 4 - 3.147970486005458 3.1971921163300676 0 1 0
32 1 - 5 - 0.9956928920000792 2.9316938206514656 1 0 1
32 1 - 6 - 1.095370750350412 3.3640539579985975 1 0 1
32 1 - 7 - 2.3553567193448544 2.438672221343343 0 0 2
32 1 - 8 - 3.1896477526558256 3.5844705690202927 0 0 2
32 1 - 9 - 1.0093872073339298 3.20569498699236 1 0 1
32 1 - 10 - 1.0169568346852125 3.293563477365145 1 0 1
32 1 - 11 - 3.2795878586475737 1.126080290666626 0 1 0
32 1 - 12 - 0.9863406736403704 3.4636966570008854 1 0 1
32 1 - 13 - 3.194677751996399 2.760458770014035 0 1 0
32 1 - 14 - 2.514798187010456 3.1208876833164445 1 0 1
32 1 - 15 - 1.0778574826739107 3.3240338030154817 1 0 1
32 1 - 16 - 2.7983033739728853 1.1379373226858056 0 1 0
32 1 - 17 - 1.0522192280041054 3.3058691739958403 1 0 1
32 1 - 18 - 3.032741596340202 3.333447782012324 0 1 0
32 1 - 19 - 1.2256869233290975 3.8690204016553857 1 0 1
32 1 - 20 - 1.068516881011116 3.173684954352211 1 0 1
32 1 - 21 - 1.046024704662462 3.1122343220049515 1 0 1
32 1 - 22 - 3.3594007700060806 1.169819524686318 0 1 0
32 1 - 23 - 1.0586306703238126 3.359674305014778 1 0 1
32 1 - 24 - 0.9973785996359463 3.075054749341992 1 0 1
32 1 - 25 - 2.8173747136800857 2.9548858533380553 0 1 0
32 1 - 26 - 1.0761913160094991 3.4803748599952087 1 0 1
32 1 - 27 - 0.9397550820140168 2.7009895593315982 1 0 1
32 1 - 28 - 1.1085560593249588 3.086812122336899 1 0 1
32 1 - 29 - 3.159568463684991 1.1660349926678464 0 1 0
32 1 - 30 - 1.0280389210092835 3.2635920496735102 1 0 1
32 1 - 31 - 1.0271537376684137 3.104580752629166 1 0 1
32 1 - 32 - 3.0829777323330445 0.9871555850065004 0 1 0
32 1 - 33 - 0.9581249503341193 2.8883853403579756 1 0 1
32 1 - 34 - 1.0972214803526488 3.5430862273206003 1 0 1
32 1 - 35 - 1.002007171686273 3.1084863619762473 1 0 1
32 1 - 36 - 2.8380518976482563 3.3800912843241044 0 0 2
32 1 - 37 - 2.9941927126880428 0.9907686003328612 0 1 0
32 1 - 38 - 1.0464130036610488 3.1875448816766343 1 0 1
32 1 - 39 - 2.602572172996588 1.7615759997085356 0 1 0
32 1 - 40 - 2.726120842349095 0.9887486343310835 0 1 0
32 1 - 41 - 1.0366836893372238 3.3302635903431415 1 0 1
32 1 - 42 - 1.0443064846719305 2.9948507200072827 1 0 1
32 1 - 43 - 1.0595107940025628 3.2577047073088274 1 0 1
32 1 - 44 - 1.045499920359968 3.007694594639664 1 0 1
32 1 - 45 - 3.5158831026637927 1.177621372664968 0 1 0
32 1 - 46 - 1.068738429651906 3.236206914317639 1 0 1
32 1 - 47 - 1.0301209653456074 3.2119284799749344 1 0 1
32 1 - 48 - 2.2396936540026218 0.8631042566654893 0 1 0
32 1 - 49 - 3.1535119976615533 1.1104515183445376 0 1 0
32 1 - 50 - 3.068730353009111 1.0545427333175514 0 1 0
32 1 - 51 - 2.83061896499324 2.8083061829869016 0 0 2
32 1 - 52 - 0.9703406116653545 3.168439066988261 1 0 1
32 1 - 53 - 1.0280347000225447 3.2024394826536686 1 0 1
32 1 - 54 - 2.599546819983516 0.9626552596261415 0 1 0
32 1 - 55 - 0.9016770196612924 2.4598430877085775 1 0 1
32 1 - 56 - 1.0514489216729999 3.0282539463369176 1 0 1
32 1 - 57 - 1.1045661499956623 2.916120060971783 1 0 1
32 1 - 58 - 3.23262527367721 1.1648374593157012 0 1 0
32 1 - 59 - 0.9736881546559744 2.7911214130193307 1 0 1
32 1 - 60 - 3.206501654019424 3.3076773326805173 0 0 2
32 1 - 61 - 1.0431055719964206 3.03021188499406 1 0 1
32 1 - 62 - 1.0415093813401957 3.0310517666706196 1 0 1
32 1 - 63 - 0.9763510893487061 2.68345917732222 1 0 1
32 1 - 64 - 1.0085938999933812 3.239012724661734 1 0 1
32 1 - 65 - 1.067245685340216 3.228185121338659 1 0 1
32 1 - 66 - 1.022491029347293 3.304356057332673 1 0 1
32 1 - 67 - 1.0703602640035874 3.4489246926580863 1 0 1
32 1 - 68 - 0.9260405950287046 2.8147553023494156 1 0 1
32 1 - 69 - 2.920920754006753 2.86680299435587 0 0 2
32 1 - 70 - 0.9429239266707251 2.80972733333086 1 0 1
32 1 - 71 - 1.0342285020160489 3.4754864139831625 1 0 1
32 1 - 72 - 1.002630081338187 3.1995258916673874 1 0 1
32 1 - 73 - 2.5622100013424642 3.1857523506623693 1 0 1
32 1 - 74 - 2.9271524829867603 1.0394338696690588 0 1 0
32 1 - 75 - 0.9978359479961606 2.9969810846572122 1 0 1
32 1 - 76 - 2.9501802480081096 3.505504060614233 0 1 0
32 1 - 77 - 3.3681842196577536 2.75904816534603 0 1 0
32 1 - 78 - 0.9984762140278084 2.918163327985288 1 0 1
32 1 - 79 - 2.8059332499785037 1.035614845653375 0 1 0
32 1 - 80 - 3.039629338658415 3.481679392668108 0 1 0
32 1 - 81 - 1.1101634793255168 3.73343894163069 1 0 1
32 1 - 82 - 3.2185039696632884 3.5588659863569774 0 1 0
32 1 - 83 - 0.9539197073318064 3.0388006773234033 1 0 1
32 1 - 84 - 3.301458268329346 1.1276875743254398 0 1 0
32 1 - 85 - 2.806976215991502 1.0469854546827264 0 1 0
32 1 - 86 - 3.0260754303696253 3.0811539193382487 0 0 2
32 1 - 87 - 0.9567719013236152 2.7342402130016126 1 0 1
32 1 - 88 - 3.075304401339963 0.9970663266528088 0 1 0
32 1 - 89 - 2.825054180342704 1.006843208995027 0 1 0
32 1 - 90 - 3.1430483913281932 1.0411648576846346 0 1 0
32 1 - 91 - 3.3900916233154326 1.1047085286894192 0 1 0
32 1 - 92 - 0.9675879126880318 2.756696634673669 1 0 1
32 1 - 93 - 2.968878748981903 3.0004815560144684 0 0 2
32 1 - 94 - 1.0318074573297054 2.9760710596650215 1 0 1
32 1 - 95 - 0.900693706003949 2.902535083645489 1 0 1
32 1 - 96 - 3.0611496576651307 2.9922773196400763 0 0 2
32 1 - 97 - 2.5240065009954074 3.0048601933716172 1 0 1
32 1 - 98 - 1.1393383256508969 3.285840325329142 1 0 1
32 1 - 99 - 1.0567534236664264 3.194100248297521 1 0 1
32 2 - 0 - 1.742151368021344 4.942066147981677 1 0 1
32 2 - 1 - 2.925437768669023 5.0761457403423265 1 0 1
32 2 - 2 - 2.8974214996560477 4.497902638666953 1 0 1
32 2 - 3 - 4.980865355328812 5.036716501694173 0 0 2
32 2 - 4 - 4.70834842066203 5.587224252017525 0 1 0
32 2 - 5 - 1.0263906729912076 5.27116391332432 1 0 1
32 2 - 6 - 1.140426784326943 4.998545580679395 1 0 1
32 2 - 7 - 4.200911419660163 4.783601535348376 0 0 2
32 2 - 8 - 4.922810188979686 4.8438590743462555 0 0 2
32 2 - 9 - 2.630823691647189 4.6361809063625214 1 0 1
32 2 - 10 - 3.1234735219816985 4.437356085671733 1 0 1
32 2 - 11 - 5.049340498012801 1.1768004430147507 0 1 0
32 2 - 12 - 1.0210791959931764 5.067329189022227 1 0 1
32 2 - 13 - 4.968045072668853 4.895654271686605 0 0 2
32 2 - 14 - 4.248630878340919 4.370671068356993 1 0 1
32 2 - 15 - 1.112525340654732 5.220814777344155 1 0 1
32 2 - 16 - 4.493358733695156 1.217241966999912 0 1 0
32 2 - 17 - 1.3478246426481444 4.521436574674833 1 0 1
32 2 - 18 - 4.714816437995371 5.6640302980085835 0 0 2
32 2 - 19 - 1.7078498780028895 5.067729658990477 1 0 1
32 2 - 20 - 1.1061271646758541 5.177367876691278 1 0 1
32 2 - 21 - 1.347028299991507 4.500206815001245 1 0 1
32 2 - 22 - 4.454072050983086 1.2560878786995695 0 1 0
32 2 - 23 - 1.7009209773386829 4.641268868678405 1 0 1
32 2 - 24 - 1.77002792165149 5.415563943660042 1 0 1
32 2 - 25 - 4.613849901012145 4.401908504990084 0 0 2
32 2 - 26 - 1.5986651176547941 4.720286778640002 1 0 1
32 2 - 27 - 2.089303717308212 4.785896605676195 1 0 1
32 2 - 28 - 1.1425150273522982 5.352596071995018 1 0 1
32 2 - 29 - 4.736403618667586 3.389247653695444 0 1 0
32 2 - 30 - 1.760259269659097 5.550576254026964 1 0 1
32 2 - 31 - 1.8733779670049746 5.280382379656658 1 0 1
32 2 - 32 - 4.993403697017736 1.5484586616512388 0 1 0
32 2 - 33 - 0.9833726743430209 4.658350954666579 1 0 1
32 2 - 34 - 1.124424491698543 4.7626470676623285 1 0 1
32 2 - 35 - 3.2445629946499444 5.361451448989101 1 0 1
32 2 - 36 - 4.762652420322411 5.394685201657315 0 0 2
32 2 - 37 - 4.73087351800253 2.002690368972253 0 1 0
32 2 - 38 - 3.6424266806570813 4.737706220999826 1 0 1
32 2 - 39 - 4.831128779313682 4.698653007372437 0 0 2
32 2 - 40 - 4.614515442653404 4.4915209633375826 0 1 0
32 2 - 41 - 2.661240217334125 4.718466545687988 1 0 1
32 2 - 42 - 3.3919175653524385 4.81877947866451 1 0 1
32 2 - 43 - 2.4395434429946663 5.033769788317538 1 0 1
32 2 - 44 - 3.1492334686530135 4.826678122335579 1 0 1
32 2 - 45 - 4.6618145813117735 1.223959729327665 0 1 0
32 2 - 46 - 1.1159311563048202 5.076556833344512 1 0 1
32 2 - 47 - 1.0731450929694497 4.958681056974456 1 0 1
32 2 - 48 - 3.893262737003776 2.918975506016674 0 1 0
32 2 - 49 - 5.592385177325923 3.917060026957188 0 1 0
32 2 - 50 - 4.747841230671232 2.5704697250233344 0 1 0
32 2 - 51 - 4.442347368322468 4.465185517988478 0 0 2
32 2 - 52 - 0.9984656313317828 4.792490327012881 1 0 1
32 2 - 53 - 1.4247509389921713 4.852011199982371 1 0 1
32 2 - 54 - 4.27492786369597 2.2158806046548607 0 1 0
32 2 - 55 - 2.0559608100253777 5.435047857987229 1 0 1
32 2 - 56 - 3.044065849700322 5.014806293009315 1 0 1
32 2 - 57 - 3.4374078360075755 4.926896659346918 1 0 1
32 2 - 58 - 4.923535632997907 2.466158153004168 0 1 0
32 2 - 59 - 1.0155489756725729 4.667291487334296 1 0 1
32 2 - 60 - 5.3326307150030825 5.112483923013012 0 0 2
32 2 - 61 - 1.1056784386746585 4.238358368670258 1 0 1
32 2 - 62 - 3.09841013267093 4.755899413663428 1 0 1
32 2 - 63 - 1.0125944250030443 4.278134974010754 1 0 1
32 2 - 64 - 1.573249485324292 4.92823624733137 1 0 1
32 2 - 65 - 1.5513898033144264 4.677428439666983 1 0 1
32 2 - 66 - 3.4012710473616607 4.469395582311942 1 0 1
32 2 - 67 - 2.3007081163232215 5.522481735679321 1 0 1
32 2 - 68 - 0.9711993906724578 5.032385146652814 1 0 1
32 2 - 69 - 4.778631522999301 5.206949281661461 0 0 2
32 2 - 70 - 3.458151651682177 4.505421646366206 1 0 1
32 2 - 71 - 1.0720725386636332 5.117057605355512 1 0 1
32 2 - 72 - 2.3742445130095193 5.07193398566839 1 0 1
32 2 - 73 - 4.36094058698897 4.8724853193465005 1 0 1
32 2 - 74 - 4.196762451979643 4.034331789977538 0 1 0
32 2 - 75 - 3.8765772533564204 5.182310485339258 1 0 1
32 2 - 76 - 4.91650909233916 4.684276519983541 0 0 2
32 2 - 77 - 5.289542008967449 5.879465124356405 0 1 0
32 2 - 78 - 1.031605584663339 5.189818027991957 1 0 1
32 2 - 79 - 4.827371688326821 2.6281675653299317 0 1 0
32 2 - 80 - 4.4776890623228 4.86835957095415 0 0 2
32 2 - 81 - 1.1474614429947299 5.461626602705413 1 0 1
32 2 - 82 - 4.8279204263429465 5.765086992663176 0 1 0
32 2 - 83 - 0.9864280056596423 4.836088574666064 1 0 1
32 2 - 84 - 4.594758397666737 1.173682080678797 0 1 0
32 2 - 85 - 4.621525917008209 1.118412969323496 0 1 0
32 2 - 86 - 4.987583663683229 5.006232233679232 0 0 2
32 2 - 87 - 1.5826909743482247 4.8651271516573615 1 0 1
32 2 - 88 - 4.899520917659781 1.036449317354709 0 1 0
32 2 - 89 - 4.35548086365452 3.112069022007442 0 1 0
32 2 - 90 - 4.593328446984136 4.36143110768171 0 1 0
32 2 - 91 - 4.85664272364617 1.146566808669983 0 1 0
32 2 - 92 - 1.000741026015021 4.669614143359164 1 0 1
32 2 - 93 - 4.625126078336811 4.736936454991034 0 0 2
32 2 - 94 - 3.5953002246678807 4.867888998317843 1 0 1
32 2 - 95 - 0.9339908306525709 4.422556046687532 1 0 1
32 2 - 96 - 4.64943319898642 5.005593504310431 0 0 2
32 2 - 97 - 4.606532448301246 4.627309469040483 0 0 2
32 2 - 98 - 2.7931796613459783 5.183155496643546 1 0 1
32 2 - 99 - 1.0894274763413705 5.243635046683873 1 0 1
32 4 - 0 - 1.8269845716422424 8.876319794663383 1 0 1
32 4 - 1 - 3.780260969651863 7.714146123636358 1 0 1
32 4 - 2 - 3.4215706800071835 6.822050449321978 1 0 1
32 4 - 3 - 7.318668738997076 7.952821570662005 0 0 2
32 4 - 4 - 6.771830928007451 7.762747772329021 0 0 2
32 4 - 5 - 1.4789390646813747 6.787545294015823 1 0 1
32 4 - 6 - 1.6821788183491055 7.433931893358628 1 0 1
32 4 - 7 - 7.597310201652969 7.659100729642281 0 0 2
32 4 - 8 - 8.364007005332194 7.407636856330403 0 0 2
32 4 - 9 - 2.1817398666559407 7.567907864693552 1 0 1
32 4 - 10 - 4.382638708339073 6.094704868698803 1 0 1
32 4 - 11 - 7.46616714335202 1.5961197876604274 0 1 0
32 4 - 12 - 1.4135025896830484 8.676480897682875 1 0 1
32 4 - 13 - 6.524794997336964 7.32999299732425 0 0 2
32 4 - 14 - 7.1510168253444135 7.041818957678818 0 0 2
32 4 - 15 - 1.4909713006733607 8.165478766624195 1 0 1
32 4 - 16 - 7.518586623346589 2.375328835682012 0 1 0
32 4 - 17 - 2.956377932006338 7.175449501335 1 0 1
32 4 - 18 - 7.266616685975653 8.879432270303369 0 0 2
32 4 - 19 - 3.329242678999435 6.2241888153366745 1 0 1
32 4 - 20 - 1.5147135250153951 7.327640415363324 1 0 1
32 4 - 21 - 2.394123470003251 6.808216996995422 1 0 1
32 4 - 22 - 8.259852284022298 3.3849497860258757 0 1 0
32 4 - 23 - 2.5205314433551393 7.44138533633668 1 0 1
32 4 - 24 - 1.9769151336707487 6.527784222329501 1 0 1
32 4 - 25 - 7.287604691674157 6.863457339660575 0 0 2
32 4 - 26 - 2.7235430683358572 7.137818245993306 1 0 1
32 4 - 27 - 1.4034962630054604 7.339778838019508 1 0 1
32 4 - 28 - 1.2872005736765761 7.001642760665466 1 0 1
32 4 - 29 - 8.077773467986844 3.844258928690882 0 1 0
32 4 - 30 - 2.6550635166543843 7.64476634633805 1 0 1
32 4 - 31 - 2.3281118696710714 7.162356798692296 1 0 1
32 4 - 32 - 7.871083867968991 2.744289986304163 0 1 0
32 4 - 33 - 1.335645201324951 7.356285189666474 1 0 1
32 4 - 34 - 1.8570091726724058 7.549259213342642 1 0 1
32 4 - 35 - 3.472010514989961 6.350316511331282 1 0 1
32 4 - 36 - 7.695115274012399 8.848719512985554 0 0 2
32 4 - 37 - 8.091724033021213 2.9706746469601057 0 1 0
32 4 - 38 - 3.4571766493415153 5.836538815676855 1 0 1
32 4 - 39 - 6.941261488323411 8.14412635366898 0 0 2
32 4 - 40 - 7.380700361352258 4.792569819333342 0 1 0
32 4 - 41 - 4.060205414328569 8.26760654100993 1 0 1
32 4 - 42 - 2.740312496006178 7.565342050957649 1 0 1
32 4 - 43 - 2.1784371949809915 7.320717855667074 1 0 1
32 4 - 44 - 5.994515214678056 6.627553721676426 1 0 1
32 4 - 45 - 7.600908149324823 4.982781241337459 0 1 0
32 4 - 46 - 1.5455808293190785 7.666285003302619 1 0 1
32 4 - 47 - 1.5657630816761714 7.518124776659533 1 0 1
32 4 - 48 - 6.354748030988655 4.462309348319347 0 1 0
32 4 - 49 - 7.132963152000836 5.090127257998877 0 1 0
32 4 - 50 - 7.111918237002101 5.820992964358689 0 1 0
32 4 - 51 - 7.415822925007282 7.7995747207120685 0 0 2
32 4 - 52 - 1.3168281189864501 7.344391907992152 1 0 1
32 4 - 53 - 2.720225648333629 7.706230858360262 1 0 1
32 4 - 54 - 6.5758466203503 3.880639383026088 0 1 0
32 4 - 55 - 1.614415762363933 6.743216380360536 1 0 1
32 4 - 56 - 3.616223885347911 6.057712768980613 1 0 1
32 4 - 57 - 5.98061716366404 7.175693482315788 1 0 1
32 4 - 58 - 7.906116923317313 3.5379981260048226 0 1 0
32 4 - 59 - 2.854249701020308 8.871671760318955 1 0 1
32 4 - 60 - 8.103477522342775 6.799100962331674 0 0 2
32 4 - 61 - 2.7630921949942904 7.26761201202559 1 0 1
32 4 - 62 - 2.2607980339865508 6.883207604657704 1 0 1
32 4 - 63 - 1.2648200189772372 6.573954818304628 1 0 1
32 4 - 64 - 4.255695844670602 7.619804463019439 1 0 1
32 4 - 65 - 2.0866888983291574 7.28585849700418 1 0 1
32 4 - 66 - 4.334786634329551 7.0537238336789105 1 0 1
32 4 - 67 - 2.587366738996934 6.98181684097896 1 0 1
32 4 - 68 - 1.7022281343427796 7.493084153994762 1 0 1
32 4 - 69 - 7.006429970671888 7.367392890000096 0 0 2
32 4 - 70 - 3.9736420823610388 5.954022755341915 1 0 1
32 4 - 71 - 1.6760950583460121 7.385449648989986 1 0 1
32 4 - 72 - 2.8067972123196037 6.713609595006953 1 0 1
32 4 - 73 - 5.983493759355042 7.799917663001301 1 0 1
32 4 - 74 - 7.223385828663595 5.5548717406733585 0 1 0
32 4 - 75 - 5.605733947673191 6.323608471022453 1 0 1
32 4 - 76 - 6.403593656684583 7.2663748613170664 0 0 2
32 4 - 77 - 7.494076626006669 8.852604748002097 0 0 2
32 4 - 78 - 1.865976599995823 8.393052941615071 1 0 1
32 4 - 79 - 7.783325902011711 4.453773245001988 0 1 0
32 4 - 80 - 7.7160334039945155 7.404703214686984 0 0 2
32 4 - 81 - 1.5570298646537897 7.175082641323873 1 0 1
32 4 - 82 - 7.282259768010893 8.690381641034037 0 0 2
32 4 - 83 - 1.3734513679907348 7.015804291004315 1 0 1
32 4 - 84 - 7.278290356664608 2.5477805376867764 0 1 0
32 4 - 85 - 6.657628415365859 2.3336083546940545 0 1 0
32 4 - 86 - 7.169854814671756 6.950196612335276 0 0 2
32 4 - 87 - 2.998330816316108 6.638983448327053 1 0 1
32 4 - 88 - 7.20343941731456 2.906897932640277 0 1 0
32 4 - 89 - 6.734796972363256 4.483256869309116 0 1 0
32 4 - 90 - 6.376358939994437 4.286372032288152 0 1 0
32 4 - 91 - 6.36347930599004 2.3993191049667075 0 1 0
32 4 - 92 - 1.8478721846477129 7.189963340953303 1 0 1
32 4 - 93 - 7.646619176336874 8.224389591312502 0 0 2
32 4 - 94 - 3.091459419675327 7.073027111027234 1 0 1
32 4 - 95 - 1.7397971233391825 8.75505022861762 1 0 1
32 4 - 96 - 7.306196801674863 7.373706863300565 0 0 2
32 4 - 97 - 8.174434473311218 7.242026802327018 0 0 2
32 4 - 98 - 5.225103436309534 6.70989214401925 1 0 1
32 4 - 99 - 1.2727627650019713 6.726613325668343 1 0 1
32 8 - 0 - 4.020009770970016 9.632944148014454 1 0 1
32 8 - 1 - 2.05464684299659 9.931571547718098 1 0 1
32 8 - 2 - 2.365171783681338 10.536994945995199 1 0 1
32 8 - 3 - 8.962628775644891 10.259476956659151 0 0 2
32 8 - 4 - 10.062343663031546 13.17571606997323 0 0 2
32 8 - 5 - 1.6672392290007942 12.256023625358164 1 0 1
32 8 - 6 - 2.4324898113457794 9.183451025028868 1 0 1
32 8 - 7 - 10.613389439628614 9.061821295996197 0 0 2
32 8 - 8 - 10.833715436669689 10.55522415934441 0 0 2
32 8 - 9 - 3.3046656566439196 11.644033259013668 1 0 1
32 8 - 10 - 5.660787444018449 9.142153762688395 1 0 1
32 8 - 11 - 8.976442907995079 1.9671773253551994 0 1 0
32 8 - 12 - 1.5384284106548876 10.581890144676436 1 0 1
32 8 - 13 - 9.383904709344884 10.254542446966903 0 0 2
32 8 - 14 - 11.669914689322468 8.581011989018103 0 0 2
32 8 - 15 - 2.361601684979784 11.251261596994786 1 0 1
32 8 - 16 - 9.131158288316026 4.636592429655138 0 1 0
32 8 - 17 - 3.4827949846706665 9.437718581350055 1 0 1
32 8 - 18 - 10.505076653013626 9.368310111982282 0 0 2
32 8 - 19 - 4.115605954352456 9.233244712328693 1 0 1
32 8 - 20 - 1.3982539583424418 9.885568052336263 1 0 1
32 8 - 21 - 2.12537481833715 10.39960186565683 1 0 1
32 8 - 22 - 8.605250584330255 3.4584771313626943 0 1 0
32 8 - 23 - 4.410978319006972 8.755586237995885 1 0 1
32 8 - 24 - 2.0498207723139785 8.427291035341721 1 0 1
32 8 - 25 - 8.471485044341534 9.548833916313015 0 0 2
32 8 - 26 - 2.0578210886839465 10.096777085680515 1 0 1
32 8 - 27 - 1.863995369678984 8.110240968041278 1 0 1
32 8 - 28 - 1.6927973766772386 9.887230988650117 1 0 1
32 8 - 29 - 8.370205087315602 5.687595580335862 0 1 0
32 8 - 30 - 3.6303313419921324 9.40294931231377 1 0 1
32 8 - 31 - 3.39547163566264 9.170080957992468 1 0 1
32 8 - 32 - 9.59871333965566 2.010356888989918 0 1 0
32 8 - 33 - 1.4758166116468299 12.232222666304247 1 0 1
32 8 - 34 - 1.796639610993831 11.097159334652437 1 0 1
32 8 - 35 - 4.712986885667002 10.00021549698431 1 0 1
32 8 - 36 - 10.075837606641773 14.83611938303026 0 0 2
32 8 - 37 - 11.34238515200559 3.6887209730145214 0 1 0
32 8 - 38 - 3.9227170446732393 9.386453180011207 1 0 1
32 8 - 39 - 9.065511382669985 11.085143406642601 0 0 2
32 8 - 40 - 8.01365084501837 5.975714122352656 0 1 0
32 8 - 41 - 4.026762631353146 9.823245326639153 1 0 1
32 8 - 42 - 4.086464872312111 10.563806201699967 1 0 1
32 8 - 43 - 2.333864326006733 9.536393263668288 1 0 1
32 8 - 44 - 3.207356456317939 9.227238886989653 1 0 1
32 8 - 45 - 8.755938853990907 4.510533845323759 0 1 0
32 8 - 46 - 2.606227463344112 9.892699869369002 1 0 1
32 8 - 47 - 1.9448406313313171 11.534495027658219 1 0 1
32 8 - 48 - 8.676813611004036 5.112063736324974 0 1 0
32 8 - 49 - 9.281321154364074 3.5502207773388363 0 1 0
32 8 - 50 - 9.280189177331826 5.194701170335368 0 1 0
32 8 - 51 - 13.30714769467401 12.373747502977494 0 0 2
32 8 - 52 - 2.1304939330051034 9.67343454200697 1 0 1
32 8 - 53 - 2.322351917663279 9.560051902022678 1 0 1
32 8 - 54 - 9.284516685312457 4.555706713018784 0 1 0
32 8 - 55 - 1.3347722403317068 9.659366868649766 1 0 1
32 8 - 56 - 2.776617869307908 9.16048909634507 1 0 1
32 8 - 57 - 3.4828720956575125 10.331381520334011 1 0 1
32 8 - 58 - 9.608868068316951 3.4613631059958907 0 1 0
32 8 - 59 - 2.1490611986761605 10.299992027653692 1 0 1
32 8 - 60 - 10.908392938649436 9.098522842687089 0 0 2
32 8 - 61 - 3.8372342573323595 10.055235776681608 1 0 1
32 8 - 62 - 4.359943058361144 9.670536609696379 1 0 1
32 8 - 63 - 1.619121208670549 9.525085775026431 1 0 1
32 8 - 64 - 5.83319640464227 7.784138854631844 1 0 1
32 8 - 65 - 2.2656803083373234 11.535992694688806 1 0 1
32 8 - 66 - 4.899551954683072 9.283779227659883 1 0 1
32 8 - 67 - 4.327658080651114 7.603134794335347 1 0 1
32 8 - 68 - 1.8693488550100785 8.619560157336915 1 0 1
32 8 - 69 - 10.392367186335225 8.972203171967218 0 0 2
32 8 - 70 - 4.910399326996412 9.50035388666826 1 0 1
32 8 - 71 - 1.6175631883476551 8.915538659028243 1 0 1
32 8 - 72 - 4.39951582699238 8.501479889654243 1 0 1
32 8 - 73 - 12.38474366934194 8.918412436672952 0 0 2
32 8 - 74 - 9.407537639684355 6.118520288359529 0 1 0
32 8 - 75 - 4.852066307328641 9.874730479321443 1 0 1
32 8 - 76 - 11.032193380000535 8.274991032977898 0 0 2
32 8 - 77 - 9.526782848678218 12.636297402340764 0 0 2
32 8 - 78 - 2.7926488390269997 11.558754539621683 1 0 1
32 8 - 79 - 8.690012623323128 7.764601892326027 0 1 0
32 8 - 80 - 9.270812170327797 9.975943457665078 0 0 2
32 8 - 81 - 1.7439741483540274 9.613511591994513 1 0 1
32 8 - 82 - 9.862216950316602 12.22597804403631 0 0 2
32 8 - 83 - 1.8080660746782087 9.729953617691839 1 0 1
32 8 - 84 - 9.177172432983449 4.213411329682762 0 1 0
32 8 - 85 - 9.734383767315498 4.284601047984324 0 1 0
32 8 - 86 - 12.590096892012903 9.766872584354132 0 0 2
32 8 - 87 - 3.2903739386432185 8.654965079641746 1 0 1
32 8 - 88 - 11.776770177665943 2.4260244503190433 0 1 0
32 8 - 89 - 8.64522658001321 5.0546656186731225 0 1 0
32 8 - 90 - 11.135368001336852 4.346983925982689 0 1 0
32 8 - 91 - 8.822776618006174 1.4373240572943662 0 1 0
32 8 - 92 - 1.5053380336806488 9.37698238635979 1 0 1
32 8 - 93 - 12.651809505342195 10.065333371652136 0 0 2
32 8 - 94 - 1.783453239671265 10.379259171352412 1 0 1
32 8 - 95 - 2.181826185008201 8.69276348798303 1 0 1
32 8 - 96 - 11.850216705002822 8.76831554400269 0 0 2
32 8 - 97 - 11.482432795339264 11.204196429656196 0 0 2
32 8 - 98 - 5.183479674664946 10.587187258313255 1 0 1
32 8 - 99 - 1.3343974503222853 7.923240606013375 1 0 1
