1 2 1 12 0.00028293110000000003 0 1 1
1 2 2 14 0.0028685948999999998 0 1 1
1 2 3 16 0.023171462600000001 0 1 1
1 2 4 18 0.14586379060000002 0 1 1
1 2 5 20 0.64688175329999997 0 1 1
1 3 1 12 0.0008733065999999999 0 1 1
1 3 2 14 0.0072032143000000009 0 1 1
1 3 3 16 0.068567206800000002 0 1 1
1 3 4 18 0.43917876949999995 0 1 1
1 3 5 20 1.9292864703999999 0 1 1
1 4 1 12 0.0016711868000000001 0 1 1
1 4 2 14 0.014060022799999999 0 1 1
1 4 3 16 0.13831331549999998 0 1 1
1 4 4 18 0.86683574209999992 0 1 1
1 4 5 20 3.8610569538999995 0 1 1
