1 2 1 12 1.0545e-05 0 1 1
1 2 2 14 9.9444999999999994e-06 0 1 1
1 2 3 16 1.6682399999999998e-05 0 1 1
1 2 4 18 2.0466899999999999e-05 0 1 1
1 2 5 20 1.93984e-05 0 1 1
1 3 1 12 3.15373e-05 0 1 1
1 3 2 14 0.00016686730000000001 0 1 1
1 3 3 16 0.00044317180000000002 0 1 1
1 3 4 18 0.0011729177999999999 0 1 1
1 3 5 20 0.0019550137 0 1 1
1 4 1 12 5.7311300000000001e-05 0 1 1
1 4 2 14 0.00047142060000000005 0 1 1
1 4 3 16 0.0012814521 0 1 1
1 4 4 18 0.0028783828999999999 0 1 1
1 4 5 20 0.0052107982999999997 0 1 1
