1 2 1 12 1.8312699999999998e-05 0 1 1
1 2 2 14 0.00014702920000000001 0 1 1
1 2 3 16 0.00056392150000000006 0 1 1
1 2 4 18 0.0012615885999999999 0 1 1
1 2 5 20 0.0019462879 0 1 1
1 3 1 12 4.6402900000000003e-05 0 1 1
1 3 2 14 0.0004006662 0 1 1
1 3 3 16 0.0011677584 0 1 1
1 3 4 18 0.0026315463999999999 0 1 1
1 3 5 20 0.0053314246000000006 0 1 1
1 4 1 12 0.0001068861 0 1 1
1 4 2 14 0.00082118610000000004 0 1 1
1 4 3 16 0.0022619698000000002 0 1 1
1 4 4 18 0.0056776832000000003 0 1 1
1 4 5 20 0.0099455664999999992 0 1 1
