1 2 1 20 1.4005199999999999e-05 0 1 1
1 2 2 22 1.63173e-05 0 1 1
1 2 3 24 2.3364999999999997e-05 0 1 1
1 2 4 26 2.7186600000000002e-05 0 1 1
1 2 5 28 3.8285199999999997e-05 0 1 1
1 3 1 20 4.29654e-05 0 1 1
1 3 2 22 0.00027321970000000002 0 1 1
1 3 3 24 0.0010174043000000001 0 1 1
1 3 4 26 0.0026732862 0 1 1
1 3 5 28 0.0056697561000000002 0 1 1
1 4 1 20 0.0001059248 0 1 1
1 4 2 22 0.0013006210000000001 0 1 1
1 4 3 24 0.0027545574000000001 0 1 1
1 4 4 26 0.0073333194000000006 0 1 1
1 4 5 28 0.015838578999999998 0 1 1
