1 2 1 20 2.6687999999999999e-05 0 1 1
1 2 2 22 0.0002478386 0 1 1
1 2 3 24 0.00099022929999999991 0 1 1
1 2 4 26 0.0026279508999999999 0 1 1
1 2 5 28 0.0056477798000000006 0 1 1
1 3 1 20 7.5425400000000005e-05 0 1 1
1 3 2 22 0.00066509179999999998 0 1 1
1 3 3 24 0.0026485017 0 1 1
1 3 4 26 0.0073901082000000003 0 1 1
1 3 5 28 0.015422818599999999 0 1 1
1 4 1 20 0.00017500419999999999 0 1 1
1 4 2 22 0.0013784195 0 1 1
1 4 3 24 0.0053474385000000001 0 1 1
1 4 4 26 0.014559629199999998 0 1 1
1 4 5 28 0.031151847199999999 0 1 1
