4 1 - 0 - 0.023327370348852128 0.02263380200990165 1 0 1
4 1 - 1 - 0.028735360984380048 0.0257756876720426 0 1 0
4 1 - 2 - 0.030130765323216714 0.027796531988618273 0 1 0
4 1 - 3 - 0.026376244689648352 0.026444949636546276 1 0 1
4 1 - 4 - 0.024572882646073897 0.025033636988761526 1 0 1
4 1 - 5 - 0.028353631341209017 0.02952447494802376 1 0 1
4 1 - 6 - 0.024666295328643173 0.024668862344697118 1 0 1
4 1 - 7 - 0.026194392994511873 0.027979561341150355 1 0 1
4 1 - 8 - 0.026204494332584243 0.026819237663100164 1 0 1
4 1 - 9 - 0.028462495674223952 0.02607367729069665 0 1 0
4 1 - 10 - 0.03137027134653181 0.029651158993753295 1 0 1
4 1 - 11 - 0.024063508996429544 0.0225820443010889 0 1 0
4 1 - 12 - 0.033308523338443294 0.030223419986820467 0 0 2
4 1 - 13 - 0.028249586990568787 0.02892942169758802 1 0 1
4 1 - 14 - 0.029018449325424932 0.026208797295112163 0 1 0
4 1 - 15 - 0.026289791334420443 0.026619141009481005 1 0 1
4 1 - 16 - 0.03079563866291816 0.028572461005145062 0 0 2
4 1 - 17 - 0.024479896664464224 0.023163366015069187 0 1 0
4 1 - 18 - 0.026594925982256733 0.024972911982331425 0 1 0
4 1 - 19 - 0.026467781998993207 0.025825831301820774 1 0 1
4 1 - 20 - 0.027580449997913092 0.023969910689629614 0 1 0
4 1 - 21 - 0.022806066010768213 0.02363478534001236 1 0 1
4 1 - 22 - 0.03221560634362201 0.028773608636887126 1 0 1
4 1 - 23 - 0.0284078053276365 0.025546501332428306 0 1 0
4 1 - 24 - 0.027860534998277824 0.026630786014720798 0 1 0
4 1 - 25 - 0.02853437668333451 0.028923151645964634 1 0 1
4 1 - 26 - 0.03209540034489085 0.028095057680426787 1 0 1
4 1 - 27 - 0.03087330966567 0.029076788341626525 0 0 2
4 1 - 28 - 0.029602444012804575 0.02935841865837574 0 1 0
4 1 - 29 - 0.029669239340970915 0.029526940003658336 0 1 0
4 1 - 30 - 0.02821304833438868 0.02863863465609029 1 0 1
4 1 - 31 - 0.02999168566505735 0.027976491313893348 0 1 0
4 1 - 32 - 0.0306322859833017 0.02838986502805104 0 0 2
4 1 - 33 - 0.02641263367452969 0.027204763027839363 1 0 1
4 1 - 34 - 0.03228643899395441 0.027922295674216002 1 0 1
4 1 - 35 - 0.026286755339242518 0.023164525666895013 0 1 0
4 1 - 36 - 0.02992864364447693 0.03058209832912932 1 0 1
4 1 - 37 - 0.028043214677988242 0.02672788869434347 0 1 0
4 1 - 38 - 0.026444017673687387 0.026935105968732387 1 0 1
4 1 - 39 - 0.025823669663319986 0.02198868264288952 1 0 1
4 1 - 40 - 0.03237910867513468 0.031088755000382662 0 0 2
4 1 - 41 - 0.02494859598421802 0.022919238680818427 0 1 0
4 1 - 42 - 0.026149463005519163 0.026319740631151944 1 0 1
4 1 - 43 - 0.027768225991167128 0.02488633868051693 1 0 1
4 1 - 44 - 0.02878259898473819 0.026228302352440853 1 0 1
4 1 - 45 - 0.032149499670291945 0.028488114029945184 1 0 1
4 1 - 46 - 0.02838487667031586 0.026591594330966473 0 1 0
4 1 - 47 - 0.02446331266158571 0.024859491308840614 1 0 1
4 1 - 48 - 0.027884954334391903 0.025430339640782527 0 1 0
4 1 - 49 - 0.03313002599558482 0.03305717569310218 0 1 0
4 1 - 50 - 0.024351146654225886 0.02506512366623307 1 0 1
4 1 - 51 - 0.02650383165261398 0.024850850633811206 0 1 0
4 1 - 52 - 0.02705649732767294 0.02232870168518275 0 1 0
4 1 - 53 - 0.032254870651134596 0.02875892899464816 1 0 1
4 1 - 54 - 0.022680507022111367 0.02307848131749779 1 0 1
4 1 - 55 - 0.02925335734228914 0.025022056652233005 0 0 2
4 1 - 56 - 0.03215757598324369 0.02859074568065504 0 0 2
4 1 - 57 - 0.02449346964325135 0.02457855667065208 1 0 1
4 1 - 58 - 0.03058382267287622 0.031118192632372182 1 0 1
4 1 - 59 - 0.028689497344506282 0.028693833000337083 1 0 1
4 1 - 60 - 0.024469917989335954 0.026282842639678467 1 0 1
4 1 - 61 - 0.02611832068456958 0.026942505307185154 1 0 1
4 1 - 62 - 0.022816784990330536 0.022175342329622556 1 0 1
4 1 - 63 - 0.026296974683646113 0.023749354295432568 0 1 0
4 1 - 64 - 0.024429479982548703 0.02529085800051689 1 0 1
4 1 - 65 - 0.02680738231477638 0.024870466343903292 0 1 0
4 1 - 66 - 0.029743865986044206 0.03219906066078693 1 0 1
4 1 - 67 - 0.026534519992613543 0.025831703620497137 0 1 0
4 1 - 68 - 0.025184659675384562 0.025015570999433596 1 0 1
4 1 - 69 - 0.029807061325603474 0.030825613376994927 1 0 1
4 1 - 70 - 0.0303886603214778 0.02883200562791899 0 0 2
4 1 - 71 - 0.028017730665548395 0.02966419296960036 1 0 1
4 1 - 72 - 0.02440380865785604 0.024860791629180312 1 0 1
4 1 - 73 - 0.0247020876655976 0.025235102997006226 1 0 1
4 1 - 74 - 0.02665573632111773 0.026858531307273854 1 0 1
4 1 - 75 - 0.03150031700109442 0.02449518465436995 1 0 1
4 1 - 76 - 0.028389022355743993 0.029073567672943074 1 0 1
4 1 - 77 - 0.028044305353735883 0.029414960998110473 1 0 1
4 1 - 78 - 0.026004666656566165 0.02462858334183693 1 0 1
4 1 - 79 - 0.029708344663958997 0.027673160346845787 0 1 0
4 1 - 80 - 0.028144241330058623 0.029184999002609402 1 0 1
4 1 - 81 - 0.02681844764932369 0.026416201687728364 1 0 1
4 1 - 82 - 0.025163139682263136 0.024412846677781392 1 0 1
4 1 - 83 - 0.02671753999311477 0.026905967349496983 1 0 1
4 1 - 84 - 0.023950073324764766 0.022253713997391362 0 1 0
4 1 - 85 - 0.026608237356413156 0.026286540320143104 1 0 1
4 1 - 86 - 0.029914912631890424 0.030202954328463722 1 0 1
4 1 - 87 - 0.028645123995374888 0.026192856661509722 0 1 0
4 1 - 88 - 0.02850566499788935 0.026050281652715057 0 1 0
4 1 - 89 - 0.024611712316982448 0.02572861201285074 1 0 1
4 1 - 90 - 0.027918160679594923 0.02843946567736566 1 0 1
4 1 - 91 - 0.028839569655247033 0.028895208321046084 1 0 1
4 1 - 92 - 0.02650211867876351 0.027072026336099952 1 0 1
4 1 - 93 - 0.02620946866227314 0.026456650618153315 1 0 1
4 1 - 94 - 0.029438565679204963 0.023662237663908552 0 0 2
4 1 - 95 - 0.026318077987525612 0.026589688049474113 1 0 1
4 1 - 96 - 0.03086744931836923 0.028917610334853332 0 1 0
4 1 - 97 - 0.024713826656807214 0.025023233669344336 1 0 1
4 1 - 98 - 0.026138835353776813 0.02361987032539522 0 1 0
4 1 - 99 - 0.02847724334181597 0.02725379099138081 1 0 1
4 2 - 0 - 0.02847619934861238 0.03049839868132646 1 0 1
4 2 - 1 - 0.03675542432271565 0.03312049167773996 0 1 0
4 2 - 2 - 0.038709380004244544 0.03661345434375107 0 0 2
4 2 - 3 - 0.03226741801093643 0.034906614319576576 1 0 1
4 2 - 4 - 0.030414433354356635 0.03343150896641115 1 0 1
4 2 - 5 - 0.03461763233644888 0.037020592678648725 1 0 1
4 2 - 6 - 0.03024489003776883 0.0326818116591312 1 0 1
4 2 - 7 - 0.031723055348265916 0.03535845869919285 1 0 1
4 2 - 8 - 0.030804876315717895 0.035421673324890435 1 0 1
4 2 - 9 - 0.03829550333709146 0.034482311632018536 0 1 0
4 2 - 10 - 0.043551960009305425 0.03543755798212563 0 0 2
4 2 - 11 - 0.03376095666317269 0.031066483662774168 0 1 0
4 2 - 12 - 0.04211383732035756 0.039820811012759805 0 0 2
4 2 - 13 - 0.035146772007768355 0.03804876032518223 1 0 1
4 2 - 14 - 0.03673023332764084 0.03191826401355987 0 1 0
4 2 - 15 - 0.03248759999405593 0.035315478686243296 1 0 1
4 2 - 16 - 0.04120658534035707 0.03632642736192793 0 0 2
4 2 - 17 - 0.03211766667664051 0.028884452340813976 0 1 0
4 2 - 18 - 0.03528545098379254 0.03695132600842044 0 1 0
4 2 - 19 - 0.031097975016261138 0.03470507595920935 1 0 1
4 2 - 20 - 0.035098454992597304 0.031079654640052468 0 1 0
4 2 - 21 - 0.029360382992308587 0.03172513000511875 1 0 1
4 2 - 22 - 0.04431207097756366 0.037836378323845565 0 0 2
4 2 - 23 - 0.03550541965523735 0.03261537201857815 0 1 0
4 2 - 24 - 0.035739314005089305 0.0314308600112175 0 1 0
4 2 - 25 - 0.033520888323740415 0.03630788434141626 1 0 1
4 2 - 26 - 0.044690157674873866 0.03612612234428525 1 0 1
4 2 - 27 - 0.041928301681764424 0.03860645733463267 0 0 2
4 2 - 28 - 0.03696761901179949 0.04049397568451241 0 1 0
4 2 - 29 - 0.0377633263124153 0.03901492536533624 0 0 2
4 2 - 30 - 0.033995636680629104 0.036869510678419225 1 0 1
4 2 - 31 - 0.03546296632460629 0.035430739633738995 0 1 0
4 2 - 32 - 0.04154388565802947 0.03623723102888713 0 0 2
4 2 - 33 - 0.03203912232614432 0.034472158702556044 1 0 1
4 2 - 34 - 0.04580248467391357 0.03651570262930666 1 0 1
4 2 - 35 - 0.03619518666528165 0.028772977006155998 0 1 0
4 2 - 36 - 0.03560938102115567 0.039090974683252476 1 0 1
4 2 - 37 - 0.03571933599111314 0.03174238399757694 0 1 0
4 2 - 38 - 0.03228584999063363 0.03381579031702131 1 0 1
4 2 - 39 - 0.039205946998360254 0.030650060313443344 1 0 1
4 2 - 40 - 0.038538101323259376 0.04075799765996635 0 0 2
4 2 - 41 - 0.03295121000458797 0.031560737697873265 0 1 0
4 2 - 42 - 0.0329895216661195 0.03594516629042725 1 0 1
4 2 - 43 - 0.03063388166871543 0.033633688309540354 1 0 1
4 2 - 44 - 0.04361618164693937 0.03580258668322737 1 0 1
4 2 - 45 - 0.04385666364881521 0.03728729767802482 0 0 2
4 2 - 46 - 0.03566989065924038 0.03188116031621272 0 1 0
4 2 - 47 - 0.03038712501681099 0.03169124198999877 1 0 1
4 2 - 48 - 0.037682472340141736 0.03187624268078556 0 1 0
4 2 - 49 - 0.042339622644552335 0.03784125536913052 0 1 0
4 2 - 50 - 0.03033515966186921 0.03323267431308826 1 0 1
4 2 - 51 - 0.03472601399213697 0.02885963232256472 0 1 0
4 2 - 52 - 0.03664022297986473 0.027153124993977446 0 1 0
4 2 - 53 - 0.0446551976686654 0.037882438628003 0 0 2
4 2 - 54 - 0.028184012665102877 0.030473314691334963 1 0 1
4 2 - 55 - 0.03762761899270117 0.03540635198199501 0 0 2
4 2 - 56 - 0.04007218166952953 0.03888618897569055 0 0 2
4 2 - 57 - 0.030341189335255574 0.03206905965150023 1 0 1
4 2 - 58 - 0.03605054532332967 0.03804533067159355 1 0 1
4 2 - 59 - 0.03337893031615143 0.03595307601305346 1 0 1
4 2 - 60 - 0.029712572984863073 0.03301451869386559 1 0 1
4 2 - 61 - 0.03137534202930207 0.03365086030680686 1 0 1
4 2 - 62 - 0.027971732643588137 0.03131211665458977 1 0 1
4 2 - 63 - 0.03547807032009587 0.032697501650545746 0 1 0
4 2 - 64 - 0.02939273731317371 0.03473546600434929 1 0 1
4 2 - 65 - 0.03444563133719687 0.03303352398021767 0 1 0
4 2 - 66 - 0.036063584013997264 0.03810233335631589 1 0 1
4 2 - 67 - 0.036993749342703566 0.030179983684017014 0 1 0
4 2 - 68 - 0.030253635350770004 0.03284437836070235 1 0 1
4 2 - 69 - 0.03652432968374342 0.03900898135422418 1 0 1
4 2 - 70 - 0.042443288645396635 0.036585538648068905 0 0 2
4 2 - 71 - 0.034422954330996916 0.036875021643936634 1 0 1
4 2 - 72 - 0.031460081673382476 0.03355900097327928 1 0 1
4 2 - 73 - 0.02928630367387086 0.03377244101526837 1 0 1
4 2 - 74 - 0.03174407834497591 0.03626426196812342 1 0 1
4 2 - 75 - 0.04174742535299932 0.03268520200314621 1 0 1
4 2 - 76 - 0.03464241634355858 0.036617035647698984 1 0 1
4 2 - 77 - 0.03448727400973439 0.03661914936189229 1 0 1
4 2 - 78 - 0.0397193649938951 0.03237761231139302 1 0 1
4 2 - 79 - 0.03716991898060466 0.0386257940166009 0 1 0
4 2 - 80 - 0.033282366658871375 0.036144449336764715 1 0 1
4 2 - 81 - 0.032326451677363366 0.03527812197959671 1 0 1
4 2 - 82 - 0.030850973348909367 0.03392598999198526 1 0 1
4 2 - 83 - 0.03308952267980203 0.03459064336493611 1 0 1
4 2 - 84 - 0.03138302200629066 0.027167151332832873 0 1 0
4 2 - 85 - 0.03167248732643202 0.03623721731128171 1 0 1
4 2 - 86 - 0.03520942533699174 0.03740001902527486 1 0 1
4 2 - 87 - 0.037735045344258346 0.03452931030187756 0 1 0
4 2 - 88 - 0.03667019899391259 0.032711166694449886 0 1 0
4 2 - 89 - 0.030458733012589313 0.033565215979857996 1 0 1
4 2 - 90 - 0.033428277665128306 0.03720038432705526 1 0 1
4 2 - 91 - 0.034727824657845005 0.03683078498579562 1 0 1
4 2 - 92 - 0.03284592001000419 0.03619515767786652 1 0 1
4 2 - 93 - 0.03147865800807874 0.03389889601385221 1 0 1
4 2 - 94 - 0.03949719900265336 0.03190403099870309 0 0 2
4 2 - 95 - 0.031613748986274004 0.03440330563656365 1 0 1
4 2 - 96 - 0.040842972676424935 0.04030262837962558 0 0 2
4 2 - 97 - 0.03147041331976652 0.03315937501611188 1 0 1
4 2 - 98 - 0.035875623987521976 0.030119184016560517 0 1 0
4 2 - 99 - 0.043572880676947534 0.034738794357205435 1 0 1
4 4 - 0 - 0.03559815099773308 0.04066731033769126 1 0 1
4 4 - 1 - 0.04573217699847495 0.04080087101707856 0 1 0
4 4 - 2 - 0.04835662400970856 0.046937747315193214 0 0 2
4 4 - 3 - 0.03902463531509663 0.046387871339296304 1 0 1
4 4 - 4 - 0.037035295992003135 0.04271207901183516 1 0 1
4 4 - 5 - 0.042128067677064486 0.045644945678456374 1 0 1
4 4 - 6 - 0.0382679186683769 0.04278971563326195 1 0 1
4 4 - 7 - 0.03869483934249729 0.0444462086694936 1 0 1
4 4 - 8 - 0.04009909500988821 0.04419649169237042 1 0 1
4 4 - 9 - 0.045332288660574704 0.04086167765005182 0 1 0
4 4 - 10 - 0.05246931630730008 0.04631515666066359 0 0 2
4 4 - 11 - 0.04456300530970717 0.03950647035768876 0 1 0
4 4 - 12 - 0.052088801690842956 0.05041152867488563 0 0 2
4 4 - 13 - 0.04260588466422632 0.04621974667922283 1 0 1
4 4 - 14 - 0.0468760643270798 0.042113526336227856 0 1 0
4 4 - 15 - 0.03976816034022098 0.04306589767414456 1 0 1
4 4 - 16 - 0.05136492766905576 0.04590078233741224 0 0 2
4 4 - 17 - 0.04180500900838524 0.034820851346012205 0 1 0
4 4 - 18 - 0.04768445666801805 0.044463709326616176 0 0 2
4 4 - 19 - 0.03840482231074323 0.04275157199784492 1 0 1
4 4 - 20 - 0.04274778933419536 0.03895781165920198 0 1 0
4 4 - 21 - 0.03518929233541712 0.04119342967169359 1 0 1
4 4 - 22 - 0.05223587232952317 0.04773804568685591 0 0 2
4 4 - 23 - 0.045894742652308196 0.04237610367514814 0 1 0
4 4 - 24 - 0.04613112600054592 0.04469256064233681 0 1 0
4 4 - 25 - 0.040803774318192154 0.04741358931642026 1 0 1
4 4 - 26 - 0.05323477432830259 0.045571474998723716 0 0 2
4 4 - 27 - 0.05268917131858567 0.048930980691996716 0 0 2
4 4 - 28 - 0.05107369099278003 0.04575668236551186 0 0 2
4 4 - 29 - 0.05099627831562732 0.049943373984812446 0 0 2
4 4 - 30 - 0.04094828801074376 0.04650079633574933 1 0 1
4 4 - 31 - 0.04829503397922963 0.04329639667412266 0 1 0
4 4 - 32 - 0.05191320301188777 0.045846657342432685 0 0 2
4 4 - 33 - 0.04169054069401076 0.04492856403036664 1 0 1
4 4 - 34 - 0.05278194565714026 0.04516162366295854 0 0 2
4 4 - 35 - 0.04331301833735779 0.03636313868143286 0 1 0
4 4 - 36 - 0.04480547867327307 0.04807916231220588 1 0 1
4 4 - 37 - 0.046145207656081766 0.044282840661859765 0 1 0
4 4 - 38 - 0.04218318332762768 0.043549713639852904 1 0 1
4 4 - 39 - 0.04908692799896623 0.03759377162593107 1 0 1
4 4 - 40 - 0.05180588432510073 0.04863090035117541 0 0 2
4 4 - 41 - 0.043264616339001805 0.039689949985283114 0 1 0
4 4 - 42 - 0.03967851000682761 0.044814122995982565 1 0 1
4 4 - 43 - 0.037330734330074236 0.044113374334604785 1 0 1
4 4 - 44 - 0.0486839793350858 0.04280841300108781 0 0 2
4 4 - 45 - 0.051629631663672626 0.04808408602063234 0 0 2
4 4 - 46 - 0.04619945967957999 0.04314210498705506 0 1 0
4 4 - 47 - 0.03816034800062577 0.04445538900714988 1 0 1
4 4 - 48 - 0.0474922686504821 0.04091707397795593 0 1 0
4 4 - 49 - 0.050467288315606616 0.04859837765494982 0 1 0
4 4 - 50 - 0.03718914665902654 0.043123738296950855 1 0 1
4 4 - 51 - 0.044579214649274945 0.03611021001900856 0 1 0
4 4 - 52 - 0.04464074866458153 0.03802452663270136 0 1 0
4 4 - 53 - 0.05255644232966006 0.047938613318062075 0 0 2
4 4 - 54 - 0.0358221809923028 0.04141517367679626 1 0 1
4 4 - 55 - 0.04824789764825255 0.04320057599882905 0 0 2
4 4 - 56 - 0.0510945479812411 0.048262902011629194 0 0 2
4 4 - 57 - 0.038153889666621886 0.045193435333203524 1 0 1
4 4 - 58 - 0.04246494899659107 0.048444750330721334 1 0 1
4 4 - 59 - 0.04113112001990278 0.044873281983503446 1 0 1
4 4 - 60 - 0.036701419351932905 0.04215044132433832 1 0 1
4 4 - 61 - 0.041632724654239915 0.044968218639648214 1 0 1
4 4 - 62 - 0.03646776466242348 0.03908845401989917 1 0 1
4 4 - 63 - 0.043804478676368795 0.039765152983212225 0 1 0
4 4 - 64 - 0.036242997002167 0.042261054021461554 1 0 1
4 4 - 65 - 0.04495062333686898 0.0423648149978059 0 1 0
4 4 - 66 - 0.04370877732678006 0.04943420899022991 1 0 1
4 4 - 67 - 0.04529780931382751 0.03970945432471732 0 1 0
4 4 - 68 - 0.03727225600353753 0.04284584869553024 1 0 1
4 4 - 69 - 0.042688214646962784 0.049649633350782096 1 0 1
4 4 - 70 - 0.05112957502327239 0.04691624769475311 0 0 2
4 4 - 71 - 0.04313098097918555 0.046160649644055717 1 0 1
4 4 - 72 - 0.03724162633686016 0.043255703640170395 1 0 1
4 4 - 73 - 0.03919805266195908 0.04120813634168977 1 0 1
4 4 - 74 - 0.038972718330721065 0.04472655195665236 1 0 1
4 4 - 75 - 0.05334784067235887 0.042348777661876134 1 0 1
4 4 - 76 - 0.04241653496865183 0.04452661597557987 1 0 1
4 4 - 77 - 0.04240629899625977 0.04574050102382898 1 0 1
4 4 - 78 - 0.04675942267446469 0.042100005356284484 1 0 1
4 4 - 79 - 0.04908355699929719 0.04146854699744532 0 1 0
4 4 - 80 - 0.0422951199968035 0.045124123338609934 1 0 1
4 4 - 81 - 0.04028850231164446 0.04325504368171096 1 0 1
4 4 - 82 - 0.0373858503298834 0.04316457865449289 1 0 1
4 4 - 83 - 0.04008856700966135 0.045294918973619744 1 0 1
4 4 - 84 - 0.04043385834665969 0.0358030183124356 0 1 0
4 4 - 85 - 0.04124446834127109 0.044527435675263405 1 0 1
4 4 - 86 - 0.04240302467951551 0.04898516934675475 1 0 1
4 4 - 87 - 0.044798526292045907 0.04232950900526096 0 1 0
4 4 - 88 - 0.04609231198749816 0.043542519328184426 0 1 0
4 4 - 89 - 0.037686487019527704 0.04424768036309009 1 0 1
4 4 - 90 - 0.04040818298623587 0.047011466367015 1 0 1
4 4 - 91 - 0.04262038132098193 0.04451942699961364 1 0 1
4 4 - 92 - 0.039021642335380115 0.044677397701889277 1 0 1
4 4 - 93 - 0.04088634031359106 0.043968000332824886 1 0 1
4 4 - 94 - 0.04561085733197009 0.042549262657606356 0 0 2
4 4 - 95 - 0.03873636100130777 0.045782833670576416 1 0 1
4 4 - 96 - 0.051160500675905496 0.04955268501847361 0 0 2
4 4 - 97 - 0.03638314434404795 0.040985349973198026 1 0 1
4 4 - 98 - 0.045097764348611236 0.03641887397194902 0 1 0
4 4 - 99 - 0.05373244332925727 0.04380072765828421 0 0 2
8 1 - 0 - 0.07755129266297445 0.08726481000970429 1 0 1
8 1 - 1 - 0.08616149066559349 0.07736887198795253 0 1 0
8 1 - 2 - 0.09546614700229838 0.10339066000112021 0 1 0
8 1 - 3 - 0.09920175198931247 0.08199816301930696 0 1 0
8 1 - 4 - 0.06900745267436528 0.08478068771849696 1 0 1
8 1 - 5 - 0.06602240400388837 0.07735760164602348 1 0 1
8 1 - 6 - 0.0913994283376572 0.08508034566572557 0 1 0
8 1 - 7 - 0.07306717000513648 0.08907745567072804 1 0 1
8 1 - 8 - 0.08721832835969205 0.08395853436862429 0 0 2
8 1 - 9 - 0.08663870564972362 0.08466817035029332 0 1 0
8 1 - 10 - 0.08843330866269147 0.07866050367010757 0 1 0
8 1 - 11 - 0.0895636846544221 0.07291356833108391 0 1 0
8 1 - 12 - 0.0828489350193801 0.09878242465977867 1 0 1
8 1 - 13 - 0.11044445234195639 0.10957658232655376 0 0 2
8 1 - 14 - 0.0978197906515561 0.07994048999777684 0 1 0
8 1 - 15 - 0.08351345498037215 0.10079465499923874 1 0 1
8 1 - 16 - 0.09152056866635878 0.0759049856569618 0 1 0
8 1 - 17 - 0.08494495631506047 0.0959341559597912 1 0 1
8 1 - 18 - 0.09106513731724893 0.08529784499357143 0 1 0
8 1 - 19 - 0.07255307664551461 0.08171020966256037 1 0 1
8 1 - 20 - 0.10253264467852811 0.09318946400890127 0 0 2
8 1 - 21 - 0.08561845897929743 0.07470436533913016 0 1 0
8 1 - 22 - 0.08181191099962841 0.10117012235180785 1 0 1
8 1 - 23 - 0.08345473730393374 0.09945494367275387 1 0 1
8 1 - 24 - 0.09287632732108857 0.08916050001668434 0 0 2
8 1 - 25 - 0.10181628165688987 0.09771737401994567 0 1 0
8 1 - 26 - 0.10205957900810365 0.10184850935668995 0 0 2
8 1 - 27 - 0.09432476398069412 0.0839178819830219 0 1 0
8 1 - 28 - 0.08166368468664587 0.09269330834892268 1 0 1
8 1 - 29 - 0.10068405935696016 0.09550008602673188 0 1 0
8 1 - 30 - 0.08549151934372881 0.10398307330130288 1 0 1
8 1 - 31 - 0.08597012168805425 0.10380459064617753 1 0 1
8 1 - 32 - 0.07144821097608656 0.08741634732966 1 0 1
8 1 - 33 - 0.09372070466633886 0.090664887354554 0 1 0
8 1 - 34 - 0.09755980667735761 0.09445586331033459 1 0 1
8 1 - 35 - 0.06801263235198955 0.08392102069531879 1 0 1
8 1 - 36 - 0.1011682020034641 0.08391838332560535 0 1 0
8 1 - 37 - 0.08857349265599623 0.07584766900011648 0 1 0
8 1 - 38 - 0.09707021133120482 0.09599587133076663 0 1 0
8 1 - 39 - 0.10293185734190047 0.10946927334104355 0 0 2
8 1 - 40 - 0.08187166669328387 0.07352532300865278 0 1 0
8 1 - 41 - 0.06895877766267708 0.08400721533689648 1 0 1
8 1 - 42 - 0.07493963166295241 0.08817304498127973 1 0 1
8 1 - 43 - 0.08910209233484541 0.1065539193417256 1 0 1
8 1 - 44 - 0.07925339165376499 0.09651843332297479 1 0 1
8 1 - 45 - 0.09501287535143395 0.0834258163231425 0 1 0
8 1 - 46 - 0.1102431322991227 0.09580849301225196 0 1 0
8 1 - 47 - 0.07254795330421378 0.08597940701292828 1 0 1
8 1 - 48 - 0.09589008331143607 0.09169721432651083 1 0 1
8 1 - 49 - 0.09443514134424429 0.08982627931982279 0 0 2
8 1 - 50 - 0.10000266431597993 0.09564397094072774 0 1 0
8 1 - 51 - 0.11035535030532628 0.10863886065393065 0 0 2
8 1 - 52 - 0.12198355632911746 0.11301286764986192 1 0 1
8 1 - 53 - 0.0980589149791437 0.08968794202276816 0 1 0
8 1 - 54 - 0.10687878167179102 0.09213903299920881 1 0 1
8 1 - 55 - 0.09154825201646115 0.07789440732449293 0 1 0
8 1 - 56 - 0.09213059901958331 0.0881951556657441 1 0 1
8 1 - 57 - 0.08568691633020838 0.10111419101788972 1 0 1
8 1 - 58 - 0.09926950533796723 0.09655688864101346 0 1 0
8 1 - 59 - 0.09485677165988211 0.08670453866943717 0 1 0
8 1 - 60 - 0.10113417132136723 0.09020420035813004 0 1 0
8 1 - 61 - 0.08222736732568592 0.09778565998810032 1 0 1
8 1 - 62 - 0.07593367169223104 0.09350009367335588 1 0 1
8 1 - 63 - 0.11612075867985065 0.10293174263400337 1 0 1
8 1 - 64 - 0.1101058489875868 0.112279181368649 0 0 2
8 1 - 65 - 0.08223733166232705 0.10119875035403918 1 0 1
8 1 - 66 - 0.075276345325013 0.08809762131810808 1 0 1
8 1 - 67 - 0.105730254338899 0.10693288433443134 0 1 0
8 1 - 68 - 0.09735814132727683 0.08374925299237172 0 1 0
8 1 - 69 - 0.09994510064522424 0.08448827099831153 0 1 0
8 1 - 70 - 0.07991463231155649 0.09623156163919096 1 0 1
8 1 - 71 - 0.11314422367528702 0.09655593799349542 1 0 1
8 1 - 72 - 0.09834398600893716 0.08308320799066375 0 1 0
8 1 - 73 - 0.09505907665394867 0.08894932035279149 0 1 0
8 1 - 74 - 0.07138779934030026 0.08080200899469978 1 0 1
8 1 - 75 - 0.09235546865966171 0.07984356531718124 0 1 0
8 1 - 76 - 0.08696545899147168 0.1074978620163165 1 0 1
8 1 - 77 - 0.08632282396623243 0.10115199735931431 1 0 1
8 1 - 78 - 0.07514217268908396 0.0891559566759194 1 0 1
8 1 - 79 - 0.0946998133440502 0.07433909697768588 0 1 0
8 1 - 80 - 0.09248224131685372 0.1064641839863422 1 0 1
8 1 - 81 - 0.09828467897993201 0.09488900133874267 0 1 0
8 1 - 82 - 0.0722143166543295 0.08034838400393103 1 0 1
8 1 - 83 - 0.07725606598736097 0.08983826697415982 1 0 1
8 1 - 84 - 0.07636068299567947 0.09383406169945374 1 0 1
8 1 - 85 - 0.09779404767323285 0.0830158666940406 0 1 0
8 1 - 86 - 0.09345617333504683 0.08088556001894176 0 1 0
8 1 - 87 - 0.07464693568181247 0.088311891653575 1 0 1
8 1 - 88 - 0.07943323099364837 0.09747356500398989 1 0 1
8 1 - 89 - 0.09547533201597011 0.09242145532819754 0 1 0
8 1 - 90 - 0.11208912066649646 0.1061468573558765 0 0 2
8 1 - 91 - 0.09719101296893011 0.0902475713325354 1 0 1
8 1 - 92 - 0.09757935335316385 0.08521155201985191 0 1 0
8 1 - 93 - 0.08435038201666127 0.07535012900674096 0 1 0
8 1 - 94 - 0.08556341767931977 0.10457475066262607 1 0 1
8 1 - 95 - 0.08784239030986403 0.10453159800575425 1 0 1
8 1 - 96 - 0.07176703300016621 0.08383478365916137 1 0 1
8 1 - 97 - 0.09892566667015974 0.10064790099083135 1 0 1
8 1 - 98 - 0.0869405663300616 0.10867610598991935 1 0 1
8 1 - 99 - 0.09666992132163917 0.08206621600159754 0 1 0
8 2 - 0 - 0.08687750867102295 0.11772429135938485 1 0 1
8 2 - 1 - 0.10666911833686754 0.09640285832574591 0 1 0
8 2 - 2 - 0.13933451865644506 0.13849961097973087 0 0 2
8 2 - 3 - 0.12350928232384224 0.11662039568182081 0 1 0
8 2 - 4 - 0.07833173166727647 0.10365164999772485 1 0 1
8 2 - 5 - 0.07567711401497945 0.10785836835081378 1 0 1
8 2 - 6 - 0.12741262399746725 0.14263944065896794 0 1 0
8 2 - 7 - 0.08448847835340227 0.1179560409897628 1 0 1
8 2 - 8 - 0.11977024067891762 0.12494231234692658 0 0 2
8 2 - 9 - 0.11538737833810349 0.1256441519750903 0 1 0
8 2 - 10 - 0.11979231300453345 0.11655798337111871 0 1 0
8 2 - 11 - 0.12327354432394107 0.11332602533123766 0 1 0
8 2 - 12 - 0.09510963565359512 0.13838635833235458 1 0 1
8 2 - 13 - 0.13687253731768578 0.15250358068927503 0 0 2
8 2 - 14 - 0.12404018502760057 0.11366364330751821 0 1 0
8 2 - 15 - 0.09542936833652979 0.13281282369280234 1 0 1
8 2 - 16 - 0.1238780866454666 0.10812911664834246 0 1 0
8 2 - 17 - 0.0960338670023096 0.14195594701838368 1 0 1
8 2 - 18 - 0.11950943799456581 0.11489562397279465 0 1 0
8 2 - 19 - 0.0841582526724475 0.11443237265727171 1 0 1
8 2 - 20 - 0.13320532330544665 0.13831204666833705 0 0 2
8 2 - 21 - 0.11618960165651515 0.10787065635668114 0 1 0
8 2 - 22 - 0.09684711465767275 0.12187881899687152 1 0 1
8 2 - 23 - 0.09577425332584728 0.13487215130589902 1 0 1
8 2 - 24 - 0.11541114270221442 0.12774665300579122 0 0 2
8 2 - 25 - 0.1302254149923101 0.15574346634093672 0 0 2
8 2 - 26 - 0.139380123000592 0.13767236333418015 0 0 2
8 2 - 27 - 0.12907830167872208 0.12102385100054866 0 1 0
8 2 - 28 - 0.1003038696750688 0.1306250299870347 1 0 1
8 2 - 29 - 0.12099340633722022 0.1347798353332716 0 1 0
8 2 - 30 - 0.11054333066567779 0.13654020298660421 1 0 1
8 2 - 31 - 0.10545293232037996 0.13433940764904645 1 0 1
8 2 - 32 - 0.08251525333616883 0.11886198195861652 1 0 1
8 2 - 33 - 0.12434272466149802 0.13017204869538546 0 1 0
8 2 - 34 - 0.16812918335199356 0.13500247333043564 1 0 1
8 2 - 35 - 0.07971704334098224 0.11442664463538677 1 0 1
8 2 - 36 - 0.1322748483507894 0.13364743000905338 0 1 0
8 2 - 37 - 0.12140773568535224 0.11728999798651785 0 1 0
8 2 - 38 - 0.12019645335385576 0.11687887700585027 0 1 0
8 2 - 39 - 0.1524140840047039 0.14487223501782864 0 0 2
8 2 - 40 - 0.11407204302183042 0.10073908470803872 0 1 0
8 2 - 41 - 0.07871440132536615 0.12190634231471147 1 0 1
8 2 - 42 - 0.09079648368060589 0.13199971767608076 1 0 1
8 2 - 43 - 0.11278741767940423 0.14726926169047752 1 0 1
8 2 - 44 - 0.09902519763757785 0.1308104510147435 1 0 1
8 2 - 45 - 0.12273102465163296 0.10017976366604368 0 1 0
8 2 - 46 - 0.1389606213197112 0.1270709970073464 0 1 0
8 2 - 47 - 0.08293170169539128 0.1118841699984235 1 0 1
8 2 - 48 - 0.1621402706562852 0.13159243731449047 1 0 1
8 2 - 49 - 0.12215358967659995 0.13890917065630978 0 0 2
8 2 - 50 - 0.13014434766955674 0.13539245899301022 0 1 0
8 2 - 51 - 0.1359735779891101 0.13849768766279644 0 0 2
8 2 - 52 - 0.14925471167468154 0.15544335301577422 0 0 2
8 2 - 53 - 0.13451584168554595 0.11865945302027588 0 1 0
8 2 - 54 - 0.13177535065915436 0.11782704530439028 0 0 2
8 2 - 55 - 0.12357379798777401 0.09776436504519855 0 1 0
8 2 - 56 - 0.14673357032006606 0.12282919932234411 1 0 1
8 2 - 57 - 0.10452537265761445 0.1482618572966506 1 0 1
8 2 - 58 - 0.13345940201543272 0.12318885235193495 0 1 0
8 2 - 59 - 0.12479330966016278 0.11154361430089921 0 1 0
8 2 - 60 - 0.14031956267232695 0.14054895964606354 0 1 0
8 2 - 61 - 0.10366011137375608 0.13681405167638636 1 0 1
8 2 - 62 - 0.08784000635690366 0.12035838632921998 1 0 1
8 2 - 63 - 0.14177643267127377 0.1310564783246567 0 0 2
8 2 - 64 - 0.14591793599538505 0.1507802076715355 0 0 2
8 2 - 65 - 0.09517241399347161 0.13382942966806394 1 0 1
8 2 - 66 - 0.08715640334412456 0.12466950167436153 1 0 1
8 2 - 67 - 0.1441863769820581 0.14699791767634451 0 1 0
8 2 - 68 - 0.1298136230131301 0.10845199733739719 0 1 0
8 2 - 69 - 0.12441788600214446 0.11780306867634256 0 1 0
8 2 - 70 - 0.09605324499231453 0.12462374170233186 1 0 1
8 2 - 71 - 0.16556384833529592 0.13879418898917112 1 0 1
8 2 - 72 - 0.12281637565077592 0.12967701097174236 0 1 0
8 2 - 73 - 0.13219310265655318 0.12695862566276142 0 1 0
8 2 - 74 - 0.08550489967456087 0.11994168732780963 1 0 1
8 2 - 75 - 0.1219245003303513 0.1027375176587763 0 1 0
8 2 - 76 - 0.10729094233829528 0.14406847466792289 1 0 1
8 2 - 77 - 0.10740436402071889 0.13788640297328433 1 0 1
8 2 - 78 - 0.08757928399912393 0.1246243433561176 1 0 1
8 2 - 79 - 0.11000544133518513 0.11275638799027851 0 1 0
8 2 - 80 - 0.10852513268279532 0.13678378365390625 1 0 1
8 2 - 81 - 0.12399316064935798 0.13509141834219918 0 0 2
8 2 - 82 - 0.082407976326067 0.11839329166105017 1 0 1
8 2 - 83 - 0.09710580030999458 0.11907878966303542 1 0 1
8 2 - 84 - 0.0918191886933831 0.11916468434113389 1 0 1
8 2 - 85 - 0.12818873268164074 0.11477771603191891 0 1 0
8 2 - 86 - 0.11978436100374286 0.12193830598456164 0 1 0
8 2 - 87 - 0.08996478435195361 0.13204500164526206 1 0 1
8 2 - 88 - 0.09751379398706679 0.12551556001805392 1 0 1
8 2 - 89 - 0.1252822329988703 0.11310791169914107 0 1 0
8 2 - 90 - 0.14271818667960662 0.15133884700480849 0 0 2
8 2 - 91 - 0.1399605979871315 0.1299771903043923 0 0 2
8 2 - 92 - 0.1400722786784172 0.11572325602173805 0 1 0
8 2 - 93 - 0.11284753100092833 0.09972149935007717 0 1 0
8 2 - 94 - 0.10471462167333812 0.12911256067066765 1 0 1
8 2 - 95 - 0.10346627798086652 0.13998155765390646 1 0 1
8 2 - 96 - 0.08499308632841955 0.1155813950075147 1 0 1
8 2 - 97 - 0.1541978309978731 0.1360079340132264 1 0 1
8 2 - 98 - 0.10133726033382118 0.15436742200593775 1 0 1
8 2 - 99 - 0.127606899671567 0.12281872299111758 0 1 0
8 4 - 0 - 0.12650286734181765 0.15610468234323585 1 0 1
8 4 - 1 - 0.15209332201629877 0.1382238853063124 0 1 0
8 4 - 2 - 0.17936732802384844 0.1708245186600834 0 0 2
8 4 - 3 - 0.1588990186767963 0.1557629966797928 0 1 0
8 4 - 4 - 0.1168241606792435 0.13685190334217623 1 0 1
8 4 - 5 - 0.09468512270056333 0.1477203646597142 1 0 1
8 4 - 6 - 0.14530736301094294 0.1232454506874395 0 1 0
8 4 - 7 - 0.12221249099820852 0.14142807099657753 1 0 1
8 4 - 8 - 0.15824514734170708 0.1553235499886796 0 0 2
8 4 - 9 - 0.15078774399201697 0.14662043430143967 0 0 2
8 4 - 10 - 0.1514180033118464 0.13566220831125975 0 1 0
8 4 - 11 - 0.1456433083318795 0.1184657640211905 0 1 0
8 4 - 12 - 0.11510778598797818 0.15906468301545829 1 0 1
8 4 - 13 - 0.16256666798532632 0.18407136999303475 0 0 2
8 4 - 14 - 0.14837646431988105 0.14490873067794988 0 1 0
8 4 - 15 - 0.1157915330453155 0.16043993465912837 1 0 1
8 4 - 16 - 0.14934216365994266 0.126237933000084 0 1 0
8 4 - 17 - 0.11201514936207484 0.16136095866871378 1 0 1
8 4 - 18 - 0.14810207800474018 0.14072774534967417 0 1 0
8 4 - 19 - 0.09728249098407105 0.14814720168942586 1 0 1
8 4 - 20 - 0.17913045899088806 0.16983121433683362 0 0 2
8 4 - 21 - 0.14835411401387927 0.1261512763448991 0 1 0
8 4 - 22 - 0.13837321867079785 0.1552327316797649 1 0 1
8 4 - 23 - 0.1347290766619456 0.15361670901377994 1 0 1
8 4 - 24 - 0.16695920399312553 0.16949169068053987 0 0 2
8 4 - 25 - 0.1805392146925442 0.174834577657748 0 0 2
8 4 - 26 - 0.1723386590213825 0.15406612068181857 0 0 2
8 4 - 27 - 0.1507961456469881 0.1552804706346554 0 1 0
8 4 - 28 - 0.11156969866715372 0.15482547832652926 1 0 1
8 4 - 29 - 0.15525637534058961 0.16909076762385666 0 0 2
8 4 - 30 - 0.11795230033264185 0.16710481431800872 1 0 1
8 4 - 31 - 0.14662558399140835 0.16243384299256527 1 0 1
8 4 - 32 - 0.11194969667121768 0.14608588366536424 1 0 1
8 4 - 33 - 0.1390246873294624 0.20065529933587337 0 1 0
8 4 - 34 - 0.16500352266787863 0.1544968230300583 0 0 2
8 4 - 35 - 0.10088053865668674 0.15639575599925593 1 0 1
8 4 - 36 - 0.15747372499511886 0.13765070736796284 0 1 0
8 4 - 37 - 0.15914715733379126 0.13072919100522995 0 1 0
8 4 - 38 - 0.15071686399945367 0.15536856201166907 0 1 0
8 4 - 39 - 0.16845861199544743 0.16571752166297907 0 0 2
8 4 - 40 - 0.14692917733918875 0.130975497343267 0 1 0
8 4 - 41 - 0.09419539663940668 0.14201049332041293 1 0 1
8 4 - 42 - 0.1030845936620608 0.16114206635393202 1 0 1
8 4 - 43 - 0.12309101097829019 0.16818757764607048 1 0 1
8 4 - 44 - 0.10541004264572014 0.15479264299695691 1 0 1
8 4 - 45 - 0.14759710000362247 0.12997381299889338 0 1 0
8 4 - 46 - 0.15639446933831397 0.16343688702909276 0 1 0
8 4 - 47 - 0.11889250865594174 0.14054798969300464 1 0 1
8 4 - 48 - 0.23630906934461868 0.14090297668008134 1 0 1
8 4 - 49 - 0.15796514033960798 0.16249154900045445 0 0 2
8 4 - 50 - 0.16020563733763993 0.1575031116566 0 1 0
8 4 - 51 - 0.16996261529857293 0.16646350536029786 0 0 2
8 4 - 52 - 0.18206312699476257 0.16726408999723694 0 0 2
8 4 - 53 - 0.16312730131903663 0.15682031967056295 0 1 0
8 4 - 54 - 0.16682565965068838 0.1602477896764564 0 0 2
8 4 - 55 - 0.1476348050055094 0.13099108832345033 0 1 0
8 4 - 56 - 0.22785100967545682 0.15880154236219823 0 0 2
8 4 - 57 - 0.13358873565448448 0.17280938101854795 1 0 1
8 4 - 58 - 0.16664759935035062 0.14398360898485407 0 1 0
8 4 - 59 - 0.15732916432898492 0.13172638763595992 0 1 0
8 4 - 60 - 0.1591461446757118 0.149673017343351 0 1 0
8 4 - 61 - 0.11353740670407812 0.16433635402548435 1 0 1
8 4 - 62 - 0.1286513869999908 0.14081634031996754 1 0 1
8 4 - 63 - 0.1603472409963918 0.1732695866570187 0 0 2
8 4 - 64 - 0.16459820233285427 0.18152693465041617 0 0 2
8 4 - 65 - 0.1213590683376727 0.15752407830829424 1 0 1
8 4 - 66 - 0.12142218664909402 0.1517279056715779 1 0 1
8 4 - 67 - 0.15822989266598597 0.17305770597886294 0 0 2
8 4 - 68 - 0.15597080967078605 0.14626442198641598 0 1 0
8 4 - 69 - 0.15477507169513655 0.14347725400390726 0 1 0
8 4 - 70 - 0.14815969297584766 0.15568053268361837 1 0 1
8 4 - 71 - 0.18572369765024632 0.16666537769682083 0 0 2
8 4 - 72 - 0.15760015500321364 0.1393409839947708 0 1 0
8 4 - 73 - 0.16444865499700728 0.15725760699327412 0 1 0
8 4 - 74 - 0.11887675333612908 0.15027487101421383 1 0 1
8 4 - 75 - 0.15211686332865307 0.16619838000042364 0 1 0
8 4 - 76 - 0.12559064700811481 0.16711184103041887 1 0 1
8 4 - 77 - 0.1482170433155261 0.1677137263274441 1 0 1
8 4 - 78 - 0.12049242398158336 0.15765727567486465 1 0 1
8 4 - 79 - 0.1448867236613296 0.15038736566202715 0 0 2
8 4 - 80 - 0.15457049699034542 0.1744551673764363 1 0 1
8 4 - 81 - 0.15319258867142102 0.16227912935816372 0 0 2
8 4 - 82 - 0.12446262832963839 0.14608965567701185 1 0 1
8 4 - 83 - 0.11187526498300333 0.14769653599554053 1 0 1
8 4 - 84 - 0.12718738433128843 0.1454857073452634 1 0 1
8 4 - 85 - 0.14723825701124343 0.15158581301026666 0 1 0
8 4 - 86 - 0.1613487036471876 0.13746771598622823 0 1 0
8 4 - 87 - 0.10471251868875697 0.14941223964948827 1 0 1
8 4 - 88 - 0.1260253269962656 0.14897321967873722 1 0 1
8 4 - 89 - 0.16029333965464804 0.13147188302051896 0 1 0
8 4 - 90 - 0.17204965100002786 0.17047268697448698 0 0 2
8 4 - 91 - 0.17789619301523393 0.1551210589823313 0 0 2
8 4 - 92 - 0.15949336000873396 0.150028383359313 0 1 0
8 4 - 93 - 0.13652204365159076 0.12633296265266836 0 1 0
8 4 - 94 - 0.11525202069121103 0.15703345532529056 1 0 1
8 4 - 95 - 0.13929996030249944 0.1671101383205193 1 0 1
8 4 - 96 - 0.11620792899824058 0.15808202465996146 1 0 1
8 4 - 97 - 0.18957455568791678 0.16677637600029507 0 0 2
8 4 - 98 - 0.11388449566826846 0.16499363966674233 1 0 1
8 4 - 99 - 0.14833696302957833 0.12193896898922199 0 1 0
8 8 - 0 - 0.1608384680196953 0.20389960632504273 1 0 1
8 8 - 1 - 0.18714036701324704 0.19003798366369057 0 1 0
8 8 - 2 - 0.20556548067058125 0.20386092595678443 0 0 2
8 8 - 3 - 0.18758947666113576 0.16500716101533425 0 1 0
8 8 - 4 - 0.14811621662617352 0.1832400353353781 1 0 1
8 8 - 5 - 0.13988285032489026 0.19833232699117312 1 0 1
8 8 - 6 - 0.1869506436632946 0.16511934931622818 0 1 0
8 8 - 7 - 0.14628461831792566 0.18537511201187346 1 0 1
8 8 - 8 - 0.1869027643309285 0.19189700433829177 0 0 2
8 8 - 9 - 0.1906521236523986 0.20579581232353425 0 0 2
8 8 - 10 - 0.1877031043210688 0.1883868910178232 0 1 0
8 8 - 11 - 0.19389749599698308 0.16357291932217777 0 1 0
8 8 - 12 - 0.13614337501348928 0.1910843646619469 1 0 1
8 8 - 13 - 0.21935568569460884 0.21135216200491413 0 0 2
8 8 - 14 - 0.1944702763382035 0.1843213116711316 0 1 0
8 8 - 15 - 0.14289022336015478 0.2009864253147195 1 0 1
8 8 - 16 - 0.18753884767647833 0.18117651201707 0 1 0
8 8 - 17 - 0.13793673800925416 0.21061810496030375 1 0 1
8 8 - 18 - 0.1984169300024708 0.19094959134235978 0 1 0
8 8 - 19 - 0.12885691900737584 0.1886268713278696 1 0 1
8 8 - 20 - 0.19307138700969517 0.1962557866354473 0 0 2
8 8 - 21 - 0.17629454232519493 0.17410168866626918 0 1 0
8 8 - 22 - 0.18148015532642603 0.1887654866829204 1 0 1
8 8 - 23 - 0.17322464397875592 0.19038988063888004 1 0 1
8 8 - 24 - 0.22294521467604986 0.1908558246990045 0 0 2
8 8 - 25 - 0.20748753364508352 0.19803042634157464 0 0 2
8 8 - 26 - 0.1970716513460502 0.1977618386542114 0 0 2
8 8 - 27 - 0.1961739479835766 0.18881981197046116 0 1 0
8 8 - 28 - 0.13685867933478826 0.19593361699177572 1 0 1
8 8 - 29 - 0.21679491235408932 0.20802543533500284 0 0 2
8 8 - 30 - 0.1543075959974279 0.20744002998496097 1 0 1
8 8 - 31 - 0.1891259812982753 0.20273729134351015 1 0 1
8 8 - 32 - 0.14205339263814193 0.19860266432321322 1 0 1
8 8 - 33 - 0.21512595131450024 0.2014818039800351 0 0 2
8 8 - 34 - 0.21061366233819473 0.19828053400851786 0 0 2
8 8 - 35 - 0.1362555659919356 0.2044777402964731 1 0 1
8 8 - 36 - 0.18968226164967442 0.1884278326566952 0 1 0
8 8 - 37 - 0.19779463766220337 0.19768929266138002 0 1 0
8 8 - 38 - 0.20724667701870203 0.2010429310030304 0 1 0
8 8 - 39 - 0.1967963203205727 0.2114053680561483 0 0 2
8 8 - 40 - 0.18365546397399157 0.1714227129899276 0 1 0
8 8 - 41 - 0.12778702733339742 0.20047086065945527 1 0 1
8 8 - 42 - 0.13398068634948382 0.18989896894587824 1 0 1
8 8 - 43 - 0.15353333298116922 0.2061618180014193 1 0 1
8 8 - 44 - 0.13383840133125585 0.18986235566747686 1 0 1
8 8 - 45 - 0.18341489200247452 0.15906120363312462 0 1 0
8 8 - 46 - 0.20001191733172163 0.17849019860538345 0 1 0
8 8 - 47 - 0.1525558379944414 0.1796604669846905 1 0 1
8 8 - 48 - 0.24805736933679629 0.173639168322552 0 0 2
8 8 - 49 - 0.2005304813501425 0.18999673598834005 0 0 2
8 8 - 50 - 0.2032767406781204 0.17597498001608378 0 1 0
8 8 - 51 - 0.20291639532661065 0.19439834100194275 0 0 2
8 8 - 52 - 0.22715581602339321 0.20737018601115173 0 0 2
8 8 - 53 - 0.18964322165508443 0.18760028733716655 0 1 0
8 8 - 54 - 0.2199177733467271 0.18254934229965633 0 0 2
8 8 - 55 - 0.18452338232115534 0.13893275166628882 0 1 0
8 8 - 56 - 0.25242729801296565 0.21705290236665556 0 0 2
8 8 - 57 - 0.17998317669844255 0.20115990899891284 1 0 1
8 8 - 58 - 0.20821665867697448 0.21382052767633772 0 1 0
8 8 - 59 - 0.19842359801987186 0.1582159863707299 0 1 0
8 8 - 60 - 0.20322507466577613 0.194203554012347 0 1 0
8 8 - 61 - 0.14002719535104308 0.20176459598587826 1 0 1
8 8 - 62 - 0.15563341897601882 0.1843946703399221 1 0 1
8 8 - 63 - 0.22407189065900943 0.2061073716613464 0 0 2
8 8 - 64 - 0.20180781734719253 0.19319161966753504 0 0 2
8 8 - 65 - 0.14239422433699173 0.194246431987267 1 0 1
8 8 - 66 - 0.16178011667216197 0.19260524298685291 1 0 1
8 8 - 67 - 0.21231108832095438 0.21119018263804415 0 0 2
8 8 - 68 - 0.19318577332887799 0.1936212553215834 0 1 0
8 8 - 69 - 0.20165808068122715 0.17661536362720653 0 1 0
8 8 - 70 - 0.16869793463653573 0.18539753432075182 1 0 1
8 8 - 71 - 0.23345423196830475 0.20321508599833274 0 0 2
8 8 - 72 - 0.19479413635175055 0.1959713583540482 0 1 0
8 8 - 73 - 0.19755272600256527 0.19227597198914737 0 1 0
8 8 - 74 - 0.1501718666792537 0.194162951685333 1 0 1
8 8 - 75 - 0.1946334023377858 0.19739721767837182 0 1 0
8 8 - 76 - 0.14282984366097176 0.19692417133289078 1 0 1
8 8 - 77 - 0.1815168033159959 0.19205783666499582 1 0 1
8 8 - 78 - 0.18026742765990397 0.1793717466449986 1 0 1
8 8 - 79 - 0.2035512623260729 0.19914644667490694 0 0 2
8 8 - 80 - 0.1864706700046857 0.20087047534373897 1 0 1
8 8 - 81 - 0.1998032876678432 0.21010131965158507 0 0 2
8 8 - 82 - 0.16852043332376826 0.175709203700535 1 0 1
8 8 - 83 - 0.15921427131009597 0.18402114467850575 1 0 1
8 8 - 84 - 0.1796207400232864 0.20094465400325134 1 0 1
8 8 - 85 - 0.19798398532050973 0.1892526150137807 0 1 0
8 8 - 86 - 0.19410253199748695 0.18923868768615648 0 1 0
8 8 - 87 - 0.13862062400827804 0.18212115297016376 1 0 1
8 8 - 88 - 0.17334540036972612 0.19406598334899172 1 0 1
8 8 - 89 - 0.19722542733264464 0.1751214783483495 0 1 0
8 8 - 90 - 0.2089245579748725 0.1931484756836047 0 0 2
8 8 - 91 - 0.21356829768046737 0.19936109433183447 0 0 2
8 8 - 92 - 0.20476319701022777 0.17374059268816683 0 1 0
8 8 - 93 - 0.18454166765635213 0.1861312553519383 0 1 0
8 8 - 94 - 0.1537224583638211 0.19701878934089714 1 0 1
8 8 - 95 - 0.18748672333701202 0.20247699566728744 1 0 1
8 8 - 96 - 0.16484602399092788 0.18723911566970247 1 0 1
8 8 - 97 - 0.22856816600930568 0.20047569664893672 0 0 2
8 8 - 98 - 0.14231345034204423 0.20823196996934712 1 0 1
8 8 - 99 - 0.18988791765877977 0.1900572350132279 0 1 0
16 1 - 0 - 0.44418362531966216 0.33189560963849846 0 1 0
16 1 - 1 - 0.22993029867454123 0.3951489959921067 1 0 1
16 1 - 2 - 0.5277887689881027 0.4684924010070972 0 0 2
16 1 - 3 - 0.2827020680027393 0.42898739866601926 1 0 1
16 1 - 4 - 0.49829221101632964 0.31093550665536895 0 1 0
16 1 - 5 - 0.2583291420014575 0.42489016232624033 1 0 1
16 1 - 6 - 0.28802278467143577 0.48491516133071855 1 0 1
16 1 - 7 - 0.28943072833741706 0.48761958999481675 1 0 1
16 1 - 8 - 0.2746166526727999 0.45183067363298807 1 0 1
16 1 - 9 - 0.25880179168113193 0.40405805996851996 1 0 1
16 1 - 10 - 0.4261348893245061 0.30587205632279313 0 1 0
16 1 - 11 - 0.26219374366337433 0.37860466764929396 1 0 1
16 1 - 12 - 0.4216877873404883 0.25964528432814404 0 1 0
16 1 - 13 - 0.49074027033445117 0.49756210698978975 0 0 2
16 1 - 14 - 0.2732857379790706 0.49311028669277823 1 0 1
16 1 - 15 - 0.27433295934073004 0.42705780735316995 1 0 1
16 1 - 16 - 0.2731123283156194 0.49204413569532335 1 0 1
16 1 - 17 - 0.508452853304334 0.3173639066905404 0 1 0
16 1 - 18 - 0.43625647933610406 0.27372165297856554 0 1 0
16 1 - 19 - 0.43823292166537914 0.2892428559716791 0 1 0
16 1 - 20 - 0.3069889150016631 0.4535793640146342 1 0 1
16 1 - 21 - 0.49264032665329677 0.3222039513445149 0 1 0
16 1 - 22 - 0.2707038896818024 0.4255078956872846 1 0 1
16 1 - 23 - 0.27514273999258876 0.4200759686840077 1 0 1
16 1 - 24 - 0.3890795696643181 0.2702074389865932 0 1 0
16 1 - 25 - 0.2729017543412435 0.43618474970571697 1 0 1
16 1 - 26 - 0.22427078664380434 0.3800410726495708 1 0 1
16 1 - 27 - 0.39358741832741845 0.39138884334048873 0 1 0
16 1 - 28 - 0.2795107966909806 0.4674643306449677 1 0 1
16 1 - 29 - 0.42609507899032906 0.2940862750013669 0 1 0
16 1 - 30 - 0.43882921869711333 0.27277703100116923 0 1 0
16 1 - 31 - 0.44877701365233713 0.29664402101965004 0 1 0
16 1 - 32 - 0.2889209639785501 0.45062864501960576 1 0 1
16 1 - 33 - 0.3940584726515226 0.29142945632338524 0 1 0
16 1 - 34 - 0.4787607586670977 0.29397538267464063 0 1 0
16 1 - 35 - 0.4842419063206762 0.4962873180047609 1 0 1
16 1 - 36 - 0.38064721998913836 0.30391420534579083 0 1 0
16 1 - 37 - 0.4738208746615176 0.27837936564659077 0 1 0
16 1 - 38 - 0.4481482646660879 0.29519599202709895 0 1 0
16 1 - 39 - 0.2582753849953102 0.40535356498245767 1 0 1
16 1 - 40 - 0.22357109231719127 0.33095517702167854 1 0 1
16 1 - 41 - 0.28785365233973914 0.46587300133736187 1 0 1
16 1 - 42 - 0.45374866598285735 0.38999624668698135 0 0 2
16 1 - 43 - 0.5504415703277724 0.4916222836667051 0 0 2
16 1 - 44 - 0.5299668519874103 0.5052662936892981 1 0 1
16 1 - 45 - 0.2555454133544117 0.4215057993618151 1 0 1
16 1 - 46 - 0.4644086759847899 0.3540617859883544 0 1 0
16 1 - 47 - 0.39224776266686 0.37660613035162294 0 1 0
16 1 - 48 - 0.4757009020152812 0.45237602530202514 0 1 0
16 1 - 49 - 0.25209564399362233 0.42548691200014827 1 0 1
16 1 - 50 - 0.4739858636748977 0.4104337003470088 1 0 1
16 1 - 51 - 0.2957099350169301 0.47672026604413986 1 0 1
16 1 - 52 - 0.4323784700051571 0.2815309249951194 0 1 0
16 1 - 53 - 0.45999565932046 0.3912997409740152 0 1 0
16 1 - 54 - 0.46706827568899223 0.4569973866455257 0 0 2
16 1 - 55 - 0.4835260663336764 0.4624145933388112 0 0 2
16 1 - 56 - 0.4061922493468349 0.2684110523356745 0 1 0
16 1 - 57 - 0.26119011898602673 0.42141243997806066 1 0 1
16 1 - 58 - 0.47511091467458755 0.3054076503224981 0 1 0
16 1 - 59 - 0.29128268832573667 0.4620972399910291 1 0 1
16 1 - 60 - 0.4644454743441505 0.34288795065367594 0 1 0
16 1 - 61 - 0.27963242499390617 0.446348838643947 1 0 1
16 1 - 62 - 0.2967248063456888 0.510242268986379 1 0 1
16 1 - 63 - 0.2685609603455911 0.45101527632990235 1 0 1
16 1 - 64 - 0.4771216179748687 0.290307389999119 0 1 0
16 1 - 65 - 0.43777732436622807 0.3062933959881775 0 1 0
16 1 - 66 - 0.28070759466694045 0.5023344833559047 1 0 1
16 1 - 67 - 0.4917735856724903 0.30375710669128847 0 1 0
16 1 - 68 - 0.4526513173477724 0.45648364901232225 0 1 0
16 1 - 69 - 0.39531579565179226 0.27655811700969934 0 1 0
16 1 - 70 - 0.42177699933138985 0.4134892886698556 0 0 2
16 1 - 71 - 0.5203683140183177 0.3914150876613955 0 1 0
16 1 - 72 - 0.3171688903433581 0.49116938929849613 1 0 1
16 1 - 73 - 0.26064416265580803 0.4177200966514647 1 0 1
16 1 - 74 - 0.47019300596245256 0.4382978160089503 1 0 1
16 1 - 75 - 0.23098330496577546 0.36945753868591663 1 0 1
16 1 - 76 - 0.47580120601924136 0.4614647209721928 0 1 0
16 1 - 77 - 0.28868001835265505 0.4846204156638123 1 0 1
16 1 - 78 - 0.28349051967961714 0.4493007509736344 1 0 1
16 1 - 79 - 0.4878562730154954 0.4690528036832499 0 0 2
16 1 - 80 - 0.46380494899737335 0.47853938934470835 0 0 2
16 1 - 81 - 0.4682475806524356 0.3093166536806772 0 1 0
16 1 - 82 - 0.4863642406417057 0.3140305096555191 0 1 0
16 1 - 83 - 0.26999469666043296 0.44561935901098576 1 0 1
16 1 - 84 - 0.5176502646645531 0.424456299651259 0 1 0
16 1 - 85 - 0.30643673699038726 0.44242753637566545 1 0 1
16 1 - 86 - 0.45495805732207373 0.3953334833495319 0 1 0
16 1 - 87 - 0.4009313380035261 0.26726327698755387 0 1 0
16 1 - 88 - 0.529838278676228 0.5456042936421 1 0 1
16 1 - 89 - 0.47774147933038574 0.3578650463411274 0 1 0
16 1 - 90 - 0.497258700003537 0.3450572183355689 0 1 0
16 1 - 91 - 0.28233253800620634 0.45458433600530646 1 0 1
16 1 - 92 - 0.2608132866638092 0.40383313730126247 1 0 1
16 1 - 93 - 0.3070701153483242 0.4483527209958993 1 0 1
16 1 - 94 - 0.28751047533781576 0.46363080500547466 1 0 1
16 1 - 95 - 0.4281635003280826 0.3085390140186064 0 1 0
16 1 - 96 - 0.27237781399162486 0.49030733799251414 1 0 1
16 1 - 97 - 0.45328405701244867 0.2965884213335812 0 1 0
16 1 - 98 - 0.46990721234275645 0.40469651465537027 0 1 0
16 1 - 99 - 0.32517071900656447 0.5471082449851868 1 0 1
16 2 - 0 - 0.6747299133373114 0.5981179650407284 0 1 0
16 2 - 1 - 0.2755421730107628 0.5725531773253655 1 0 1
16 2 - 2 - 0.6452532356682543 0.6772875996539369 0 0 2
16 2 - 3 - 0.38226311733402935 0.7177051503482895 1 0 1
16 2 - 4 - 0.6772670229935709 0.6553226200048812 0 1 0
16 2 - 5 - 0.3079520363244228 0.6987067422984788 1 0 1
16 2 - 6 - 0.3900440093129873 0.6428783836696917 1 0 1
16 2 - 7 - 0.352948229003232 0.6502844096588282 1 0 1
16 2 - 8 - 0.38819557302243385 0.6347509213373996 1 0 1
16 2 - 9 - 0.31728679333658266 0.658070906996727 1 0 1
16 2 - 10 - 0.5716990093157316 0.40469884131258976 0 1 0
16 2 - 11 - 0.37758288068774465 0.6507924033794552 1 0 1
16 2 - 12 - 0.5902626639969336 0.5231122456607409 0 1 0
16 2 - 13 - 0.6611685589693176 0.7393068116507493 0 0 2
16 2 - 14 - 0.4542841573323434 0.7321167380044546 1 0 1
16 2 - 15 - 0.34683014334101847 0.6716988323605619 1 0 1
16 2 - 16 - 0.39464971333897364 0.6546075149866131 1 0 1
16 2 - 17 - 0.6443021033580105 0.7559804696938954 0 1 0
16 2 - 18 - 0.5638578333309852 0.47081060166237876 0 1 0
16 2 - 19 - 0.5903013416488345 0.5904386769980192 0 1 0
16 2 - 20 - 0.37257039432491484 0.6856111573482243 1 0 1
16 2 - 21 - 0.6638241246691905 0.5634183753475858 0 1 0
16 2 - 22 - 0.3295877060154453 0.6489767636521719 1 0 1
16 2 - 23 - 0.35510738564577576 0.6537601490078183 1 0 1
16 2 - 24 - 0.5318066046650832 0.5664730880137844 0 1 0
16 2 - 25 - 0.3570866873293805 0.5850564273229489 1 0 1
16 2 - 26 - 0.2954888026579283 0.6571039976940181 1 0 1
16 2 - 27 - 0.5850735699835543 0.5896842219905617 0 1 0
16 2 - 28 - 0.38270138935574016 0.6983862353372388 1 0 1
16 2 - 29 - 0.6190347196534276 0.6337456416610319 0 1 0
16 2 - 30 - 0.5887305933283642 0.5289201003615744 0 1 0
16 2 - 31 - 0.6168418689824952 0.5680310273116145 0 1 0
16 2 - 32 - 0.42083344565859687 0.7735612306472224 1 0 1
16 2 - 33 - 0.5341771950091546 0.4111716986711447 0 1 0
16 2 - 34 - 0.6456514156501119 0.5297894610169653 0 1 0
16 2 - 35 - 0.6754294853114213 0.683246933001404 0 0 2
16 2 - 36 - 0.5931996433064342 0.4704893600040426 0 1 0
16 2 - 37 - 0.6001848396651137 0.5603221619773346 0 1 0
16 2 - 38 - 0.5935415319981985 0.5158420653509287 0 1 0
16 2 - 39 - 0.3474103963429419 0.6088973830531661 1 0 1
16 2 - 40 - 0.30352477232615155 0.5697891233139671 1 0 1
16 2 - 41 - 0.3901946473439845 0.7218844213639386 1 0 1
16 2 - 42 - 0.6899551679962315 0.6211853966815397 0 0 2
16 2 - 43 - 0.6711429190084649 0.7359614283583749 0 0 2
16 2 - 44 - 0.7359533336518023 0.719469049324592 0 0 2
16 2 - 45 - 0.3490713933521571 0.6966619879628222 1 0 1
16 2 - 46 - 0.626888580659094 0.46747093967860565 0 1 0
16 2 - 47 - 0.6295053483336233 0.6153470756641278 0 0 2
16 2 - 48 - 0.6491500683284054 0.641945816654091 0 0 2
16 2 - 49 - 0.3279022816568613 0.6073205539917884 1 0 1
16 2 - 50 - 0.9072769676567987 0.6062967843414905 1 0 1
16 2 - 51 - 0.4200316743420747 0.6493167226435617 1 0 1
16 2 - 52 - 0.5640610470242488 0.546692951330139 0 1 0
16 2 - 53 - 0.5562347510131076 0.6280913953281317 0 1 0
16 2 - 54 - 0.5850591873362039 0.6709989110046687 0 0 2
16 2 - 55 - 0.7051615573388214 0.6779520590013514 0 0 2
16 2 - 56 - 0.5692882216729535 0.5695629276839705 0 1 0
16 2 - 57 - 0.3470507043336208 0.6138102763604062 1 0 1
16 2 - 58 - 0.6874850903404877 0.6064851673242325 0 1 0
16 2 - 59 - 0.39786862766292563 0.7300369446553912 1 0 1
16 2 - 60 - 0.6204149640010049 0.4592835252988152 0 1 0
16 2 - 61 - 0.40967514800528687 0.6456177709818197 1 0 1
16 2 - 62 - 0.42467640866137424 0.7108047439639146 1 0 1
16 2 - 63 - 0.3643307956323648 0.563589891360607 1 0 1
16 2 - 64 - 0.6314311126673904 0.5995920213366237 0 1 0
16 2 - 65 - 0.6418515666737221 0.6185779869750453 0 1 0
16 2 - 66 - 0.4325858100201003 0.6363533129915595 1 0 1
16 2 - 67 - 0.6207930133289968 0.5991215359924051 0 1 0
16 2 - 68 - 0.6424290990301719 0.7162418816781914 0 1 0
16 2 - 69 - 0.6003224053226102 0.43809289935355383 0 1 0
16 2 - 70 - 0.584758632001467 0.6044758293234432 0 0 2
16 2 - 71 - 0.6400871826723838 0.6286150666807467 0 1 0
16 2 - 72 - 0.43119931667267036 0.68622487601048 1 0 1
16 2 - 73 - 0.33513168701513985 0.60153885265269 1 0 1
16 2 - 74 - 0.6746022569908139 0.6006819166747542 0 0 2
16 2 - 75 - 0.2974963806724797 0.5438533296692185 1 0 1
16 2 - 76 - 0.7084439973308083 0.49745615298161283 0 1 0
16 2 - 77 - 0.3390393229977538 0.6415524333133362 1 0 1
16 2 - 78 - 0.3879730816697702 0.7271453393235182 1 0 1
16 2 - 79 - 0.7167431923444383 0.6573246833480274 0 0 2
16 2 - 80 - 0.6494192026439123 0.633724982306982 0 0 2
16 2 - 81 - 0.6536363766839107 0.6183663123326066 0 1 0
16 2 - 82 - 0.6672468439986309 0.49795637202138704 0 1 0
16 2 - 83 - 0.3461336463612194 0.6124363939937514 1 0 1
16 2 - 84 - 0.6544950369861908 0.5933314003438379 0 1 0
16 2 - 85 - 0.3348554940118144 0.6891315366956405 1 0 1
16 2 - 86 - 0.6413907953343976 0.5956397096742876 0 1 0
16 2 - 87 - 0.5362979029887356 0.4734240130055696 0 1 0
16 2 - 88 - 0.9641094526547629 0.8194054396784244 1 0 1
16 2 - 89 - 0.6942089496490855 0.6056539376925987 0 1 0
16 2 - 90 - 0.6118711976644893 0.49709571800970787 0 1 0
16 2 - 91 - 0.44981162300488603 0.6487219990231097 1 0 1
16 2 - 92 - 0.3426292363243798 0.573195229342673 1 0 1
16 2 - 93 - 0.46412826934829354 0.7512563493607255 1 0 1
16 2 - 94 - 0.39656370765684795 0.7028740122914314 1 0 1
16 2 - 95 - 0.6676454339952519 0.5561924449672613 0 1 0
16 2 - 96 - 0.36493498833927634 0.6492240050380739 1 0 1
16 2 - 97 - 0.5716299959652436 0.4481227780149008 0 1 0
16 2 - 98 - 0.7228615413381098 0.7421060103612641 0 0 2
16 2 - 99 - 0.46603854167430353 0.7945544833006958 1 0 1
16 4 - 0 - 0.7886321233430257 0.8466809776728041 0 1 0
16 4 - 1 - 0.470532741669255 0.7835516300207624 1 0 1
16 4 - 2 - 0.8582290266446458 0.8451344619970769 0 0 2
16 4 - 3 - 0.7449764450235913 0.8722838706647356 1 0 1
16 4 - 4 - 0.8109108246862888 0.6925204756747311 0 1 0
16 4 - 5 - 0.3789912073407322 0.8008913336282907 1 0 1
16 4 - 6 - 0.737841808993835 0.7462893876751575 1 0 1
16 4 - 7 - 0.35202529100934044 0.80847686600949 1 0 1
16 4 - 8 - 0.6568644410193276 0.8022406809808065 1 0 1
16 4 - 9 - 0.529531863653877 0.8866983330226503 1 0 1
16 4 - 10 - 0.7506573613500223 0.7176792083191685 0 1 0
16 4 - 11 - 0.7563775929738767 0.9160258696841387 1 0 1
16 4 - 12 - 0.7499648153510255 0.8404867086404314 0 1 0
16 4 - 13 - 0.8044419376722848 0.9943736413260922 0 0 2
16 4 - 14 - 0.6376257223309949 0.8566675553059516 1 0 1
16 4 - 15 - 0.38494019468392554 0.9394946840087263 1 0 1
16 4 - 16 - 0.7153525326672632 0.9164504689979367 1 0 1
16 4 - 17 - 0.8144849546564122 0.6179822856211103 0 1 0
16 4 - 18 - 0.65879325933444 0.891102200684448 0 1 0
16 4 - 19 - 0.8095864627005843 0.7149319719756022 0 1 0
16 4 - 20 - 0.5106600113213062 0.9395696533222992 1 0 1
16 4 - 21 - 0.7501526186630751 0.8223578833082381 0 1 0
16 4 - 22 - 0.679809074344424 0.7311424983587738 1 0 1
16 4 - 23 - 0.40984933367387083 0.83546067935337 1 0 1
16 4 - 24 - 0.7144825876845667 0.5781874746705095 0 1 0
16 4 - 25 - 0.6084958573337644 0.7839717586757615 1 0 1
16 4 - 26 - 0.29071218598013127 0.8176769873243757 1 0 1
16 4 - 27 - 0.751100095997875 0.7630666993403187 0 0 2
16 4 - 28 - 0.6537550989887677 0.7345439943601377 1 0 1
16 4 - 29 - 0.7297818116494454 0.8499425143042268 0 1 0
16 4 - 30 - 0.6995072330076558 0.8712604056733351 0 1 0
16 4 - 31 - 0.764487876673229 0.8260457220409686 0 1 0
16 4 - 32 - 0.5503827373225552 0.8490212619847928 1 0 1
16 4 - 33 - 0.7050330626467864 0.7103751456791846 0 1 0
16 4 - 34 - 0.7894865000077212 0.7998849053207474 0 1 0
16 4 - 35 - 0.8632180073182099 0.8173259503479737 0 0 2
16 4 - 36 - 0.7891905119953057 0.8003958553502647 0 1 0
16 4 - 37 - 0.7976797883166 0.7278088470338844 0 1 0
16 4 - 38 - 0.7212479329900816 0.764455311660034 0 1 0
16 4 - 39 - 0.5892179536749609 0.7958302866706315 1 0 1
16 4 - 40 - 0.29457397531950846 0.8678180736411985 1 0 1
16 4 - 41 - 0.6596557329952096 0.9772194193404479 1 0 1
16 4 - 42 - 0.8525457343397042 0.8878690406757718 0 0 2
16 4 - 43 - 0.8951291349949315 0.9175087956634039 0 0 2
16 4 - 44 - 0.948765372663426 0.8731208906780619 0 0 2
16 4 - 45 - 0.350596155001161 0.7853496450115927 1 0 1
16 4 - 46 - 0.7105243420034336 0.8229545413438851 0 1 0
16 4 - 47 - 0.8056650896905921 1.014355512006053 0 0 2
16 4 - 48 - 0.7777306933421642 0.9090709513208518 0 0 2
16 4 - 49 - 0.5253249810193665 0.8367333756565738 1 0 1
16 4 - 50 - 1.0619060846511275 0.7368778536717097 0 0 2
16 4 - 51 - 0.6113986340157378 0.8463943879663324 1 0 1
16 4 - 52 - 0.7202895166507611 0.7065643793127189 0 1 0
16 4 - 53 - 0.8430526783534635 1.0081581803193937 0 0 2
16 4 - 54 - 0.7579323523289835 0.7642032916580017 0 0 2
16 4 - 55 - 0.8778950726846233 0.8080225450103171 0 0 2
16 4 - 56 - 0.6924879293655977 0.8344855073567791 0 1 0
16 4 - 57 - 0.6527781536569819 0.7313979543202247 1 0 1
16 4 - 58 - 0.830415660321402 0.892845747662553 0 1 0
16 4 - 59 - 0.7055895740049891 0.8023845926315213 1 0 1
16 4 - 60 - 0.7533101066752959 0.9526752656674944 0 1 0
16 4 - 61 - 0.6880458136632418 0.8152392133294294 1 0 1
16 4 - 62 - 0.7128571953314046 0.7675062663232286 1 0 1
16 4 - 63 - 0.6000595473257514 0.7363812506664544 1 0 1
16 4 - 64 - 0.7525374856777489 0.7527043876470998 0 1 0
16 4 - 65 - 0.7981306993557762 0.6862995719808775 0 1 0
16 4 - 66 - 0.48200148132552084 0.7710753660455035 1 0 1
16 4 - 67 - 0.7553467820010459 0.819491153000854 0 1 0
16 4 - 68 - 0.7937006743353171 0.8081637916814847 0 0 2
16 4 - 69 - 0.7191701600095257 0.5962458913757775 0 1 0
16 4 - 70 - 0.8797963823308237 0.7675525276960494 0 0 2
16 4 - 71 - 0.7091345603306156 0.8251103956717998 0 1 0
16 4 - 72 - 0.41214394965209067 0.8247886770210849 1 0 1
16 4 - 73 - 0.5113692640055281 0.8064934260134274 1 0 1
16 4 - 74 - 0.9393753336626105 0.8547657896609356 0 0 2
16 4 - 75 - 0.4643039973258662 0.8586468916813221 1 0 1
16 4 - 76 - 0.7851532729885851 1.0093977093541375 0 0 2
16 4 - 77 - 0.4082316126635609 0.8316940409713425 1 0 1
16 4 - 78 - 0.6061995069806775 0.9244124533530945 1 0 1
16 4 - 79 - 0.7099896906875074 0.8887892246711999 0 0 2
16 4 - 80 - 0.894916408326632 0.960685128326683 0 0 2
16 4 - 81 - 0.7493425426461424 0.8351986573155349 0 1 0
16 4 - 82 - 0.8801857646515904 0.8069043327122927 0 1 0
16 4 - 83 - 0.4784827763020682 0.8829632516717538 1 0 1
16 4 - 84 - 0.7579831770077969 0.9064832846246039 0 0 2
16 4 - 85 - 0.44376751435144496 0.7791882723104209 1 0 1
16 4 - 86 - 0.70867550863962 0.9911331050097942 0 1 0
16 4 - 87 - 0.6033273396509079 0.4786599390014695 0 1 0
16 4 - 88 - 1.0482545353200596 1.0374129656508253 0 0 2
16 4 - 89 - 0.8563618829939514 0.8046551583295999 0 1 0
16 4 - 90 - 0.8059857080224901 0.7848476483486593 0 1 0
16 4 - 91 - 0.4492778303295684 0.8530548676693192 1 0 1
16 4 - 92 - 0.39125546232874814 0.7266437353294654 1 0 1
16 4 - 93 - 0.7494088876604413 0.8408156180133423 1 0 1
16 4 - 94 - 0.36306678668673464 0.8848180353525095 1 0 1
16 4 - 95 - 0.8258949336595833 0.7637743279725934 0 1 0
16 4 - 96 - 0.6955159549834207 0.8470052426564507 1 0 1
16 4 - 97 - 0.7361834533512592 0.7738246169950193 0 1 0
16 4 - 98 - 1.0389353943367798 0.9943266549962573 0 0 2
16 4 - 99 - 0.7840127196589796 0.9329039540413457 1 0 1
16 8 - 0 - 0.8700854273435349 0.9859098369682519 0 1 0
16 8 - 1 - 0.4404267893405631 1.0333715939971928 1 0 1
16 8 - 2 - 1.0428158110007644 0.9967089730004469 0 0 2
16 8 - 3 - 0.6754093119913401 0.9424329373287037 1 0 1
16 8 - 4 - 0.9464971963510228 0.6435049156813573 0 1 0
16 8 - 5 - 0.42011277268951136 0.9100384533133669 1 0 1
16 8 - 6 - 0.7518916293629445 0.8779733893655551 1 0 1
16 8 - 7 - 0.43648828932782635 0.9693878876666228 1 0 1
16 8 - 8 - 0.899417094362434 0.8309478549829995 1 0 1
16 8 - 9 - 0.7692655426605294 1.0058865943186295 1 0 1
16 8 - 10 - 0.7696717133318696 0.8682208810156833 0 1 0
16 8 - 11 - 0.677926755665491 1.0053556779942785 1 0 1
16 8 - 12 - 0.9707480713453455 1.206399728699277 0 1 0
16 8 - 13 - 1.0935962780107122 0.9274185206547069 0 0 2
16 8 - 14 - 0.46674475232915336 1.0237328259972855 1 0 1
16 8 - 15 - 0.4086790843090663 1.0155104363220744 1 0 1
16 8 - 16 - 0.8124508576778074 1.0559929450197765 1 0 1
16 8 - 17 - 0.8618699606546821 0.6986247866686123 0 1 0
16 8 - 18 - 0.9250280246681843 0.7972492993382426 0 1 0
16 8 - 19 - 0.7589049376547337 0.7991028053414387 0 1 0
16 8 - 20 - 0.4343563353371186 0.8339535656656759 1 0 1
16 8 - 21 - 0.8686680866521783 0.8417771499953233 0 1 0
16 8 - 22 - 0.7926006959945274 0.9702401403337717 1 0 1
16 8 - 23 - 0.42854313434024033 0.8802196833421476 1 0 1
16 8 - 24 - 0.8999472606616715 0.5792972879911152 0 1 0
16 8 - 25 - 0.5247859813195342 0.8380199930203768 1 0 1
16 8 - 26 - 0.34052108267011744 1.1102516200044192 1 0 1
16 8 - 27 - 0.9371907210055118 1.1719228093085499 0 0 2
16 8 - 28 - 0.5186743629941096 0.9297712056625945 1 0 1
16 8 - 29 - 0.9901494526808771 0.9544425243123744 0 1 0
16 8 - 30 - 0.7914075209992006 0.9024801353225484 0 1 0
16 8 - 31 - 0.7998962593458904 0.8565813576569781 0 1 0
16 8 - 32 - 0.4488016816515786 1.106589220658255 1 0 1
16 8 - 33 - 0.8250110719818622 0.8111025273489455 0 1 0
16 8 - 34 - 0.9076588563427018 0.9875364563195035 0 1 0
16 8 - 35 - 0.8889046479792645 0.9556302210160842 0 0 2
16 8 - 36 - 0.9445967640106877 1.2049914170056581 0 1 0
16 8 - 37 - 0.895219994650688 0.9891499320122724 0 1 0
16 8 - 38 - 0.8053627909782032 0.6666382626475146 0 1 0
16 8 - 39 - 0.6534598656774809 0.8730630483284282 1 0 1
16 8 - 40 - 0.36338183031572646 0.941501494361243 1 0 1
16 8 - 41 - 0.7060327819975404 1.0857634136724907 1 0 1
16 8 - 42 - 1.096743846021127 1.0652470509909713 0 0 2
16 8 - 43 - 0.9499148876445057 1.0699894176408027 0 0 2
16 8 - 44 - 1.0732421903521754 0.9351933936510856 0 0 2
16 8 - 45 - 0.39945670098920044 0.978955184672183 1 0 1
16 8 - 46 - 0.9464219096698798 0.8287163453448254 0 1 0
16 8 - 47 - 1.1035426353143218 1.0359235093346797 0 0 2
16 8 - 48 - 0.8643101716685729 0.9233182210009545 0 0 2
16 8 - 49 - 0.5682417079806328 1.0710999996517785 1 0 1
16 8 - 50 - 0.9619416836455154 1.037030658995112 0 0 2
16 8 - 51 - 0.7600935276714154 0.9562756526477946 1 0 1
16 8 - 52 - 0.9036640399911752 0.5978636179934256 0 1 0
16 8 - 53 - 0.9174387209738294 1.024090847291518 0 0 2
16 8 - 54 - 0.9551400906639174 1.0097907240075679 0 0 2
16 8 - 55 - 0.9533976143187223 1.1189353290052773 0 0 2
16 8 - 56 - 0.8068463556701317 0.6772991766532261 0 1 0
16 8 - 57 - 0.7173250596582268 0.8898125906513693 1 0 1
16 8 - 58 - 0.8913259669983139 1.0423926307121292 0 1 0
16 8 - 59 - 0.7361471450227934 0.8952005536605915 1 0 1
16 8 - 60 - 0.8707754613521198 0.9808259170386009 0 1 0
16 8 - 61 - 0.5274220566692142 0.9700102219940163 1 0 1
16 8 - 62 - 0.7810852436814457 0.899162244653174 1 0 1
16 8 - 63 - 0.7070579993499754 0.8542555506768016 1 0 1
16 8 - 64 - 0.9632722110060664 1.0189250519809623 0 1 0
16 8 - 65 - 0.9512476963379111 1.0338467319573585 0 1 0
16 8 - 66 - 0.4322162040043622 0.8962300870140704 1 0 1
16 8 - 67 - 1.0088467733391249 0.8934661272990828 0 1 0
16 8 - 68 - 1.0378705486655235 1.0428444253047928 0 0 2
16 8 - 69 - 0.7515305433383522 1.0183845116601635 0 1 0
16 8 - 70 - 0.8723333533271216 1.053596309677232 0 0 2
16 8 - 71 - 0.8761823686848705 0.8896984069918593 0 1 0
16 8 - 72 - 0.5156823953147978 0.883531033701729 1 0 1
16 8 - 73 - 0.5178346279814529 0.9116572270092244 1 0 1
16 8 - 74 - 0.9509918036637828 1.0117976756494802 0 0 2
16 8 - 75 - 0.866088752343785 0.8773562259739265 1 0 1
16 8 - 76 - 0.981127925333567 1.118212601984851 0 0 2
16 8 - 77 - 0.4306320786708966 1.0119817050290294 1 0 1
16 8 - 78 - 0.4868894766550511 0.9414898433024064 1 0 1
16 8 - 79 - 0.9948902016622014 1.056306241992085 0 0 2
16 8 - 80 - 0.9448383183334954 0.9158104866510257 0 0 2
16 8 - 81 - 0.8662572836619802 0.7758710283475617 0 1 0
16 8 - 82 - 0.8660894996719435 0.7346043329647121 0 1 0
16 8 - 83 - 0.6777079179883003 0.861694181279745 1 0 1
16 8 - 84 - 1.0320083196662986 1.0784470553238255 0 0 2
16 8 - 85 - 0.46370805997867137 0.9375221410106557 1 0 1
16 8 - 86 - 0.9749425886548124 1.0340214166790247 0 0 2
16 8 - 87 - 0.8606463176741576 0.49608300366283703 0 1 0
16 8 - 88 - 1.253082501682608 0.9879093833151273 0 0 2
16 8 - 89 - 0.9226581506469907 0.6818567186710425 0 1 0
16 8 - 90 - 1.0305841169902124 1.0030058706955363 0 1 0
16 8 - 91 - 0.39542271534446627 0.9152314340268882 1 0 1
16 8 - 92 - 0.39090764900902286 0.9829982793501889 1 0 1
16 8 - 93 - 0.6503447563542674 1.0312117726619667 1 0 1
16 8 - 94 - 0.4398252643489589 1.0991923146648332 1 0 1
16 8 - 95 - 0.8714262496796437 1.182258161328112 0 1 0
16 8 - 96 - 0.5112371486611664 0.9681159929993252 1 0 1
16 8 - 97 - 0.9165071953320876 1.0791299273453963 0 1 0
16 8 - 98 - 1.0034991166515586 0.8803772810497321 0 0 2
16 8 - 99 - 0.5660190153478954 0.9141656076729607 1 0 1
32 1 - 0 - 3.9960845533641987 3.361257580962653 1 0 1
32 1 - 1 - 3.31879461632343 3.0681995723280124 0 1 0
32 1 - 2 - 3.3048892100147595 1.118466095009353 0 1 0
32 1 - 3 - 2.946009724303925 3.194603479312112 0 0 2
32 1 - 4 - 1.0509633376689937 2.8091492483508773 1 0 1
32 1 - 5 - 3.6067080613186895 2.883666940984161 1 0 1
32 1 - 6 - 1.100842518673744 2.8776949396706186 1 0 1
32 1 - 7 - 2.728827530653992 2.2416638776582354 0 1 0
32 1 - 8 - 1.0327991226804443 3.321690979627116 1 0 1
32 1 - 9 - 3.375518340986067 1.1544219289983932 0 1 0
32 1 - 10 - 2.7907363193420074 2.8492353183488985 0 1 0
32 1 - 11 - 3.422856678662356 1.7183375709573738 0 1 0
32 1 - 12 - 3.102544958994258 2.4786925630178303 0 1 0
32 1 - 13 - 1.0518836190070335 3.2485491766516743 1 0 1
32 1 - 14 - 1.0220656666594248 3.1081015590267875 1 0 1
32 1 - 15 - 1.0878934443268613 3.2467034659930505 1 0 1
32 1 - 16 - 1.131263161310926 3.0447474173270166 1 0 1
32 1 - 17 - 3.0024180953235673 1.5251970493312306 0 1 0
32 1 - 18 - 1.0170853736732777 3.016359763666211 1 0 1
32 1 - 19 - 3.4010382876925482 2.1560695009538904 0 1 0
32 1 - 20 - 3.3412329559990512 2.9393067376416484 0 0 2
32 1 - 21 - 1.0499018213207214 2.9098325356608257 1 0 1
32 1 - 22 - 3.2270585139825316 1.2778072763273183 0 1 0
32 1 - 23 - 1.08610722766025 3.0712454760020287 1 0 1
32 1 - 24 - 1.012378863679866 3.017485467329 1 0 1
32 1 - 25 - 4.156152395667353 2.973026621330064 1 0 1
32 1 - 26 - 1.0743112883452945 3.3666663543165973 1 0 1
32 1 - 27 - 3.0788788583401283 1.352134495973587 0 1 0
32 1 - 28 - 3.19841954500104 1.1660934856821161 0 1 0
32 1 - 29 - 3.3785058810026385 1.5257197940178837 0 1 0
32 1 - 30 - 1.050219311999778 3.4125740793533623 1 0 1
32 1 - 31 - 1.0411614623347607 3.0990641160169616 1 0 1
32 1 - 32 - 2.6870800753240474 1.0984780943254009 0 1 0
32 1 - 33 - 2.9138708476675674 1.074649064335972 0 1 0
32 1 - 34 - 1.0889602709988444 3.038142677687574 1 0 1
32 1 - 35 - 2.9246786133347387 1.832368219639951 0 1 0
32 1 - 36 - 1.090557097340934 2.954033151307764 1 0 1
32 1 - 37 - 2.8021025186559805 1.507419448326497 0 1 0
32 1 - 38 - 1.0378420676570386 3.061868090667607 1 0 1
32 1 - 39 - 2.3490209590139175 2.3722508836654015 0 1 0
32 1 - 40 - 1.001574545322607 2.9746981846789518 1 0 1
32 1 - 41 - 3.0479167323404304 1.1445475543538728 0 1 0
32 1 - 42 - 1.02977993998987 2.9684761649696156 1 0 1
32 1 - 43 - 1.0611645419655058 3.370100569697873 1 0 1
32 1 - 44 - 3.158663722667067 3.3833361876701624 0 0 2
32 1 - 45 - 3.6654064976610243 1.4098758063046262 0 1 0
32 1 - 46 - 1.0866619316511787 3.0615944977034815 1 0 1
32 1 - 47 - 3.1725197380098207 1.064282161668719 0 1 0
32 1 - 48 - 2.2039091090361276 1.1654686756858914 0 1 0
32 1 - 49 - 3.2974333370220847 1.1278336550070283 0 1 0
32 1 - 50 - 2.756491043663118 2.708515862332812 0 1 0
32 1 - 51 - 0.9861767049878836 3.0188325169923096 1 0 1
32 1 - 52 - 2.8500123480140855 1.3624441923069146 0 1 0
32 1 - 53 - 1.0318672073578152 3.396546754636802 1 0 1
32 1 - 54 - 0.9511619406597068 2.5850190559673742 1 0 1
32 1 - 55 - 3.020960288005881 2.5624689656736637 1 0 1
32 1 - 56 - 1.0442558013213177 2.880273032661838 1 0 1
32 1 - 57 - 1.104871826673237 2.868816002000434 1 0 1
32 1 - 58 - 1.1465880436589941 3.2400649929962433 1 0 1
32 1 - 59 - 3.634943996691921 3.090183090651408 1 0 1
32 1 - 60 - 3.38793478331839 1.3173220903263427 0 1 0
32 1 - 61 - 1.0541646726778708 2.8594525240090056 1 0 1
32 1 - 62 - 3.5264379053454222 2.702918430324644 0 1 0
32 1 - 63 - 0.9799967446597293 2.6728654666803777 1 0 1
32 1 - 64 - 2.904383128664146 1.4296037326954925 0 1 0
32 1 - 65 - 3.513688038665957 2.453772352697949 0 1 0
32 1 - 66 - 1.0462302593320298 3.059690124626892 1 0 1
32 1 - 67 - 3.2508249819705575 1.2653848256644171 0 1 0
32 1 - 68 - 2.6292435436625965 1.023703849661009 0 1 0
32 1 - 69 - 0.9821271903153198 2.8672793626513644 1 0 1
32 1 - 70 - 2.812443909002468 2.661999560329908 1 0 1
32 1 - 71 - 1.044042500667274 3.032831595337484 1 0 1
32 1 - 72 - 1.0156511046613257 2.6103457980207168 1 0 1
32 1 - 73 - 2.9301142243202776 1.1061041036349102 0 1 0
32 1 - 74 - 1.0301569640287198 2.9118629896741672 1 0 1
32 1 - 75 - 1.0072976379694107 2.721012294331255 1 0 1
32 1 - 76 - 1.0643220823258162 3.017233670320517 1 0 1
32 1 - 77 - 1.093744395999238 3.207342947969058 1 0 1
32 1 - 78 - 2.7791134049766697 1.058405456695861 0 1 0
32 1 - 79 - 1.0374162430137706 2.82928921400647 1 0 1
32 1 - 80 - 0.9894149183334472 2.929644714963312 1 0 1
32 1 - 81 - 3.5477216723180995 2.2289048676999905 0 1 0
32 1 - 82 - 1.0837726763372 2.817924133657167 1 0 1
32 1 - 83 - 2.967954822680137 2.729714301667021 0 0 2
32 1 - 84 - 3.295492761671388 1.2188222019855555 0 1 0
32 1 - 85 - 1.0456145256757736 3.0883042696514167 1 0 1
32 1 - 86 - 1.0245033313403837 2.871162825981931 1 0 1
32 1 - 87 - 0.9750745413087619 2.780425073346123 1 0 1
32 1 - 88 - 3.0685309746768326 2.9844311880297028 0 0 2
32 1 - 89 - 1.0011464729905128 3.119511461292859 1 0 1
32 1 - 90 - 3.217641918997591 1.067450881683423 0 1 0
32 1 - 91 - 1.0897925123378325 3.1567562393223243 1 0 1
32 1 - 92 - 0.9741871343188299 2.873319821296415 1 0 1
32 1 - 93 - 2.986420813346437 2.848502374001934 0 0 2
32 1 - 94 - 1.0434473550024752 3.0526694370200858 1 0 1
32 1 - 95 - 0.9173460580059327 3.053955967344033 1 0 1
32 1 - 96 - 1.0510996803447294 2.946324802993331 1 0 1
32 1 - 97 - 1.0089498216402717 2.752257615347238 1 0 1
32 1 - 98 - 1.1598425419845928 3.0582813956425525 1 0 1
32 1 - 99 - 1.0624753090087324 3.116138541023247 1 0 1
32 2 - 0 - 10.653717792689955 4.8581534216646105 1 0 1
32 2 - 1 - 4.7541076696361415 4.229537302317719 0 1 0
32 2 - 2 - 4.743080256021737 2.3141316396649927 0 1 0
32 2 - 3 - 4.801248968326642 4.736204829668471 0 0 2
32 2 - 4 - 2.240112497316052 4.845745791681111 1 0 1
32 2 - 5 - 7.797732274358471 4.984762014956989 1 0 1
32 2 - 6 - 2.5050628956523724 4.79869670032834 1 0 1
32 2 - 7 - 4.67739841665995 4.813647595971513 0 0 2
32 2 - 8 - 2.522071242313056 4.8138313513093935 1 0 1
32 2 - 9 - 5.263718037342187 3.779254460319256 0 1 0
32 2 - 10 - 4.248209011993215 4.582800384669099 0 1 0
32 2 - 11 - 4.686482125330561 4.8191980179593275 0 1 0
32 2 - 12 - 4.650230936337418 5.32262638535273 0 0 2
32 2 - 13 - 1.7119844746775925 5.694849100662395 1 0 1
32 2 - 14 - 1.2754770626779646 4.344657031664004 1 0 1
32 2 - 15 - 2.3563367320263446 5.447495937677256 1 0 1
32 2 - 16 - 1.8562037336523645 4.961197196331341 1 0 1
32 2 - 17 - 4.470169009349775 4.4344152106593056 0 1 0
32 2 - 18 - 2.705574889667332 4.7691395133345695 1 0 1
32 2 - 19 - 4.65623198467074 2.973840785678476 0 1 0
32 2 - 20 - 4.938848753653777 5.447806756322582 0 0 2
32 2 - 21 - 2.4747544430041066 4.734010650679314 1 0 1
32 2 - 22 - 5.056692491013867 3.306143454683479 0 1 0
32 2 - 23 - 2.305773373654423 4.786799834653114 1 0 1
32 2 - 24 - 2.1738455003360286 4.775212646326205 1 0 1
32 2 - 25 - 8.117702534325266 4.918038677036141 1 0 1
32 2 - 26 - 1.8328422569902614 5.07287707432018 1 0 1
32 2 - 27 - 4.9128541929918965 2.3071335892697484 0 1 0
32 2 - 28 - 4.89580381034951 4.53258890932193 0 1 0
32 2 - 29 - 4.483627538293756 4.51664989364023 0 1 0
32 2 - 30 - 2.209671600353128 5.22681121902618 1 0 1
32 2 - 31 - 1.5994825693390642 5.481568197991388 1 0 1
32 2 - 32 - 4.888761642000949 3.732351458010574 0 1 0
32 2 - 33 - 4.987544115031293 3.5637923940084875 0 1 0
32 2 - 34 - 1.7892069793500316 4.704727160026474 1 0 1
32 2 - 35 - 4.31713333632797 2.9499083053281843 0 1 0
32 2 - 36 - 1.2967961559964656 4.6209483306544525 1 0 1
32 2 - 37 - 4.979686934365115 3.0985587086567343 0 1 0
32 2 - 38 - 2.459569656328919 4.509829804049029 1 0 1
32 2 - 39 - 4.451610650013512 3.282025898632128 0 1 0
32 2 - 40 - 1.5774259846851542 4.385033457675794 1 0 1
32 2 - 41 - 4.636260896668924 3.964636570677006 0 1 0
32 2 - 42 - 1.9528345776877056 4.771981817650764 1 0 1
32 2 - 43 - 1.6213499393391733 5.020815773323799 1 0 1
32 2 - 44 - 4.502685088004607 5.183925824007019 0 0 2
32 2 - 45 - 4.416307535643378 3.8896942593467734 0 1 0
32 2 - 46 - 2.048389127012342 4.973083333325728 1 0 1
32 2 - 47 - 4.783309460016123 2.853813914679146 0 1 0
32 2 - 48 - 4.362551838314782 3.613467188978878 0 1 0
32 2 - 49 - 4.696837222009586 4.09725119631427 0 1 0
32 2 - 50 - 5.3290900130135315 5.721987760975026 0 0 2
32 2 - 51 - 1.1957970033205736 4.5501185016473755 1 0 1
32 2 - 52 - 4.788712155326115 3.5967636950081214 0 1 0
32 2 - 53 - 1.8210699053209585 5.934877206028129 1 0 1
32 2 - 54 - 1.628553045001657 4.718607349360051 1 0 1
32 2 - 55 - 7.059331839651956 5.190715709992219 1 0 1
32 2 - 56 - 2.266418302024249 5.088678986357991 1 0 1
32 2 - 57 - 1.7359710516951357 5.252085436659399 1 0 1
32 2 - 58 - 2.278873601986561 5.051571029995102 1 0 1
32 2 - 59 - 5.250561255010932 5.116099619015586 0 0 2
32 2 - 60 - 5.0278185410231035 6.132838599965908 0 1 0
32 2 - 61 - 1.9551790930175532 5.281441742670722 1 0 1
32 2 - 62 - 4.658123367660058 4.779028536033972 0 0 2
32 2 - 63 - 2.386364556325134 5.066638534325951 1 0 1
32 2 - 64 - 4.40270303034534 4.09741835030339 0 1 0
32 2 - 65 - 4.876295370690059 5.273080130010688 0 0 2
32 2 - 66 - 2.015254868989966 4.1755714856747845 1 0 1
32 2 - 67 - 5.121904140997988 2.617621435027104 0 1 0
32 2 - 68 - 4.462371639984971 1.6816976539945852 0 1 0
32 2 - 69 - 1.7901780386455357 5.135967237001751 1 0 1
32 2 - 70 - 5.049234967659383 4.449745298014022 0 0 2
32 2 - 71 - 2.5152784060143554 4.9711857440027725 1 0 1
32 2 - 72 - 2.192980246657195 4.62157566465127 1 0 1
32 2 - 73 - 4.62035742031488 3.1168414516723715 0 1 0
32 2 - 74 - 1.8410197016783059 4.807558264311713 1 0 1
32 2 - 75 - 2.1266909713546434 4.8230579233107465 1 0 1
32 2 - 76 - 1.708346487682623 4.962197010308349 1 0 1
32 2 - 77 - 1.3105775666772388 4.7552260913265245 1 0 1
32 2 - 78 - 5.256011563974122 3.679118052008562 0 1 0
32 2 - 79 - 2.309147016319912 4.92754643765511 1 0 1
32 2 - 80 - 1.9550122696867522 4.468180960354705 1 0 1
32 2 - 81 - 5.501454960690656 5.341552742330046 0 0 2
32 2 - 82 - 2.069137367672132 5.556440849342228 1 0 1
32 2 - 83 - 5.01282841731639 4.916634224976103 0 0 2
32 2 - 84 - 5.250949826304955 4.0540929100243375 0 1 0
32 2 - 85 - 2.5971739116745693 5.136839099014954 1 0 1
32 2 - 86 - 1.649120663331511 5.196619449338565 1 0 1
32 2 - 87 - 2.0915421289973892 4.701900361008787 1 0 1
32 2 - 88 - 4.864710394331875 5.266973408986814 0 0 2
32 2 - 89 - 1.8285475433416043 5.143066684676644 1 0 1
32 2 - 90 - 4.662921640323475 4.141730103641748 0 1 0
32 2 - 91 - 2.723890747661547 5.192665641972175 1 0 1
32 2 - 92 - 1.8511366290040314 5.263932354010953 1 0 1
32 2 - 93 - 5.015775571984705 5.03087773534935 0 0 2
32 2 - 94 - 2.058609981322661 5.199339147016872 1 0 1
32 2 - 95 - 1.4412314130070931 5.11990729837756 1 0 1
32 2 - 96 - 1.9837860346888192 5.057922325698503 1 0 1
32 2 - 97 - 2.2267383077026657 4.707202005335906 1 0 1
32 2 - 98 - 2.0866013230212657 4.925014997308608 1 0 1
32 2 - 99 - 2.41000032966258 4.4298625506732305 1 0 1
32 4 - 0 - 8.854230086998237 8.00058537935062 0 0 2
32 4 - 1 - 6.776336978344868 7.874708729990137 0 0 2
32 4 - 2 - 5.7933753786880215 5.3897921506431885 0 1 0
32 4 - 3 - 6.875960831336367 8.325477324988848 0 0 2
32 4 - 4 - 2.7959395353294285 7.052425153980343 1 0 1
32 4 - 5 - 9.501002150995191 8.801128676626831 0 0 2
32 4 - 6 - 1.9387003036487538 6.904797201335896 1 0 1
32 4 - 7 - 7.3472460173458485 7.802102486971611 0 0 2
32 4 - 8 - 5.2401286883202065 8.429592558299191 1 0 1
32 4 - 9 - 7.204769395350013 8.266888736009909 0 1 0
32 4 - 10 - 6.051385254017077 7.653247748268768 0 0 2
32 4 - 11 - 7.299689825992877 6.9076226656713215 0 1 0
32 4 - 12 - 9.6149692676651 8.850923601382723 0 0 2
32 4 - 13 - 2.404291741317138 8.238695987325627 1 0 1
32 4 - 14 - 2.6612175086435554 7.168604552668208 1 0 1
32 4 - 15 - 5.120773401344195 7.94558831769973 1 0 1
32 4 - 16 - 2.1589035236587124 7.574935495678801 1 0 1
32 4 - 17 - 6.795283943666921 7.496077784686349 0 1 0
32 4 - 18 - 4.160373111992764 9.12736596968413 1 0 1
32 4 - 19 - 6.605201987646676 10.26494266197551 0 1 0
32 4 - 20 - 7.220263813020816 9.455137593031395 0 0 2
32 4 - 21 - 4.828820589017899 7.430794339316587 1 0 1
32 4 - 22 - 5.999592601360443 7.530005539651029 0 1 0
32 4 - 23 - 4.269071485323366 7.739819616642005 1 0 1
32 4 - 24 - 5.2103359963318026 8.13831240433501 1 0 1
32 4 - 25 - 11.723117239327014 8.144694577999568 0 0 2
32 4 - 26 - 2.063887314308279 7.243501222711833 1 0 1
32 4 - 27 - 7.0967932630058685 8.171721961368652 0 1 0
32 4 - 28 - 6.879266226644783 5.836215652370204 0 1 0
32 4 - 29 - 6.9382592649781145 5.653005710977595 0 1 0
32 4 - 30 - 4.236865365994163 7.808389511328035 1 0 1
32 4 - 31 - 1.5390578346559778 9.105082872343095 1 0 1
32 4 - 32 - 6.72937283932697 3.9475344119903943 0 1 0
32 4 - 33 - 8.369042527338024 5.55197984232412 0 1 0
32 4 - 34 - 3.0839240986582204 7.802247584700429 1 0 1
32 4 - 35 - 6.054364818012497 5.633183513671004 0 1 0
32 4 - 36 - 1.5155536559953666 10.086601152317598 1 0 1
32 4 - 37 - 7.74229709233623 5.162862824004454 0 1 0
32 4 - 38 - 4.5352620343522485 7.497201996001726 1 0 1
32 4 - 39 - 7.183707728011845 8.661929994666327 0 1 0
32 4 - 40 - 3.1889961209963076 8.056175724312197 1 0 1
32 4 - 41 - 7.213410009009142 3.9738206093315966 0 1 0
32 4 - 42 - 2.143879334675148 8.069317707035225 1 0 1
32 4 - 43 - 2.0745263256637068 7.55340413202066 1 0 1
32 4 - 44 - 7.432003336337705 8.265552734645706 0 0 2
32 4 - 45 - 7.7696684766754815 10.947819101682398 0 1 0
32 4 - 46 - 2.9557089100126177 8.03042870866678 1 0 1
32 4 - 47 - 6.708158292671821 6.371889992326032 0 1 0
32 4 - 48 - 5.737834086020787 6.455281649696796 0 1 0
32 4 - 49 - 6.346941789670382 5.979032514345212 0 1 0
32 4 - 50 - 7.011271586331229 7.627068093977869 0 0 2
32 4 - 51 - 1.4478421590174548 7.649898096666827 1 0 1
32 4 - 52 - 6.189413723322408 6.078211699030362 0 1 0
32 4 - 53 - 2.3854839089908637 9.204487198692126 1 0 1
32 4 - 54 - 4.558609077008441 7.825605541681095 1 0 1
32 4 - 55 - 9.060933578313174 9.007345803683469 0 0 2
32 4 - 56 - 1.9379193589750987 8.071759480323333 1 0 1
32 4 - 57 - 1.3162959929710873 6.904791157673268 1 0 1
32 4 - 58 - 3.6509161839882536 8.189835055013344 1 0 1
32 4 - 59 - 9.095168306007206 9.434761577673878 0 0 2
32 4 - 60 - 6.5111577850378435 7.039974887331482 0 1 0
32 4 - 61 - 5.8726522683476405 7.86839189263992 1 0 1
32 4 - 62 - 7.09630459867185 7.807390180649236 0 0 2
32 4 - 63 - 5.883692438306753 6.824671384354588 1 0 1
32 4 - 64 - 7.395746757664408 6.3315389076403035 0 1 0
32 4 - 65 - 6.801446043342972 10.189549679654496 0 0 2
32 4 - 66 - 3.4896752773590074 7.424913595682786 1 0 1
32 4 - 67 - 7.049955218331888 5.305919504705041 0 1 0
32 4 - 68 - 6.85552263900172 4.719486963372522 0 1 0
32 4 - 69 - 2.056160202987182 7.984805788980641 1 0 1
32 4 - 70 - 7.0705302413553 8.17372019503576 0 0 2
32 4 - 71 - 4.340732374344952 7.728769658366218 1 0 1
32 4 - 72 - 5.367756072994477 7.886900766325804 1 0 1
32 4 - 73 - 6.434246482657424 5.635605742359378 0 1 0
32 4 - 74 - 2.3766137686907314 6.577833745318155 1 0 1
32 4 - 75 - 2.933454713997586 6.5548118070194805 1 0 1
32 4 - 76 - 3.692506936999659 8.166906860637635 1 0 1
32 4 - 77 - 1.7004847623369035 8.680067832329465 1 0 1
32 4 - 78 - 7.813314111321233 6.482966204658927 0 1 0
32 4 - 79 - 4.147660307993647 7.887217345666916 1 0 1
32 4 - 80 - 5.66965632600477 6.860144615328561 1 0 1
32 4 - 81 - 8.317199959322654 9.124191171644876 0 0 2
32 4 - 82 - 3.727253516689719 7.245943011968241 1 0 1
32 4 - 83 - 7.135776666652722 8.129795869016863 0 0 2
32 4 - 84 - 6.086057720356621 6.5013251589844 0 1 0
32 4 - 85 - 4.404856241676802 7.90417722199345 1 0 1
32 4 - 86 - 1.8335559009962406 7.014337764005177 1 0 1
32 4 - 87 - 5.539279835298657 6.083639005664736 1 0 1
32 4 - 88 - 8.988072601321619 10.652698283956852 0 0 2
32 4 - 89 - 4.395230595662724 6.609072489993801 1 0 1
32 4 - 90 - 7.406242663661639 4.517048607017689 0 1 0
32 4 - 91 - 6.616330565962319 9.160632881025474 1 0 1
32 4 - 92 - 1.196047878668954 8.334671736345626 1 0 1
32 4 - 93 - 6.844223728655682 9.391271693011126 0 0 2
32 4 - 94 - 1.9731003456787826 8.684507596675152 1 0 1
32 4 - 95 - 5.21671278499222 6.939687206332261 1 0 1
32 4 - 96 - 2.253059351021269 9.257089591003023 1 0 1
32 4 - 97 - 4.941368698336494 7.102938797014454 1 0 1
32 4 - 98 - 1.825857882659572 7.800422765353384 1 0 1
32 4 - 99 - 5.270081374658427 6.814845445662892 1 0 1
32 8 - 0 - 10.734734822336273 10.760556583991274 0 0 2
32 8 - 1 - 8.761127074016258 13.346222848321 0 0 2
32 8 - 2 - 7.859948221012019 8.132089730992448 0 1 0
32 8 - 3 - 8.995506418325627 12.161331379010031 0 0 2
32 8 - 4 - 1.590912796673365 11.476339055031229 1 0 1
32 8 - 5 - 14.950678687678495 12.248697770022167 0 0 2
32 8 - 6 - 3.7637397533011003 8.427653542292926 1 0 1
32 8 - 7 - 10.190387197304517 11.668732277660942 0 0 2
32 8 - 8 - 6.176697411690839 8.354025513341185 1 0 1
32 8 - 9 - 9.09341418366724 9.760867509641685 0 1 0
32 8 - 10 - 10.661144742334727 11.044235942322606 0 0 2
32 8 - 11 - 9.591184209663577 9.896891402003046 0 1 0
32 8 - 12 - 11.385784965687588 10.977821712983618 0 0 2
32 8 - 13 - 3.8382000669953413 10.145319779675143 1 0 1
32 8 - 14 - 1.9760753863374703 10.225002014640873 1 0 1
32 8 - 15 - 5.3982975386704 10.37161438704546 1 0 1
32 8 - 16 - 4.574257340670253 9.488034235294132 1 0 1
32 8 - 17 - 8.396575865665605 9.700108076329343 0 1 0
32 8 - 18 - 3.094875297683757 10.596785449694531 1 0 1
32 8 - 19 - 8.842800150994057 10.429409101663623 0 1 0
32 8 - 20 - 10.176916668676617 14.263385766341042 0 0 2
32 8 - 21 - 5.421465053979773 11.486218036346449 1 0 1
32 8 - 22 - 8.639462131017353 8.01926580168462 0 1 0
32 8 - 23 - 5.450931095343549 10.400670220667962 1 0 1
32 8 - 24 - 4.30914188164752 11.137486665664861 1 0 1
32 8 - 25 - 13.872330852008114 9.10579489400455 0 0 2
32 8 - 26 - 2.41886460633638 13.454134007023336 1 0 1
32 8 - 27 - 8.433111119666137 13.011175132356584 0 1 0
32 8 - 28 - 7.389258210003996 10.051239057987308 0 1 0
32 8 - 29 - 10.277784383991579 12.082794948345205 0 1 0
32 8 - 30 - 6.463996432333564 11.666195299340567 1 0 1
32 8 - 31 - 4.359893231322833 10.469851705982972 1 0 1
32 8 - 32 - 7.6050708253363455 6.815261623996776 0 1 0
32 8 - 33 - 10.647057190324025 7.845269941278578 0 1 0
32 8 - 34 - 2.971163236691306 10.926804798325369 1 0 1
32 8 - 35 - 7.94775625768428 8.289643870317377 0 1 0
32 8 - 36 - 1.4088298990003145 12.147809499331439 1 0 1
32 8 - 38 - 7.770977692678571 10.51628746765588 1 0 1
32 8 - 39 - 8.125378465997832 11.355689879972488 0 0 2
32 8 - 40 - 1.7962899193322908 11.364524173996566 1 0 1
32 8 - 41 - 9.020344574004412 6.638988231658004 0 1 0
32 8 - 42 - 2.7101684286802383 11.73964603699278 1 0 1
32 8 - 43 - 1.5940998449805193 11.56570939234613 1 0 1
32 8 - 44 - 10.123645400977693 10.27493792566626 0 0 2
32 8 - 45 - 9.771214245682737 9.572769373383684 0 1 0
32 8 - 46 - 1.6361561249941587 11.192365180312965 1 0 1
32 8 - 47 - 11.283288954000454 10.382978622025501 0 1 0
32 8 - 48 - 7.492812282638624 8.553923844650853 0 1 0
32 8 - 49 - 9.284744223676778 7.956675842326755 0 1 0
32 8 - 50 - 10.547878177002227 12.099845681649944 0 0 2
32 8 - 51 - 1.6366975449879344 11.17848214134574 1 0 1
32 8 - 52 - 8.300675832666457 12.66664528066758 0 1 0
32 8 - 53 - 2.8581368503315994 11.613699246683003 1 0 1
32 8 - 54 - 5.146121998996629 7.6543704173333635 1 0 1
32 8 - 55 - 8.616490353655536 10.287398396001663 0 0 2
32 8 - 56 - 3.354894140987502 9.811026046673456 1 0 1
32 8 - 57 - 3.723003275343217 9.921103749695856 1 0 1
32 8 - 58 - 4.9926545923420536 8.969834450011453 1 0 1
32 8 - 59 - 11.81023621999581 10.15814957434001 0 0 2
32 8 - 60 - 7.484799885326841 9.93240610465485 0 1 0
32 8 - 61 - 6.555475891005092 10.131222345342394 1 0 1
32 8 - 62 - 9.7695556646601 10.93626459032142 0 0 2
32 8 - 63 - 4.254631684355749 9.351259150658734 1 0 1
32 8 - 64 - 9.775368712667841 7.41058965632692 0 1 0
32 8 - 65 - 9.267259230313357 13.435409074979058 0 0 2
32 8 - 66 - 2.5355935443270328 9.78942953265505 1 0 1
32 8 - 67 - 9.324153120998139 9.60132002067985 0 1 0
32 8 - 68 - 8.814807254685244 7.978107585009033 0 1 0
32 8 - 69 - 1.5036749126738869 12.67108230405332 1 0 1
32 8 - 70 - 9.6462214376661 7.970667338949473 0 0 2
32 8 - 71 - 5.061556453991216 11.37010354566155 1 0 1
32 8 - 72 - 6.7603502666849336 9.680741399662413 1 0 1
32 8 - 73 - 9.017028910010898 8.920618656654066 0 1 0
32 8 - 74 - 3.405043192343631 9.875275604659691 1 0 1
32 8 - 75 - 2.523343217675574 9.444839779675627 1 0 1
32 8 - 76 - 1.440110774342126 10.525680567642363 1 0 1
32 8 - 77 - 2.122875089349691 9.89521111866149 1 0 1
32 8 - 78 - 10.690414089340873 17.933523440694746 0 1 0
32 8 - 79 - 7.1254673476602575 8.522500313352793 1 0 1
32 8 - 80 - 7.188806284684688 10.007159710299069 1 0 1
32 8 - 81 - 9.565362293991104 10.359508936312825 0 0 2
32 8 - 82 - 4.657923096014808 9.672018787648994 1 0 1
32 8 - 83 - 8.940937359662106 11.04663405099806 0 0 2
32 8 - 84 - 8.330533544338929 9.57897799933562 0 1 0
32 8 - 85 - 2.891306699001386 9.803867889665224 1 0 1
32 8 - 86 - 2.5728065133444034 10.078572145022918 1 0 1
32 8 - 87 - 7.212040679994971 10.384495366675157 1 0 1
32 8 - 88 - 10.304684714685816 10.148026777004514 0 0 2
32 8 - 89 - 7.106556879337101 10.439762075974915 1 0 1
32 8 - 90 - 10.65104690467706 6.245317559320634 0 1 0
32 8 - 91 - 6.9547186813433655 11.734059709007852 1 0 1
32 8 - 92 - 3.444591006011857 13.407666826019218 1 0 1
32 8 - 93 - 8.982092266320251 12.535864317673258 0 0 2
32 8 - 94 - 1.7156178886652924 12.441059667015603 1 0 1
32 8 - 95 - 7.169744857334687 10.37051162236215 1 0 1
32 8 - 96 - 4.481056741671637 9.273362669337075 1 0 1
32 8 - 97 - 2.7902100890059955 10.371102626319043 1 0 1
32 8 - 98 - 4.389234157026901 11.630150415954024 1 0 1
32 8 - 99 - 7.008849474329812 8.057541990012396 1 0 1
