1 2 1 0.005159800499677658 1 0.0033627308001086932 0 1
1 2 2 0.00493129590049648 1 0.003245682599663269 0 1
1 2 3 0.005390463099865883 1 0.003172814000026847 0 1
1 2 4 0.0054885981002371406 1 0.003144022999913432 0 1
1 2 5 0.005541048300074181 1 0.003058802999839827 0 1
1 3 1 0.008915941100167402 1 0.005645283499870857 0 1
1 3 2 0.00920564270018076 1 0.005530654799804325 0 1
1 3 3 0.009711893900384894 1 0.005349581400150782 0 1
1 3 4 0.009831260499777273 1 0.005166036000082386 0 1
1 3 5 0.009770962400034477 1 0.005120787700070651 0 1
1 4 1 0.013521082300394482 1 0.008554699699561751 0 1
1 4 2 0.014389063400085434 1 0.008559724899714637 0 1
1 4 3 0.013691199499953654 1 0.00794781549993786 0 1
1 4 4 0.01409764410018397 1 0.00780343559999892 0 1
1 4 5 0.013314340399847423 1 0.007546286300203065 0 1
