1 2 1 0.005159291599920834 1 5.9121100457559804e-05 0 1
1 2 2 0.004905660100303066 1 6.328189974738052e-05 0 1
1 2 4 0.005428521500107308 1 6.077159996493719e-05 0 1
1 2 8 0.005513575700206275 1 5.906579990551108e-05 0 1
1 3 1 0.0113249674996041 1 8.315330032928613e-05 0 1
1 3 2 0.010875437300092017 1 7.851389982533874e-05 0 1
1 3 4 0.013406808000036107 1 8.509760027664015e-05 0 1
1 3 8 0.012904853900181479 1 8.242650001193397e-05 0 1
1 4 1 0.020061817299756514 1 0.0001090527000997099 0 1
1 4 2 0.020747891700011678 1 0.00011036819996661507 0 1
1 4 4 0.020969171200340496 1 0.00010630339966155589 0 1
1 4 8 0.018468281799869146 1 0.00010736390013335039 0 1
