4 1 - 0 - 0.003776187659241259 0.0007293463180152079 0 1 0
4 1 - 1 - 0.003977319671927641 0.0022520319907926023 1 0 1
4 1 - 2 - 0.004058181657455862 0.002317048997307817 0 1 0
4 1 - 3 - 0.00423632034411033 0.0024209473631344736 0 0 2
4 1 - 4 - 0.0031286549638025463 0.0014486126601696014 1 0 1
4 1 - 5 - 0.005125913322747995 0.003370981003778676 0 0 2
4 1 - 6 - 0.003191564988810569 0.001472017029300332 0 0 2
4 1 - 7 - 0.004954065991720805 0.0024274490230406327 0 0 2
4 1 - 8 - 0.003930988352900992 0.0022848580071392157 1 0 1
4 1 - 9 - 0.00400562499028941 0.0019567799948466322 0 1 0
4 1 - 10 - 0.005149037344381213 0.0033446666590558984 0 0 2
4 1 - 11 - 0.003088221652433276 0.0006477846764028072 0 1 0
4 1 - 12 - 0.006506365006013462 0.004767723672557622 0 0 2
4 1 - 13 - 0.005177634671175231 0.0034579483520550034 0 0 2
4 1 - 14 - 0.003971999336499721 0.002253708002778391 0 0 2
4 1 - 15 - 0.004055059340316802 0.0019411889758581917 0 1 0
4 1 - 16 - 0.0051370740014438825 0.0028241623270635805 0 1 0
4 1 - 17 - 0.0021996620149972537 0.0009491323144175112 1 0 1
4 1 - 18 - 0.003286270987397681 0.0015468050260096788 0 1 0
4 1 - 19 - 0.004259373352397233 0.0024742246605455875 0 0 2
4 1 - 20 - 0.0031966089930695793 0.0011318910013263424 0 1 0
4 1 - 21 - 0.002179993665777147 0.0009202810275989275 1 0 1
4 1 - 22 - 0.005154395999852568 0.002797940338496119 0 1 0
4 1 - 23 - 0.0039367423160001636 0.0018449946655891836 0 1 0
4 1 - 24 - 0.003927548668192078 0.001842623013847818 0 1 0
4 1 - 25 - 0.005050963683364292 0.0030968980087588234 0 1 0
4 1 - 26 - 0.005127404350787401 0.003344415337778628 0 0 2
4 1 - 27 - 0.004961278328361611 0.002731488299711297 0 1 0
4 1 - 28 - 0.005808023677673191 0.0033166083352019387 0 1 0
4 1 - 29 - 0.005113944973951827 0.002764203993137926 0 1 0
4 1 - 30 - 0.00529510867393886 0.0035925010258021453 0 0 2
4 1 - 31 - 0.005276788026094437 0.003339335361185173 0 0 2
4 1 - 32 - 0.004980186310907205 0.002751810340366016 0 1 0
4 1 - 33 - 0.0038855446813007197 0.0022348330239765346 1 0 1
4 1 - 34 - 0.005043329321779311 0.0033854623325169086 0 0 2
4 1 - 35 - 0.003205831667097906 0.0014798373255568247 0 0 2
4 1 - 36 - 0.006952978651194522 0.00488081401757275 0 0 2
4 1 - 37 - 0.0039259016630239785 0.0018650406273081899 0 1 0
4 1 - 38 - 0.00409708598939081 0.0019327396682153144 0 1 0
4 1 - 39 - 0.0027881016527923448 0.0008684083780584236 0 1 0
4 1 - 40 - 0.0062878600050074365 0.0044550983390460415 0 1 0
4 1 - 41 - 0.002441485004965216 0.0006225839800511798 0 1 0
4 1 - 42 - 0.004061734982921432 0.002220494633850952 0 1 0
4 1 - 43 - 0.0031741369942513606 0.0011683756407971182 0 1 0
4 1 - 44 - 0.004005665328198423 0.0023464903157825274 0 0 2
4 1 - 45 - 0.004989968341154357 0.002736894666062047 0 1 0
4 1 - 46 - 0.004041966303096463 0.0019656193520252905 0 1 0
4 1 - 47 - 0.0031234886458454034 0.0014772743258314829 1 0 1
4 1 - 48 - 0.0041085956812215345 0.002307734335772693 0 0 2
4 1 - 49 - 0.007774887315463275 0.006044280016794801 0 0 2
4 1 - 50 - 0.0031404776576285562 0.0014970546665911872 1 0 1
4 1 - 51 - 0.0031624846936513977 0.001470547984354198 0 0 2
4 1 - 52 - 0.002411222997276733 0.0006238483280564348 0 1 0
4 1 - 53 - 0.005120015353895724 0.002847088636675229 0 1 0
4 1 - 54 - 0.002234483661595732 0.0009319689900924761 1 0 1
4 1 - 55 - 0.003388799688157936 0.001455012010410428 0 1 0
4 1 - 56 - 0.005000547350694736 0.002773849332394699 0 1 0
4 1 - 57 - 0.0038925419988421104 0.0016151253560868402 1 0 1
4 1 - 58 - 0.00643546898694088 0.004395012957199166 0 1 0
4 1 - 59 - 0.0052238516897583995 0.0030879100086167455 0 1 0
4 1 - 60 - 0.0027578546626803777 0.0014813616677808263 1 0 1
4 1 - 61 - 0.0038951566675677896 0.002281232989237954 1 0 1
4 1 - 62 - 0.0025255679890202978 0.000906844351751109 1 0 1
4 1 - 63 - 0.002726883646876862 0.0014275633341943224 1 0 1
4 1 - 64 - 0.002704543003346771 0.0014582866375955443 1 0 1
4 1 - 65 - 0.003037531355706354 0.0010433743397394817 0 1 0
4 1 - 66 - 0.006469332322012633 0.0047769403317943215 0 0 2
4 1 - 67 - 0.0031873376574367285 0.0014756986832556627 0 0 2
4 1 - 68 - 0.0031100956645483775 0.0014474256701457002 1 0 1
4 1 - 69 - 0.006354201313418647 0.004489605353834729 0 0 2
4 1 - 70 - 0.004989080674325426 0.002764862321782857 0 1 0
4 1 - 71 - 0.005071922321803868 0.003356621329051753 0 0 2
4 1 - 72 - 0.0032481260132044554 0.0014895846640380719 0 0 2
4 1 - 73 - 0.0032028796655746796 0.00154404997980843 1 0 1
4 1 - 74 - 0.00428096433946242 0.0025211513663331666 0 0 2
4 1 - 75 - 0.0031392359912085035 0.0011722063451694946 0 1 0
4 1 - 76 - 0.005384054015545796 0.0038774929707869887 0 0 2
4 1 - 77 - 0.005101469345390797 0.003419074617947141 0 0 2
4 1 - 78 - 0.0031885896848204234 0.0011979299985493224 0 1 0
4 1 - 79 - 0.00489287266585355 0.003134006013472875 0 1 0
4 1 - 80 - 0.005418734333943576 0.0035845546905572214 0 0 2
4 1 - 81 - 0.004843201003192614 0.002427964995149523 0 0 2
4 1 - 82 - 0.0033019980182871222 0.0012068670087804396 0 1 0
4 1 - 83 - 0.004164990658561388 0.0024289426510222256 1 0 1
4 1 - 84 - 0.0028291073200913766 0.0010198136636366448 1 0 1
4 1 - 85 - 0.003954727319069207 0.0022532919926258423 0 1 0
4 1 - 86 - 0.006602887685100238 0.004359465655094634 0 1 0
4 1 - 87 - 0.00374735133179153 0.0016786769847385585 0 1 0
4 1 - 88 - 0.004067259976485123 0.0018566556779357295 0 1 0
4 1 - 89 - 0.0031754093167061606 0.0014399359934031963 0 1 0
4 1 - 90 - 0.005089326684052745 0.0031080059901190302 0 1 0
4 1 - 91 - 0.005010521330405027 0.003277719001440952 0 1 0
4 1 - 92 - 0.0039722949926120545 0.002213244345815231 0 1 0
4 1 - 93 - 0.003927233997577181 0.002278768690302968 1 0 1
4 1 - 94 - 0.003190715331584215 0.001474993012379855 0 1 0
4 1 - 95 - 0.004092053335625678 0.002436767351658394 1 0 1
4 1 - 96 - 0.005027176327227305 0.0032571006449870765 0 1 0
4 1 - 97 - 0.002717229654081166 0.0014537700141469636 1 0 1
4 1 - 98 - 0.0030454830072509744 0.0010391689914589126 0 1 0
4 1 - 99 - 0.004088869997455428 0.002260183682665229 0 1 0
4 2 - 0 - 0.00257872132351622 0.0007553660155584415 0 1 0
4 2 - 1 - 0.00393179066789647 0.0022496642971721785 0 0 2
4 2 - 2 - 0.004214603337459266 0.002368507965002209 0 0 2
4 2 - 3 - 0.004116057340676586 0.0024300439981743693 0 0 2
4 2 - 4 - 0.003180844010785222 0.0014514773502014577 1 0 1
4 2 - 5 - 0.005092819027292231 0.0034033316769637167 0 0 2
4 2 - 6 - 0.0031934830282504363 0.0014772633051810165 0 0 2
4 2 - 7 - 0.004695743671618402 0.0024292886761638024 0 0 2
4 2 - 8 - 0.003920134991252174 0.0022823946977344653 1 0 1
4 2 - 9 - 0.004691313331325849 0.0018892010169414182 0 1 0
4 2 - 10 - 0.005088609352242202 0.00335704597334067 0 0 2
4 2 - 11 - 0.002430203351347397 0.000647525671714296 0 1 0
4 2 - 12 - 0.006479156009542446 0.00477548500445361 0 0 2
4 2 - 13 - 0.005202701994373153 0.0035594673245213926 0 0 2
4 2 - 14 - 0.003985080014293392 0.0022918170240397253 0 0 2
4 2 - 15 - 0.004105446666168669 0.0019429946357073882 0 1 0
4 2 - 16 - 0.0049784116563387215 0.0027562446775846183 0 1 0
4 2 - 17 - 0.0028675446713653705 0.001160777659000208 1 0 1
4 2 - 18 - 0.003955791665551563 0.00154539366485551 0 1 0
4 2 - 19 - 0.004603104336032024 0.0024942106877764063 0 0 2
4 2 - 20 - 0.003071315683579693 0.001061366017286976 0 1 0
4 2 - 21 - 0.002215349639300257 0.0010019730155666668 1 0 1
4 2 - 22 - 0.0050007206737063825 0.002766657038591802 0 1 0
4 2 - 23 - 0.004140736671009411 0.0019094250164926052 0 1 0
4 2 - 24 - 0.003933367688053598 0.0018286219759223361 0 1 0
4 2 - 25 - 0.005011338003290196 0.003052693655869613 0 1 0
4 2 - 26 - 0.005094849329907447 0.0033686776684286692 0 0 2
4 2 - 27 - 0.004988242678033809 0.002724633338705947 0 1 0
4 2 - 28 - 0.0051922709875119235 0.003377706976607442 0 1 0
4 2 - 29 - 0.004980184331846734 0.002720643339368204 0 1 0
4 2 - 30 - 0.00529214134439826 0.0036500279869263372 0 0 2
4 2 - 31 - 0.004976040994127591 0.0032396960111024478 0 0 2
4 2 - 32 - 0.005124873656313866 0.002816440653987229 0 1 0
4 2 - 33 - 0.003976817009970546 0.0022722939999463656 0 0 2
4 2 - 34 - 0.0051691816382420566 0.003561526983200262 0 0 2
4 2 - 35 - 0.0032106983320166664 0.001491893994777153 0 0 2
4 2 - 36 - 0.006574466339467714 0.004801147326361388 0 0 2
4 2 - 37 - 0.003939431994998206 0.0018225042925526698 0 1 0
4 2 - 38 - 0.004001443681772798 0.0018995736415187516 0 1 0
4 2 - 39 - 0.002570628693016867 0.0008981073430428903 0 0 2
4 2 - 40 - 0.006314004344555239 0.0045086500273707015 0 0 2
4 2 - 41 - 0.0024277453194372356 0.0006294946651905775 0 1 0
4 2 - 42 - 0.004054438652625929 0.0022021516730698445 0 1 0
4 2 - 43 - 0.003299045007831107 0.0011970860068686306 0 1 0
4 2 - 44 - 0.0040162509928147 0.0022955973399803042 0 0 2
4 2 - 45 - 0.005170796668001761 0.0028119966542969146 0 1 0
4 2 - 46 - 0.003949361639873436 0.0018224426700423162 0 1 0
4 2 - 47 - 0.003115735676450034 0.0014592236645209293 1 0 1
4 2 - 48 - 0.0039461023213031386 0.0022922470040308935 0 0 2
4 2 - 49 - 0.007964348323487988 0.006247703665091345 0 0 2
4 2 - 50 - 0.003110684648466607 0.0014674719811106722 1 0 1
4 2 - 51 - 0.003226887007864813 0.0015186386493345103 0 0 2
4 2 - 52 - 0.0023927570049030087 0.0006248560190821687 0 1 0
4 2 - 53 - 0.005035607338262102 0.0027925773174501956 0 1 0
4 2 - 54 - 0.002161946671549231 0.0009050506826800605 1 0 1
4 2 - 55 - 0.0032259166473522782 0.0015524753252975643 0 0 2
4 2 - 56 - 0.00499154101513947 0.0027444633306004107 0 1 0
4 2 - 57 - 0.0032176663517020643 0.001544125300521652 1 0 1
4 2 - 58 - 0.006444761335539321 0.004373491644704094 0 1 0
4 2 - 59 - 0.005143007651592295 0.003168528356278936 0 1 0
4 2 - 60 - 0.00275318700975428 0.0014907609632549188 1 0 1
4 2 - 61 - 0.00392208801349625 0.0022400996725385385 0 0 2
4 2 - 62 - 0.0032525002995195487 0.0009892550103055935 1 0 1
4 2 - 63 - 0.0030921706541751823 0.0015918606465371945 1 0 1
4 2 - 64 - 0.002743374672718346 0.0014822249844049413 1 0 1
4 2 - 65 - 0.003166652672613661 0.0010788560030050576 0 1 0
4 2 - 66 - 0.006432198007435848 0.004698231350630522 0 0 2
4 2 - 67 - 0.0032613070022004345 0.001492461694094042 0 0 2
4 2 - 68 - 0.003108505023798595 0.0014480719886099298 1 0 1
4 2 - 69 - 0.00628536066506058 0.004568814338805775 0 0 2
4 2 - 70 - 0.005726767975526551 0.0027699896406071884 0 1 0
4 2 - 71 - 0.00514383299741894 0.0034922913570577903 0 0 2
4 2 - 72 - 0.004037550340096156 0.0016285769913035135 0 0 2
4 2 - 73 - 0.003230282357738664 0.0015698536687220137 1 0 1
4 2 - 74 - 0.004283396643586457 0.00246854299136127 0 0 2
4 2 - 75 - 0.0038500536466017365 0.0011763643512191873 0 1 0
4 2 - 76 - 0.005372618654898058 0.003699405662094553 0 0 2
4 2 - 77 - 0.005178104659232001 0.003578106639906764 0 0 2
4 2 - 78 - 0.003157492319587618 0.001180816674605012 0 1 0
4 2 - 79 - 0.00492620033522447 0.00323169631883502 0 0 2
4 2 - 80 - 0.0059965623465056215 0.003474339998016755 0 0 2
4 2 - 81 - 0.004114961988913516 0.002459200991628071 0 0 2
4 2 - 82 - 0.0032904673522959156 0.0013306806601273515 0 1 0
4 2 - 83 - 0.004845796657415727 0.002396168982765327 0 0 2
4 2 - 84 - 0.002204473984117309 0.0009342363531080384 1 0 1
4 2 - 85 - 0.004118053999263793 0.002295128651894629 0 0 2
4 2 - 86 - 0.006617906328756362 0.004551358326959114 0 1 0
4 2 - 87 - 0.003837437000280867 0.0016703223227523267 0 1 0
4 2 - 88 - 0.003947763005271554 0.0018262956679488223 0 1 0
4 2 - 89 - 0.0031715913210064173 0.0014743743425545595 0 0 2
4 2 - 90 - 0.005192764995930096 0.0031140296487137675 0 1 0
4 2 - 91 - 0.005056082659090559 0.003367532684933394 0 0 2
4 2 - 92 - 0.003940884974629928 0.0022560063710746667 0 0 2
4 2 - 93 - 0.00402170999829347 0.0023120003558384874 1 0 1
4 2 - 94 - 0.0032638273551128805 0.0014890069918086133 0 1 0
4 2 - 95 - 0.0040899349842220545 0.0023869803408160806 0 0 2
4 2 - 96 - 0.00514738967952629 0.0033883799721176424 0 0 2
4 2 - 97 - 0.003363678678094099 0.001611382681100319 1 0 1
4 2 - 98 - 0.0030912693279484906 0.0010409939762515328 0 1 0
4 2 - 99 - 0.004438227003750702 0.0023421023118620115 0 0 2
4 4 - 0 - 0.003311244014184922 0.0007264523689324657 0 1 0
4 4 - 1 - 0.003967333643231541 0.0022853713210982582 0 0 2
4 4 - 2 - 0.004252831335179508 0.0024300066482586162 0 0 2
4 4 - 3 - 0.004171711664336423 0.0024776296340860426 0 0 2
4 4 - 4 - 0.0032895440235733986 0.001673847339892139 1 0 1
4 4 - 5 - 0.005153442655379574 0.0034837220058155554 0 0 2
4 4 - 6 - 0.003932274004910141 0.0015048490022309124 0 0 2
4 4 - 7 - 0.004173777357209474 0.002484507334884256 0 0 2
4 4 - 8 - 0.003982789989095181 0.0023107153635161617 1 0 1
4 4 - 9 - 0.003945435009275874 0.0018343773554079235 0 1 0
4 4 - 10 - 0.0051013123205242055 0.0034050150231147804 0 0 2
4 4 - 11 - 0.002423349341067175 0.0006321546388790011 0 1 0
4 4 - 12 - 0.006436441345916441 0.0047088986611925066 0 0 2
4 4 - 13 - 0.005174159673818698 0.003473756679644187 0 0 2
4 4 - 14 - 0.0039794019927891595 0.002299112325999886 0 0 2
4 4 - 15 - 0.004040636005811393 0.0019338160054758191 0 1 0
4 4 - 16 - 0.005967689328826964 0.002788752356233696 0 1 0
4 4 - 17 - 0.0021445436868816614 0.0009272290238489708 1 0 1
4 4 - 18 - 0.0031886049934352436 0.0014989923414153359 0 0 2
4 4 - 19 - 0.0041131776524707675 0.0024134719666714472 0 0 2
4 4 - 20 - 0.003870169341098517 0.0012272893218323588 0 1 0
4 4 - 21 - 0.0021420043388692043 0.0009248243489613136 1 0 1
4 4 - 22 - 0.005143144303777566 0.0027155366842634976 0 1 0
4 4 - 23 - 0.0039892729837447405 0.0018503550284852586 0 1 0
4 4 - 24 - 0.004692863343128313 0.0018705079952875774 0 1 0
4 4 - 25 - 0.005023152683861554 0.0030838206682043774 0 1 0
4 4 - 26 - 0.005110635344559948 0.00342238232648621 0 0 2
4 4 - 27 - 0.0051771160021113856 0.0027890110116762417 0 1 0
4 4 - 28 - 0.005019440005222957 0.0032944766571745276 0 0 2
4 4 - 29 - 0.005063842011926075 0.002766006664993862 0 1 0
4 4 - 30 - 0.005451591006324937 0.003581060329452157 0 0 2
4 4 - 31 - 0.0051406556740403175 0.00334488998244827 0 0 2
4 4 - 32 - 0.004966629028785974 0.002693217674580713 0 1 0
4 4 - 33 - 0.003967048677926262 0.0022976553106370074 0 0 2
4 4 - 34 - 0.005153458002799501 0.0034209456449995437 0 0 2
4 4 - 35 - 0.003220839328908672 0.0015155499956260126 0 0 2
4 4 - 36 - 0.006768963668340197 0.004810151314207664 0 0 2
4 4 - 37 - 0.003913794333736102 0.001807777308082829 0 1 0
4 4 - 38 - 0.004013428988400847 0.0019004529458470643 0 1 0
4 4 - 39 - 0.002569752997563531 0.000945887683580319 0 0 2
4 4 - 40 - 0.006313476013019681 0.004534625661714624 0 0 2
4 4 - 41 - 0.0024005170174253485 0.0006259879834639529 0 1 0
4 4 - 42 - 0.004021358656852195 0.002284712352169057 0 0 2
4 4 - 43 - 0.003167498003070553 0.001181095353482912 0 1 0
4 4 - 44 - 0.003986377327237278 0.002456955301264922 0 0 2
4 4 - 45 - 0.005016083984325329 0.0027669506574360034 0 1 0
4 4 - 46 - 0.004796730005182326 0.0018515069774972897 0 1 0
4 4 - 47 - 0.003111867990810424 0.0014718886426029105 1 0 1
4 4 - 48 - 0.00401759467786178 0.002231489963984738 0 0 2
4 4 - 49 - 0.007843316338645915 0.006184851692523807 0 0 2
4 4 - 50 - 0.003154465676440547 0.0015075366439608235 1 0 1
4 4 - 51 - 0.003956497996114194 0.001531017323335012 0 0 2
4 4 - 52 - 0.003092723995602379 0.0006484843324869871 0 1 0
4 4 - 53 - 0.00512924501284336 0.002926067973021418 0 1 0
4 4 - 54 - 0.002150369323013971 0.0009160919774634142 1 0 1
4 4 - 55 - 0.0033005549921654165 0.0015383750045051179 0 0 2
4 4 - 56 - 0.004959447678023328 0.0027011113124899566 0 1 0
4 4 - 57 - 0.0031906283111311495 0.0015391636795053878 1 0 1
4 4 - 58 - 0.00717581802746281 0.004380254016723484 0 1 0
4 4 - 59 - 0.005531204340513796 0.003170532019188007 0 1 0
4 4 - 60 - 0.0035264156758785248 0.0015280843169117968 1 0 1
4 4 - 61 - 0.003982438026772191 0.002310864336322993 0 0 2
4 4 - 62 - 0.0025378026572676995 0.000908082021245112 1 0 1
4 4 - 63 - 0.002686127981481453 0.0014232543374722202 1 0 1
4 4 - 64 - 0.002761249663308263 0.0014892639592289925 1 0 1
4 4 - 65 - 0.0030434536553608873 0.0010456646559759974 0 1 0
4 4 - 66 - 0.006877262009462963 0.004804683635787418 0 0 2
4 4 - 67 - 0.0032019540085457265 0.0014985556481406093 0 0 2
4 4 - 68 - 0.003894826319689552 0.0016408383380621672 1 0 1
4 4 - 69 - 0.0063439223255651695 0.004701615679853907 0 0 2
4 4 - 70 - 0.005000995976539949 0.002718719362746924 0 1 0
4 4 - 71 - 0.0051884620139996205 0.0034341936504157884 0 0 2
4 4 - 72 - 0.0031829776514011123 0.0014793216832913458 0 0 2
4 4 - 73 - 0.003222713343954335 0.0016130186656179526 1 0 1
4 4 - 74 - 0.004192847680921356 0.0024699686910025775 0 0 2
4 4 - 75 - 0.003321873994233708 0.0012604633229784667 0 1 0
4 4 - 76 - 0.005408206003873298 0.0036558396532200277 0 0 2
4 4 - 77 - 0.005161267685859154 0.0034533636838508146 0 0 2
4 4 - 78 - 0.0031414733384735882 0.0011681886777902641 0 1 0
4 4 - 79 - 0.0049895879928953946 0.0032700266844282546 0 0 2
4 4 - 80 - 0.0051741426771817105 0.0034528550071020923 0 0 2
4 4 - 81 - 0.004213538331290086 0.002425370660300056 0 0 2
4 4 - 82 - 0.0031812653178349137 0.0011836443251619737 0 1 0
4 4 - 83 - 0.004348006332293153 0.002430921032403906 0 0 2
4 4 - 84 - 0.0021608566748909652 0.0009349806544681389 1 0 1
4 4 - 85 - 0.003952610985531161 0.0023881923601341746 0 0 2
4 4 - 86 - 0.0065066993702203035 0.004414973353656629 0 1 0
4 4 - 87 - 0.0038583440085252128 0.0016899699888502557 0 1 0
4 4 - 88 - 0.003939652679643284 0.0018119339947588742 0 1 0
4 4 - 89 - 0.004158045669707159 0.0015678579996650417 0 0 2
4 4 - 90 - 0.005837612668983638 0.0031752759823575616 0 1 0
4 4 - 91 - 0.005050061328802258 0.0033059669852567213 0 0 2
4 4 - 92 - 0.003999344655312598 0.0023209703504107893 0 0 2
4 4 - 93 - 0.004015049644901107 0.0024230300138394036 1 0 1
4 4 - 94 - 0.004004441686750701 0.0015873189937944214 0 0 2
4 4 - 95 - 0.004226182005368173 0.002524600306060165 0 0 2
4 4 - 96 - 0.005140251305419952 0.0034122182987630367 0 0 2
4 4 - 97 - 0.0027700526601014035 0.001484340347815305 1 0 1
4 4 - 98 - 0.0030412873214421174 0.0010557373364766438 0 1 0
4 4 - 99 - 0.005004575320829948 0.0023932800007363158 0 0 2
8 1 - 0 - 0.008166509680449963 0.0064577870070934296 0 0 2
8 1 - 1 - 0.007915119000244886 0.00615377799840644 0 0 2
8 1 - 2 - 0.011384623338623594 0.009014560336557528 0 1 0
8 1 - 3 - 0.009481519014419367 0.0074869743548333645 0 1 0
8 1 - 4 - 0.005283159009801845 0.0034192206997734806 0 1 0
8 1 - 5 - 0.0041066373232752085 0.0023935440306862197 0 0 2
8 1 - 6 - 0.010880560672376305 0.008999795652925968 0 1 0
8 1 - 7 - 0.006462726334575564 0.004583513305988163 0 0 2
8 1 - 8 - 0.00511201866902411 0.003441565689475586 0 0 2
8 1 - 9 - 0.006176906676652531 0.004367486011081685 0 1 0
8 1 - 10 - 0.009560336300637573 0.007310918648727238 0 1 0
8 1 - 11 - 0.006397251330781728 0.004628841668212165 0 0 2
8 1 - 12 - 0.012757342658005655 0.010034786362666637 0 1 0
8 1 - 13 - 0.015705460022824504 0.012842821675197532 0 1 0
8 1 - 14 - 0.009421138655549536 0.007582877296954393 0 0 2
8 1 - 15 - 0.012046449002809823 0.009784176363609731 0 0 2
8 1 - 16 - 0.0076358286702694995 0.0058485933307868745 0 0 2
8 1 - 17 - 0.01194915532444914 0.010198287355403105 0 1 0
8 1 - 18 - 0.009237255648865055 0.006227668627010037 0 1 0
8 1 - 19 - 0.006682298650654653 0.004810447009125103 0 0 2
8 1 - 20 - 0.011422030996376028 0.009699321681788813 0 0 2
8 1 - 21 - 0.006347086668635408 0.004653077980037779 0 0 2
8 1 - 22 - 0.011282736978804072 0.008881683694198728 0 1 0
8 1 - 23 - 0.01144294566862906 0.009742842017052073 0 0 2
8 1 - 24 - 0.006589672004338354 0.005063486324312786 0 1 0
8 1 - 25 - 0.011308490337493518 0.008970969647634774 0 1 0
8 1 - 26 - 0.011192242323886603 0.00888594996649772 0 1 0
8 1 - 27 - 0.01131499568388487 0.009670757999022802 0 0 2
8 1 - 28 - 0.011706105976675948 0.009854504644560317 0 0 2
8 1 - 29 - 0.009239110998654118 0.007401955352785687 0 1 0
8 1 - 30 - 0.013660209660883993 0.011239316663704813 0 1 0
8 1 - 31 - 0.013791733673618486 0.01202884167044734 0 0 2
8 1 - 32 - 0.006423950311727822 0.0046922823336596284 1 0 1
8 1 - 33 - 0.007815225321489077 0.005955449693525831 0 1 0
8 1 - 34 - 0.009620426339097321 0.00793467464003091 0 0 2
8 1 - 35 - 0.005138281635784855 0.0033804343547672033 0 1 0
8 1 - 36 - 0.01136399533910056 0.009416106661471229 0 1 0
8 1 - 37 - 0.008233380659172932 0.006201631331350654 0 0 2
8 1 - 38 - 0.012334460353789229 0.009662471304181963 0 0 2
8 1 - 39 - 0.01615790301002562 0.01330101297935471 0 1 0
8 1 - 40 - 0.006225481687579304 0.0037644763166705766 0 1 0
8 1 - 41 - 0.005808701331261545 0.0031323199703668556 0 1 0
8 1 - 42 - 0.007925298317180324 0.0057430726786454524 0 1 0
8 1 - 43 - 0.016089920342589416 0.01415232865838334 0 0 2
8 1 - 44 - 0.009792900333801905 0.008162844693288207 0 0 2
8 1 - 45 - 0.00783629366196692 0.006177793334548672 0 0 2
8 1 - 46 - 0.02012931534166758 0.015594974664660791 0 1 0
8 1 - 47 - 0.006296439988849064 0.004353422011869649 0 1 0
8 1 - 48 - 0.00782314067085584 0.006031184981111437 0 1 0
8 1 - 49 - 0.007568724007190515 0.004991419652166466 0 1 0
8 1 - 50 - 0.01579474533597628 0.01385027663006137 0 0 2
8 1 - 51 - 0.013780878973193467 0.011978249647654593 0 0 2
8 1 - 52 - 0.01899188132180522 0.01694929066191738 0 0 2
8 1 - 53 - 0.013665181662266452 0.01105107000330463 0 1 0
8 1 - 54 - 0.007976953017835815 0.006240683006277929 0 0 2
8 1 - 55 - 0.007997908998125542 0.005973800027277321 0 0 2
8 1 - 56 - 0.007843552331905812 0.006055460001031558 0 0 2
8 1 - 57 - 0.014268110001770157 0.011910571988361577 0 0 2
8 1 - 58 - 0.013393645659865191 0.011057111027184874 0 1 0
8 1 - 59 - 0.01151187465681384 0.009594221017323434 0 0 2
8 1 - 60 - 0.015873471333179623 0.013778272007281581 0 1 0
8 1 - 61 - 0.011660612343500057 0.009025745326653123 0 1 0
8 1 - 62 - 0.007977720311221978 0.005681804982790102 0 1 0
8 1 - 63 - 0.009570688009262085 0.00790350434059898 0 0 2
8 1 - 64 - 0.01624599632729466 0.014312337307880322 0 0 2
8 1 - 65 - 0.011407338994710395 0.009522882697638124 0 1 0
8 1 - 66 - 0.008630028324356925 0.006078404995302359 0 1 0
8 1 - 67 - 0.01574164933602636 0.012947019344816606 0 1 0
8 1 - 68 - 0.011305160684666285 0.009760201326571405 0 0 2
8 1 - 69 - 0.011244114003299426 0.009437175351195037 0 0 2
8 1 - 70 - 0.009637931012548506 0.007524634672639271 0 1 0
8 1 - 71 - 0.01130292733432725 0.009094284672755748 0 1 0
8 1 - 72 - 0.01135569696392243 0.009611468975587437 0 0 2
8 1 - 73 - 0.013313390663824975 0.010823565341221789 0 1 0
8 1 - 74 - 0.006246366673925271 0.003834353352431208 0 1 0
8 1 - 75 - 0.009035191673319787 0.006251981675935288 0 1 0
8 1 - 76 - 0.014714548655319959 0.012028622343981018 0 0 2
8 1 - 77 - 0.014140688329158973 0.012090229991978656 0 0 2
8 1 - 78 - 0.007725414005108178 0.004956682348468652 0 1 0
8 1 - 79 - 0.004066562997953345 0.0022741223219782114 0 1 0
8 1 - 80 - 0.018511657331449292 0.016446431342046708 0 0 2
8 1 - 81 - 0.009628908999729902 0.00774544570595026 0 1 0
8 1 - 82 - 0.006509895339452973 0.004810193999825667 0 0 2
8 1 - 83 - 0.007758036993133525 0.005653139029163867 0 1 0
8 1 - 84 - 0.007866988016758114 0.006147348341376831 0 0 2
8 1 - 85 - 0.011396338678120324 0.009329881713104745 0 0 2
8 1 - 86 - 0.009531156994247187 0.007226705007875959 0 1 0
8 1 - 87 - 0.008515557332430035 0.00585813500219956 0 1 0
8 1 - 88 - 0.009770174006310601 0.008146258012857288 0 0 2
8 1 - 89 - 0.011544129015722623 0.009301762678660452 0 1 0
8 1 - 90 - 0.013705267978366464 0.011764324988083292 0 0 2
8 1 - 91 - 0.008687256660778075 0.005817438359372318 0 1 0
8 1 - 92 - 0.01122657535597682 0.009372179648683717 0 0 2
8 1 - 93 - 0.005011972330976278 0.0033659506783199804 0 0 2
8 1 - 94 - 0.013674122999267032 0.011041348683647811 0 1 0
8 1 - 95 - 0.013700564003859958 0.011912744977356246 0 0 2
8 1 - 96 - 0.006565820367541164 0.004791475987682739 0 0 2
8 1 - 97 - 0.010785808670334518 0.007914406286242107 0 1 0
8 1 - 98 - 0.013758012656277666 0.011977222980931401 0 0 2
8 1 - 99 - 0.009529792315637073 0.007686814312667896 0 0 2
8 2 - 0 - 0.008126574316217253 0.00641170097514987 0 0 2
8 2 - 1 - 0.007829423974423358 0.006119514311042924 0 0 2
8 2 - 2 - 0.011519950678727279 0.009031999293559542 0 1 0
8 2 - 3 - 0.009607772323458144 0.007905144283237556 0 0 2
8 2 - 4 - 0.005157127355535825 0.0034344913243936994 0 0 2
8 2 - 5 - 0.0048436026748580234 0.0025231859957178435 0 0 2
8 2 - 6 - 0.011198579023281733 0.009159922968441 0 0 2
8 2 - 7 - 0.006609175315437217 0.00461718599156787 0 0 2
8 2 - 8 - 0.005097195680718869 0.003362444384644429 0 0 2
8 2 - 9 - 0.006326899630948901 0.004463183674185227 0 1 0
8 2 - 10 - 0.00932860333705321 0.007102499638373653 0 1 0
8 2 - 11 - 0.006293355661910027 0.004580848656284313 0 0 2
8 2 - 12 - 0.01218249435381343 0.010269271675497293 0 0 2
8 2 - 13 - 0.015851053001824766 0.01284599465240414 0 1 0
8 2 - 14 - 0.009376895633370927 0.007673933985643089 0 0 2
8 2 - 15 - 0.012655804690439254 0.009804131637793034 0 0 2
8 2 - 16 - 0.008357369670799622 0.005898512977485856 0 0 2
8 2 - 17 - 0.011736338667105883 0.010042670687350135 0 0 2
8 2 - 18 - 0.009445755005193254 0.006641229983263959 0 1 0
8 2 - 19 - 0.008539472667810818 0.004796140283967057 0 0 2
8 2 - 20 - 0.011601821655252328 0.009694912024618437 0 0 2
8 2 - 21 - 0.0064043119782581925 0.004562132991850376 0 0 2
8 2 - 22 - 0.011555128633820763 0.00914974301122129 0 1 0
8 2 - 23 - 0.011571755011876423 0.009963960968889296 0 0 2
8 2 - 24 - 0.006738625660849114 0.004810783313587308 0 0 2
8 2 - 25 - 0.011174858334319044 0.008852352329995483 0 1 0
8 2 - 26 - 0.011220833674694102 0.008977020993673554 0 1 0
8 2 - 27 - 0.011596481994880984 0.009960049317063142 0 0 2
8 2 - 28 - 0.011817469649637738 0.009820749692153186 0 0 2
8 2 - 29 - 0.009185015670179078 0.007413446321152151 0 1 0
8 2 - 30 - 0.013820958323776722 0.01112555165309459 0 1 0
8 2 - 31 - 0.013726929338493695 0.012092530339335402 0 0 2
8 2 - 32 - 0.006425139009176443 0.004656308679841459 0 0 2
8 2 - 33 - 0.007699734007474035 0.0056900389802952605 0 1 0
8 2 - 34 - 0.009517555668329198 0.007758142038558921 0 0 2
8 2 - 35 - 0.005060337328662475 0.0033277049854708216 0 0 2
8 2 - 36 - 0.011504757004634786 0.009527405316475779 0 0 2
8 2 - 37 - 0.008277368013902258 0.006155024651282777 0 0 2
8 2 - 38 - 0.011360203362225246 0.0095008240120175 0 0 2
8 2 - 39 - 0.01580507467345645 0.013079811644274741 0 1 0
8 2 - 40 - 0.006150467651120076 0.0037676709859321518 0 1 0
8 2 - 41 - 0.005797517330696186 0.0031609626409287253 0 1 0
8 2 - 42 - 0.007871005315488825 0.0056931189804648365 0 1 0
8 2 - 43 - 0.01634396699955687 0.014286928344517946 0 0 2
8 2 - 44 - 0.009763928692943107 0.008132972366486987 0 0 2
8 2 - 45 - 0.0077876326589224245 0.006166556015765916 0 0 2
8 2 - 46 - 0.018024683328500636 0.015321185327290248 0 1 0
8 2 - 47 - 0.006266506699224313 0.004645515970575312 0 0 2
8 2 - 48 - 0.007858189637772739 0.006094475994662693 0 0 2
8 2 - 49 - 0.00755257634834076 0.004939948693693926 0 1 0
8 2 - 50 - 0.015867700664481767 0.013848041999153793 0 0 2
8 2 - 51 - 0.013803781320651373 0.012254548685935637 0 0 2
8 2 - 52 - 0.018874680662217237 0.01716213896482562 0 0 2
8 2 - 53 - 0.014566605677828193 0.010859104009189954 0 1 0
8 2 - 54 - 0.008030219003558159 0.006529278665160139 0 0 2
8 2 - 55 - 0.007634225359652191 0.0058964186658461894 0 0 2
8 2 - 56 - 0.007736802663809309 0.005934557334209481 0 0 2
8 2 - 57 - 0.013953697984106839 0.01199112000176683 0 0 2
8 2 - 58 - 0.013821367659450818 0.010988048006159563 0 1 0
8 2 - 59 - 0.011462637009875227 0.009644894996502746 0 0 2
8 2 - 60 - 0.015658311332420755 0.013895924649356553 0 0 2
8 2 - 61 - 0.011373582684124509 0.008925316661285857 0 1 0
8 2 - 62 - 0.00802138833872353 0.005624931693697969 0 1 0
8 2 - 63 - 0.009563701343722641 0.007821573371378085 0 0 2
8 2 - 64 - 0.016006821979923796 0.014274553357002635 0 0 2
8 2 - 65 - 0.011565861330988508 0.009961723000742495 0 0 2
8 2 - 66 - 0.007798272340248029 0.006065215973649174 0 0 2
8 2 - 67 - 0.01618162435867513 0.013100470998324454 0 1 0
8 2 - 68 - 0.011325400982362527 0.009515824009819577 0 0 2
8 2 - 69 - 0.011265744649184246 0.009372805322830875 0 0 2
8 2 - 70 - 0.009669265011325479 0.0075617860032555955 0 1 0
8 2 - 71 - 0.0118322450046738 0.008943012721526127 0 1 0
8 2 - 72 - 0.011461511331920823 0.009934880343886713 0 0 2
8 2 - 73 - 0.013277041357165825 0.010789132696421197 0 1 0
8 2 - 74 - 0.006280903665659328 0.003857383989573767 0 1 0
8 2 - 75 - 0.00933308833433936 0.00642089667962864 0 1 0
8 2 - 76 - 0.014352671006539216 0.011997467294956246 0 0 2
8 2 - 77 - 0.013697867999629427 0.011890106019563973 0 0 2
8 2 - 78 - 0.00749855467195933 0.004993061360437423 0 1 0
8 2 - 79 - 0.004025926309016844 0.0022819463435250023 0 1 0
8 2 - 80 - 0.018394027991841238 0.01663217934158941 0 0 2
8 2 - 81 - 0.009578014025464654 0.00811798230279237 0 0 2
8 2 - 82 - 0.007153576977240542 0.004795554016406337 0 0 2
8 2 - 83 - 0.007884783670306206 0.005777785651541005 0 1 0
8 2 - 84 - 0.00788315866763393 0.0060824279983838405 0 0 2
8 2 - 85 - 0.011060022341553122 0.009231586979391674 0 0 2
8 2 - 86 - 0.009296546981204301 0.007154115010052919 0 1 0
8 2 - 87 - 0.007889289661155392 0.00752242598294591 0 1 0
8 2 - 88 - 0.009711960679851472 0.007887382972209403 0 0 2
8 2 - 89 - 0.011220478006483367 0.009318835296047231 0 0 2
8 2 - 90 - 0.013484615308698267 0.011659845690398168 0 0 2
8 2 - 91 - 0.00813622266286984 0.005874554335605353 0 1 0
8 2 - 92 - 0.0111061223433353 0.00932397871899108 0 0 2
8 2 - 93 - 0.004997602993777642 0.003300117348165562 0 0 2
8 2 - 94 - 0.013856170660195252 0.011181293346453458 0 1 0
8 2 - 95 - 0.013900402991566807 0.011993347977598509 0 0 2
8 2 - 96 - 0.0073444400137911234 0.004936013331947227 0 0 2
8 2 - 97 - 0.009541605638029674 0.0078121796444368865 0 0 2
8 2 - 98 - 0.013741225663882991 0.011918616306502372 0 0 2
8 2 - 99 - 0.009509916009847075 0.007639149999401222 0 0 2
8 4 - 0 - 0.008117888995911926 0.006389979661131899 0 0 2
8 4 - 1 - 0.007977771339938045 0.006239568969855706 0 0 2
8 4 - 2 - 0.011321128656466803 0.009076537331566215 0 1 0
8 4 - 3 - 0.010434438338658461 0.007777001340097438 0 0 2
8 4 - 4 - 0.005080362684869518 0.0033907496836036444 0 0 2
8 4 - 5 - 0.004118566672938565 0.002413922998433312 0 0 2
8 4 - 6 - 0.01104523967175434 0.009307162021286786 0 0 2
8 4 - 7 - 0.0070638360145191354 0.004795555995466809 0 0 2
8 4 - 8 - 0.00513819702124844 0.0034361226911035674 0 0 2
8 4 - 9 - 0.006187497017284234 0.0045126603411821025 0 0 2
8 4 - 10 - 0.00939442430778096 0.0072126740124076605 0 1 0
8 4 - 11 - 0.006393495656084269 0.004637572312882791 0 0 2
8 4 - 12 - 0.01177668497742464 0.009988002362661064 0 0 2
8 4 - 13 - 0.015694155668218933 0.01305383100407198 0 1 0
8 4 - 14 - 0.00948619534028694 0.00758789935692524 0 0 2
8 4 - 15 - 0.011645306018181145 0.009825674002058804 0 0 2
8 4 - 16 - 0.0076119846586758895 0.0058769172950026895 0 0 2
8 4 - 17 - 0.011728365323506296 0.009938517333163569 0 0 2
8 4 - 18 - 0.009114089014474303 0.0063072450187367695 0 1 0
8 4 - 19 - 0.006506609012528012 0.004782400016362468 0 0 2
8 4 - 20 - 0.0114545879769139 0.009705182688776404 0 0 2
8 4 - 21 - 0.006300966662820429 0.004545428673736751 0 0 2
8 4 - 22 - 0.011328271978224317 0.008894864314546187 0 1 0
8 4 - 23 - 0.01143009434842194 0.009774499999669692 0 0 2
8 4 - 24 - 0.006478562660049647 0.004731885293343415 0 0 2
8 4 - 25 - 0.012191766659573961 0.008930529681189606 0 1 0
8 4 - 26 - 0.011414371683107067 0.00913556965921695 0 1 0
8 4 - 27 - 0.011455079346584776 0.009872131030230472 0 0 2
8 4 - 28 - 0.012187882345945885 0.010249399308425685 0 0 2
8 4 - 29 - 0.009190333328054598 0.007346861025628944 0 0 2
8 4 - 30 - 0.013775520026683807 0.011256457694495719 0 1 0
8 4 - 31 - 0.013986305333673954 0.012089877001320321 0 0 2
8 4 - 32 - 0.006592896340104441 0.004654624654601018 0 0 2
8 4 - 33 - 0.007611009990796447 0.0056371430012707915 0 1 0
8 4 - 34 - 0.009663451676412176 0.007816741340017568 0 0 2
8 4 - 35 - 0.005130653347199162 0.003441579989157617 0 0 2
8 4 - 36 - 0.011479267016208421 0.009678452004057666 0 0 2
8 4 - 37 - 0.00787666899850592 0.006123533666444321 0 0 2
8 4 - 38 - 0.011370118998456746 0.009656226340060433 0 0 2
8 4 - 39 - 0.015782668973164014 0.013101470326849569 0 1 0
8 4 - 40 - 0.007007335991753886 0.003744207283792396 0 1 0
8 4 - 41 - 0.0050931730074808 0.0031517873285338283 0 1 0
8 4 - 42 - 0.008573874675979217 0.005649815682166566 0 1 0
8 4 - 43 - 0.01602322266747554 0.014158376356742034 0 0 2
8 4 - 44 - 0.009731886345737923 0.008088398006899903 0 0 2
8 4 - 45 - 0.007915959654686352 0.006205514655448496 0 0 2
8 4 - 46 - 0.018014282337389886 0.015265538978079954 0 1 0
8 4 - 47 - 0.006238011313447108 0.004500520337993899 0 0 2
8 4 - 48 - 0.007992341978630671 0.0062953943270258605 0 0 2
8 4 - 49 - 0.007627127653298278 0.0050150126723262165 0 1 0
8 4 - 50 - 0.015581441674536714 0.013879087675983707 0 0 2
8 4 - 51 - 0.013867004677498093 0.012115012990155568 0 0 2
8 4 - 52 - 0.019472377995649975 0.017070731691395242 0 0 2
8 4 - 53 - 0.013323463674169034 0.010732340704028806 0 1 0
8 4 - 54 - 0.008015227989138415 0.006276401012049367 0 0 2
8 4 - 55 - 0.007602547004353255 0.00596480801080664 0 0 2
8 4 - 56 - 0.007778543668488662 0.006188273352260391 0 0 2
8 4 - 57 - 0.013993101990005623 0.012162283974854898 0 0 2
8 4 - 58 - 0.013571758657538641 0.01084991602692753 0 1 0
8 4 - 59 - 0.013262772680415463 0.009730870990703504 0 0 2
8 4 - 60 - 0.015538394334726036 0.0135981643688865 0 0 2
8 4 - 61 - 0.011293066995373618 0.008918115675138932 0 1 0
8 4 - 62 - 0.008477091672830284 0.00570529002773886 0 1 0
8 4 - 63 - 0.009953177999705076 0.007940084324218333 0 0 2
8 4 - 64 - 0.01624087836050118 0.014488409991220882 0 0 2
8 4 - 65 - 0.012586317335565885 0.00996353265751774 0 0 2
8 4 - 66 - 0.00800739967962727 0.006191402324475348 0 0 2
8 4 - 67 - 0.015786719004002712 0.013017416679455588 0 1 0
8 4 - 68 - 0.011616501316893846 0.009671347312784443 0 0 2
8 4 - 69 - 0.011188290334151437 0.009368593009033551 0 0 2
8 4 - 70 - 0.009730976695815722 0.007466659978187333 0 1 0
8 4 - 71 - 0.01151777699124068 0.009033040046536673 0 1 0
8 4 - 72 - 0.011567657017925132 0.009694545005913824 0 0 2
8 4 - 73 - 0.013263738675353427 0.010828895668964833 0 1 0
8 4 - 74 - 0.0062855983269400895 0.003815793335282554 0 1 0
8 4 - 75 - 0.009199159976560622 0.006433663656935096 0 1 0
8 4 - 76 - 0.013956269656773657 0.01210134334784622 0 0 2
8 4 - 77 - 0.013989979013179738 0.01194166667604198 0 0 2
8 4 - 78 - 0.008538839989341795 0.005151899706106633 0 1 0
8 4 - 79 - 0.004257828676297019 0.0022840993672919767 0 1 0
8 4 - 80 - 0.018362138342733182 0.016451335337478667 0 0 2
8 4 - 81 - 0.009857805989061793 0.008082524679290751 0 0 2
8 4 - 82 - 0.006504137340622643 0.004781493994717796 0 0 2
8 4 - 83 - 0.007952139344221601 0.005711187317501754 0 1 0
8 4 - 84 - 0.007834117646173885 0.006079048985460152 0 0 2
8 4 - 85 - 0.011217193639216324 0.009458622351909678 0 0 2
8 4 - 86 - 0.009421179323301962 0.007209446339402348 0 1 0
8 4 - 87 - 0.007853258342947811 0.005631765001453459 0 1 0
8 4 - 88 - 0.009616065653972328 0.007907158016071966 0 0 2
8 4 - 89 - 0.011208358667014789 0.00960491467655326 0 0 2
8 4 - 90 - 0.013969048683065921 0.011871719694075486 0 0 2
8 4 - 91 - 0.007789090974256396 0.0056895503657869995 0 1 0
8 4 - 92 - 0.011200455968112996 0.009382411333111426 0 0 2
8 4 - 93 - 0.00500556166904668 0.0033691786811687052 0 0 2
8 4 - 94 - 0.013871633331291378 0.0112170289697436 0 1 0
8 4 - 95 - 0.014174328981122622 0.012166816993461302 0 0 2
8 4 - 96 - 0.006507521320600063 0.004828042971591155 0 0 2
8 4 - 97 - 0.009778968330162266 0.007924781336138645 0 0 2
8 4 - 98 - 0.014950739666043471 0.012114579343081763 0 0 2
8 4 - 99 - 0.009604860989687344 0.007883307329999903 0 0 2
8 8 - 0 - 0.008865378661236416 0.0065004626715866225 0 0 2
8 8 - 1 - 0.007924816668188821 0.006178826345906903 0 0 2
8 8 - 2 - 0.011301305339050789 0.008969798684120178 0 1 0
8 8 - 3 - 0.0101882423623465 0.007744834350887686 0 0 2
8 8 - 4 - 0.005204498011153191 0.003501723986119032 0 0 2
8 8 - 5 - 0.004323210664248715 0.0025465762979971864 0 0 2
8 8 - 6 - 0.011048577667679638 0.00921421331198265 0 0 2
8 8 - 7 - 0.007075311635465672 0.004687488622342547 0 0 2
8 8 - 8 - 0.005238375995152941 0.0034234999717834094 0 0 2
8 8 - 9 - 0.006274213335321595 0.004697215006065865 0 0 2
8 8 - 10 - 0.009406020321572822 0.007222294671616206 0 1 0
8 8 - 11 - 0.006337237330929687 0.004614089984291544 0 0 2
8 8 - 12 - 0.012113047647289932 0.01014324463903904 0 0 2
8 8 - 13 - 0.01588957764518758 0.012888093343159804 0 1 0
8 8 - 14 - 0.009482990678710243 0.00778849667403847 0 0 2
8 8 - 15 - 0.011812843653994301 0.009896452655084431 0 0 2
8 8 - 16 - 0.007960820648198327 0.006069272640161216 0 0 2
8 8 - 17 - 0.011887542981033524 0.010071343296052268 0 0 2
8 8 - 18 - 0.0096539103348429 0.006392999358164768 0 1 0
8 8 - 19 - 0.006635084010971089 0.004801531011859576 0 0 2
8 8 - 20 - 0.011524528672453016 0.009693365330652643 0 0 2
8 8 - 21 - 0.006271881652840723 0.004538449672205995 0 0 2
8 8 - 22 - 0.011354245672312876 0.008945933329717567 0 1 0
8 8 - 23 - 0.01182273365945245 0.009785887668840587 0 0 2
8 8 - 24 - 0.0067436583340168 0.004937179347810646 0 0 2
8 8 - 25 - 0.011440230009611696 0.008991856360808015 0 1 0
8 8 - 26 - 0.011466235000019273 0.009138546010944992 0 1 0
8 8 - 27 - 0.01160516634505863 0.009791610995307565 0 0 2
8 8 - 28 - 0.01179302765134101 0.009913545354114223 0 0 2
8 8 - 29 - 0.009135205007623881 0.007495098010015985 0 0 2
8 8 - 30 - 0.013813614030368626 0.01128793069316695 0 1 0
8 8 - 31 - 0.014010854317651441 0.012184994644485414 0 0 2
8 8 - 32 - 0.006437065332041432 0.004682347314277043 0 0 2
8 8 - 33 - 0.00767004534524555 0.005921604674464713 0 0 2
8 8 - 34 - 0.009560861353141565 0.00780860233741502 0 0 2
8 8 - 35 - 0.007065647999600818 0.0034397683339193463 0 0 2
8 8 - 36 - 0.011798638345984122 0.00964098567298303 0 0 2
8 8 - 37 - 0.008109490658777455 0.006524529657326639 0 0 2
8 8 - 38 - 0.011398011333464334 0.00952035035394753 0 0 2
8 8 - 39 - 0.015854434653495748 0.013105014998776218 0 1 0
8 8 - 40 - 0.006322500664585581 0.003776883357204497 0 1 0
8 8 - 41 - 0.005102713320714732 0.0031477626762352884 0 1 0
8 8 - 42 - 0.008097556691306334 0.0056787673189925645 0 1 0
8 8 - 43 - 0.0159411333152093 0.014105116347006211 0 0 2
8 8 - 44 - 0.0099736256718946 0.008058113686274737 0 0 2
8 8 - 45 - 0.007967028010170907 0.006184047999947021 0 0 2
8 8 - 46 - 0.018419836337367695 0.015472402660331378 0 1 0
8 8 - 47 - 0.006400719323816399 0.004451780968035261 0 0 2
8 8 - 48 - 0.007850839989259839 0.00611235232402881 0 0 2
8 8 - 49 - 0.007563164341263473 0.00495880568632856 0 1 0
8 8 - 50 - 0.01561990869231522 0.013883465998029957 0 0 2
8 8 - 51 - 0.013932283036410809 0.011993006647874912 0 0 2
8 8 - 52 - 0.018892931325050693 0.016982458337831 0 0 2
8 8 - 53 - 0.013454775015513103 0.010967089309512328 0 1 0
8 8 - 54 - 0.008032000992291918 0.006493367351746808 0 0 2
8 8 - 55 - 0.008496063644997776 0.006017944018822163 0 0 2
8 8 - 56 - 0.00849122133028383 0.006048464662550638 0 0 2
8 8 - 57 - 0.014754685670292625 0.01221000034517298 0 0 2
8 8 - 58 - 0.013407761987764388 0.01079300333124896 0 1 0
8 8 - 59 - 0.01158300267222027 0.009779956987282882 0 0 2
8 8 - 60 - 0.016037234667843826 0.01403119865184029 0 0 2
8 8 - 61 - 0.011576433666050434 0.009109171340242028 0 1 0
8 8 - 62 - 0.008012480665153515 0.005880403662255654 0 1 0
8 8 - 63 - 0.009592752690271784 0.008030214385750392 0 0 2
8 8 - 64 - 0.01626033300999552 0.014202558319084346 0 0 2
8 8 - 65 - 0.01174755668034777 0.009935235953889787 0 0 2
8 8 - 66 - 0.007870193008178225 0.00609585865944003 0 0 2
8 8 - 67 - 0.016139476986912392 0.013137096034673352 0 1 0
8 8 - 68 - 0.012243399338331074 0.009689011009565244 0 0 2
8 8 - 69 - 0.01124309366180872 0.009558319676822673 0 0 2
8 8 - 70 - 0.00956869003130123 0.007359490322414786 0 1 0
8 8 - 71 - 0.011481940668697158 0.009013382659759372 0 1 0
8 8 - 72 - 0.011601903010159731 0.009911360975820571 0 0 2
8 8 - 73 - 0.013446783666343737 0.01091131232290839 0 1 0
8 8 - 74 - 0.006463551990843068 0.0037852889702965813 0 1 0
8 8 - 75 - 0.00919217166180412 0.006287482043262571 0 1 0
8 8 - 76 - 0.013917034666519612 0.01217572969229271 0 0 2
8 8 - 77 - 0.013926725330141682 0.012115460354834795 0 0 2
8 8 - 78 - 0.007745301680794607 0.005270886603587617 0 1 0
8 8 - 79 - 0.004049342300277203 0.00233118668741857 0 0 2
8 8 - 80 - 0.01832573164332037 0.016485438022452094 0 0 2
8 8 - 81 - 0.009547323667599509 0.007829841672598073 0 0 2
8 8 - 82 - 0.0066260973302026595 0.0047935089872529115 0 0 2
8 8 - 83 - 0.0077934813452884555 0.0056510233553126454 0 1 0
8 8 - 84 - 0.007903787676089754 0.0061782706567707155 0 0 2
8 8 - 85 - 0.011283472335586945 0.00949371101645132 0 0 2
8 8 - 86 - 0.009386870020534843 0.007159907661844045 0 1 0
8 8 - 87 - 0.007777897679867843 0.005597876326646656 0 1 0
8 8 - 88 - 0.009982795978430659 0.007940703634327898 0 0 2
8 8 - 89 - 0.012132667024464657 0.009675185331919542 0 0 2
8 8 - 90 - 0.013458889346414555 0.011738530360162258 0 0 2
8 8 - 91 - 0.00784076697891578 0.005921130340235929 0 1 0
8 8 - 92 - 0.01125123402259002 0.009411628649104387 0 0 2
8 8 - 93 - 0.0057690679871787625 0.0033019239781424403 0 0 2
8 8 - 94 - 0.01378605035521711 0.011127197338889044 0 1 0
8 8 - 95 - 0.014105656669319918 0.012445010691105079 0 0 2
8 8 - 96 - 0.006611823007309189 0.004821033993115028 0 0 2
8 8 - 97 - 0.010282315352621177 0.00794848669708396 0 0 2
8 8 - 98 - 0.01383633599228536 0.012177523012117792 0 0 2
8 8 - 99 - 0.009520790985940645 0.007859947315106789 0 0 2
16 1 - 0 - 0.04201978836984684 0.03990248798315103 0 1 0
16 1 - 1 - 0.013689707324374467 0.011911745338390272 0 1 0
16 1 - 2 - 0.033700046653393656 0.03160341931895042 0 1 0
16 1 - 3 - 0.0344289283384569 0.03202228667214513 0 1 0
16 1 - 4 - 0.038236773650472365 0.03404062602203339 0 1 0
16 1 - 5 - 0.025515315996017307 0.022017388643386464 0 1 0
16 1 - 6 - 0.039408903025711574 0.036962754325941205 0 1 0
16 1 - 7 - 0.039395338331814855 0.03674428900315737 0 1 0
16 1 - 8 - 0.031807050690986216 0.029263599659316242 0 0 2
16 1 - 9 - 0.024016832001507282 0.02216624167825406 0 1 0
16 1 - 10 - 0.023773259347459923 0.020611843327060342 0 1 0
16 1 - 11 - 0.024474705336615443 0.02238726297703882 0 0 2
16 1 - 12 - 0.02126923566296076 0.018876906658988446 0 1 0
16 1 - 13 - 0.042857084985977664 0.04067939199740067 0 0 2
16 1 - 14 - 0.031648147987046585 0.028912423042735707 0 1 0
16 1 - 15 - 0.03155053699932372 0.028626624669414014 0 0 2
16 1 - 16 - 0.03142054165558268 0.028950133671363197 0 1 0
16 1 - 17 - 0.03476079533963154 0.03273246998044973 0 1 0
16 1 - 18 - 0.02727473998675123 0.024720558314584196 0 1 0
16 1 - 19 - 0.030164666997734457 0.026546455667509388 0 1 0
16 1 - 20 - 0.04716349001197765 0.0455746686590525 0 0 2
16 1 - 21 - 0.04736319267734264 0.04494764933284993 0 1 0
16 1 - 22 - 0.02822969330009073 0.02509946333399663 0 1 0
16 1 - 23 - 0.031036158635591466 0.029125200351700187 0 1 0
16 1 - 24 - 0.01828215067507699 0.016437283329044778 0 0 2
16 1 - 25 - 0.031173341344886772 0.029334100312553346 0 0 2
16 1 - 26 - 0.011597401656520862 0.00963943067472428 0 1 0
16 1 - 27 - 0.024492670995338507 0.02246153934781129 0 1 0
16 1 - 28 - 0.03511114234182362 0.03280208331610386 0 1 0
16 1 - 29 - 0.030761218998425953 0.02680332931534698 0 1 0
16 1 - 30 - 0.027122588983426493 0.025316765008028597 0 0 2
16 1 - 31 - 0.03520289668813348 0.03229806603242953 0 0 2
16 1 - 32 - 0.03909748165945833 0.036441394341333457 0 1 0
16 1 - 33 - 0.01822928700130433 0.01615269431689133 0 1 0
16 1 - 34 - 0.037719297009365015 0.03386612500374516 0 1 0
16 1 - 35 - 0.0306545720086433 0.028789144649636 0 1 0
16 1 - 36 - 0.02109375933650881 0.019045682992630947 0 0 2
16 1 - 37 - 0.031170875319124512 0.02706327799630041 0 1 0
16 1 - 38 - 0.03400096867699176 0.03241769329179078 0 0 2
16 1 - 39 - 0.024338781038143985 0.021188789318936568 0 1 0
16 1 - 40 - 0.011560786340851337 0.009512641661179563 0 1 0
16 1 - 41 - 0.03927411298112323 0.03514403300747896 0 1 0
16 1 - 42 - 0.021155476317896195 0.019049191342977185 0 1 0
16 1 - 43 - 0.051761866003895804 0.046505905319160476 0 1 0
16 1 - 44 - 0.047504822975800685 0.044164687977172434 0 1 0
16 1 - 45 - 0.024931856314651668 0.023441639340793092 0 0 2
16 1 - 46 - 0.030443466346090037 0.02870326368914296 0 0 2
16 1 - 47 - 0.01700601102008174 0.014222427348916728 0 1 0
16 1 - 48 - 0.03144797267547498 0.02925060499304285 0 1 0
16 1 - 49 - 0.02198656564966465 0.019814987026620656 0 1 0
16 1 - 50 - 0.01843249200222393 0.01638956901539738 0 1 0
16 1 - 51 - 0.04345438398498421 0.04130173765588552 0 0 2
16 1 - 52 - 0.02749879766876499 0.025557212977825355 0 0 2
16 1 - 53 - 0.018683600996155292 0.016784272990965597 0 1 0
16 1 - 54 - 0.031177993320549525 0.028334603644907475 0 1 0
16 1 - 55 - 0.035492925982301436 0.032506519327095404 0 1 0
16 1 - 56 - 0.024162864002088707 0.020703125007761024 0 1 0
16 1 - 57 - 0.02428341798561936 0.021846373293859266 0 1 0
16 1 - 58 - 0.03748923831153661 0.033837607013992965 0 1 0
16 1 - 59 - 0.03832673033078512 0.03473517104672889 0 1 0
16 1 - 60 - 0.041879223640232034 0.039645967345374324 0 1 0
16 1 - 61 - 0.03525605432999631 0.03273611605012169 0 1 0
16 1 - 62 - 0.042865236348006874 0.04103167766394714 0 0 2
16 1 - 63 - 0.02796842233510688 0.026069723981587835 0 0 2
16 1 - 64 - 0.027962773999509714 0.025662244976653408 0 0 2
16 1 - 65 - 0.03083360734550903 0.027168575674295425 0 1 0
16 1 - 66 - 0.035213165994112686 0.03304356033913791 0 0 2
16 1 - 67 - 0.04260356933809817 0.040967396984342486 0 1 0
16 1 - 68 - 0.027677988012631733 0.02758548001293093 0 1 0
16 1 - 69 - 0.016423827328253537 0.014360966025075564 0 1 0
16 1 - 70 - 0.01930218634273236 0.017110359641568113 0 1 0
16 1 - 71 - 0.05198860766055683 0.0492932303265358 0 0 2
16 1 - 72 - 0.05896022665547207 0.05501668269668396 0 0 2
16 1 - 73 - 0.02457801797815288 0.022597090690396726 0 1 0
16 1 - 74 - 0.027314694016240537 0.024232608013941597 0 1 0
16 1 - 75 - 0.013327810001404336 0.011448684361918518 0 1 0
16 1 - 76 - 0.03837934468174353 0.036337477969937027 0 1 0
16 1 - 77 - 0.0388052260192732 0.036198175977915525 0 0 2
16 1 - 78 - 0.035159561317414045 0.032691608648747206 0 1 0
16 1 - 79 - 0.03090299035344894 0.028308252648760874 0 1 0
16 1 - 80 - 0.03998510568635538 0.038104071999744825 0 1 0
16 1 - 81 - 0.03831743602252876 0.03386974633516123 0 1 0
16 1 - 82 - 0.046904638332004346 0.04231862232942755 0 1 0
16 1 - 83 - 0.02792738932960977 0.025896527688018978 0 0 2
16 1 - 84 - 0.034195011656265706 0.030353839004722733 0 1 0
16 1 - 85 - 0.0492660856495301 0.04596982434547196 0 0 2
16 1 - 86 - 0.027714416345891852 0.025287982968923945 0 1 0
16 1 - 87 - 0.02373595399937282 0.020736040353464585 0 1 0
16 1 - 88 - 0.051860102685168386 0.05012010969221592 0 1 0
16 1 - 89 - 0.05212698065831015 0.04972861932280163 0 1 0
16 1 - 90 - 0.03482700866879895 0.03303744100655119 0 0 2
16 1 - 91 - 0.03569655432753886 0.033052586639920875 0 1 0
16 1 - 92 - 0.025085911989056815 0.021374439354985952 0 1 0
16 1 - 93 - 0.052850501340193055 0.05144972034031525 0 0 2
16 1 - 94 - 0.038535214320290834 0.03665264199177424 0 0 2
16 1 - 95 - 0.02727626533790802 0.024986462007897593 0 0 2
16 1 - 96 - 0.030858412676025182 0.02859208668814972 0 1 0
16 1 - 97 - 0.03927451498263205 0.037447259994223714 0 0 2
16 1 - 98 - 0.04420859300686667 0.04147789466272418 0 1 0
16 1 - 99 - 0.06329576634258652 0.061125955990670874 0 0 2
16 2 - 0 - 0.042424402005660035 0.04000663429421062 0 1 0
16 2 - 1 - 0.013941857653359573 0.012149942010485878 0 0 2
16 2 - 2 - 0.03481114667374641 0.030788547999691218 0 1 0
16 2 - 3 - 0.034534501358090594 0.033214158650177225 0 0 2
16 2 - 4 - 0.039043376998354994 0.03461513303530713 0 1 0
16 2 - 5 - 0.023930000005445134 0.022147317630394053 0 1 0
16 2 - 6 - 0.039707055664621294 0.03840342734474689 0 0 2
16 2 - 7 - 0.0398010173230432 0.037380379682872444 0 0 2
16 2 - 8 - 0.03186976865011578 0.029360402976938833 0 0 2
16 2 - 9 - 0.024619164682614308 0.02259778764952595 0 1 0
16 2 - 10 - 0.025562357312689223 0.020774329003567495 0 1 0
16 2 - 11 - 0.02443817568322023 0.02253090530090655 0 0 2
16 2 - 12 - 0.02078165899729356 0.01879620034014806 0 1 0
16 2 - 13 - 0.044154762678469225 0.04169471299974248 0 0 2
16 2 - 14 - 0.03103181766346097 0.029456315038260072 0 0 2
16 2 - 15 - 0.030592946665516742 0.028832878665222474 0 0 2
16 2 - 16 - 0.03174415966107821 0.03060285863466561 0 0 2
16 2 - 17 - 0.03555402134467537 0.03298317501321435 0 1 0
16 2 - 18 - 0.026925187654948484 0.024923888306754332 0 1 0
16 2 - 19 - 0.0323872709996067 0.027686922364713006 0 1 0
16 2 - 20 - 0.04787975402238468 0.0462207756548499 0 0 2
16 2 - 21 - 0.04711123699477563 0.0454327393284378 0 0 2
16 2 - 22 - 0.02748003499194359 0.02567077736603096 0 0 2
16 2 - 23 - 0.03229264034113537 0.029198524348127343 0 0 2
16 2 - 24 - 0.018767820341357343 0.016999625659082085 0 0 2
16 2 - 25 - 0.03108656967136388 0.029715112003032118 0 0 2
16 2 - 26 - 0.011420310649555176 0.009614320976349216 0 1 0
16 2 - 27 - 0.025175966361227136 0.02291575101359437 0 1 0
16 2 - 28 - 0.03530727132844428 0.033866439325114094 0 0 2
16 2 - 29 - 0.031239811311631154 0.027782924318065245 0 1 0
16 2 - 30 - 0.027212881677163146 0.025502595332606386 0 0 2
16 2 - 31 - 0.03401871935542052 0.03337055632922178 0 0 2
16 2 - 32 - 0.03925708099268377 0.037182931342006974 0 0 2
16 2 - 33 - 0.018872554316961516 0.016804872662760317 0 0 2
16 2 - 34 - 0.038714899642703436 0.03389879234600812 0 1 0
16 2 - 35 - 0.03060423965022589 0.028747223026584834 0 0 2
16 2 - 36 - 0.021241967333480716 0.01937447633827105 0 0 2
16 2 - 37 - 0.03123676266598826 0.027666277329747878 0 1 0
16 2 - 38 - 0.03407550164653609 0.03240604797611013 0 0 2
16 2 - 39 - 0.024227729338842135 0.02121072297450155 0 1 0
16 2 - 40 - 0.011509887660698345 0.009681393334176391 0 0 2
16 2 - 41 - 0.039528291672468185 0.03532734394927199 0 1 0
16 2 - 42 - 0.02255255467025563 0.01951725664548576 0 0 2
16 2 - 43 - 0.05261525533084447 0.046891589319178216 0 1 0
16 2 - 44 - 0.046986506010095276 0.045187884650658816 0 0 2
16 2 - 45 - 0.02425983598611007 0.02256368267505119 0 0 2
16 2 - 46 - 0.03050680101538698 0.028726753022056073 0 0 2
16 2 - 47 - 0.016080303331060957 0.014267877986033758 0 1 0
16 2 - 48 - 0.03138353700827186 0.02923158265184611 0 1 0
16 2 - 49 - 0.021223253997353215 0.019294832677890856 0 1 0
16 2 - 50 - 0.018455957353580743 0.016280140688953303 0 1 0
16 2 - 51 - 0.04322145867627114 0.04153535299701616 0 0 2
16 2 - 52 - 0.027736135680849355 0.025747141354562096 0 0 2
16 2 - 53 - 0.019544565002433956 0.016621849325019866 0 1 0
16 2 - 54 - 0.030606863011295594 0.028127027015822627 0 1 0
16 2 - 55 - 0.03473722831889366 0.03376160503830761 0 0 2
16 2 - 56 - 0.02417290765636911 0.020765500686441857 0 1 0
16 2 - 57 - 0.0238592813257128 0.022455256626320384 0 0 2
16 2 - 58 - 0.03796371400433903 0.036181023344397545 0 1 0
16 2 - 59 - 0.0389036713168025 0.03492904700882112 0 1 0
16 2 - 60 - 0.043251251336187124 0.03954987701339026 0 1 0
16 2 - 61 - 0.03451577465360363 0.03270795264203722 0 0 2
16 2 - 62 - 0.04446789465146139 0.04295109501496579 0 0 2
16 2 - 63 - 0.027446857653558254 0.02532192967676868 0 0 2
16 2 - 64 - 0.029149358704065282 0.027203919695845496 0 0 2
16 2 - 65 - 0.031137118659292657 0.027416390366852283 0 1 0
16 2 - 66 - 0.03452905764182409 0.03259836135354514 0 0 2
16 2 - 67 - 0.043762798013631254 0.040962743980344385 0 1 0
16 2 - 68 - 0.028473806004816044 0.02539964202636232 0 1 0
16 2 - 69 - 0.016613697652549796 0.014790593006182462 0 0 2
16 2 - 70 - 0.019061480008531362 0.01701195165514946 0 1 0
16 2 - 71 - 0.052327006337388106 0.050496043326954045 0 0 2
16 2 - 72 - 0.059113360320528344 0.05677330468703682 0 0 2
16 2 - 73 - 0.02536693832371384 0.02329895767616108 0 0 2
16 2 - 74 - 0.02791681633486102 0.02426018862752244 0 1 0
16 2 - 75 - 0.0134947449939015 0.011600530667540928 0 0 2
16 2 - 76 - 0.038801167664739 0.036432570680820696 0 1 0
16 2 - 77 - 0.03869695433725913 0.03705195931252092 0 0 2
16 2 - 78 - 0.03521885032144685 0.03344922497247656 0 0 2
16 2 - 79 - 0.03120002100088944 0.029602314306733508 0 0 2
16 2 - 80 - 0.03988902901376908 0.03793774933243791 0 0 2
16 2 - 81 - 0.03884745699663957 0.035203197330702096 0 1 0
16 2 - 82 - 0.04777929334280391 0.04346471400155375 0 1 0
16 2 - 83 - 0.02747980266576633 0.026134564968136452 0 0 2
16 2 - 84 - 0.03472628331898401 0.030383313986628007 0 1 0
16 2 - 85 - 0.047129418332284935 0.045433470339048654 0 0 2
16 2 - 86 - 0.027852180976575863 0.02516662635995696 0 1 0
16 2 - 87 - 0.023777303324701887 0.020893703020798664 0 1 0
16 2 - 88 - 0.052290228680552296 0.04955673064493264 0 0 2
16 2 - 89 - 0.05224685367041578 0.049069646978750825 0 1 0
16 2 - 90 - 0.03460060568371167 0.032630162682229034 0 0 2
16 2 - 91 - 0.03525433534135421 0.03299893367026622 0 0 2
16 2 - 92 - 0.024031653670438878 0.020884355006273836 0 1 0
16 2 - 93 - 0.052745312316498406 0.05048725934466347 0 0 2
16 2 - 94 - 0.040087234985549 0.03802349369895334 0 0 2
16 2 - 95 - 0.027023344688738384 0.02525298330389584 0 0 2
16 2 - 96 - 0.031153984678288303 0.029219017965563886 0 1 0
16 2 - 97 - 0.03815153935768952 0.036909143324010074 0 0 2
16 2 - 98 - 0.04418806267979865 0.04140201467089355 0 0 2
16 2 - 99 - 0.06297139699260393 0.06342830964907382 0 0 2
16 4 - 0 - 0.04349900264060125 0.041104720653189965 0 0 2
16 4 - 1 - 0.014273744348126153 0.012006234338817498 0 0 2
16 4 - 2 - 0.03445638564880937 0.030491775968888152 0 1 0
16 4 - 3 - 0.03463283264621471 0.03300388834516828 0 0 2
16 4 - 4 - 0.039978414676928274 0.034660368284676224 0 1 0
16 4 - 5 - 0.024015592352952808 0.022673498994360365 0 0 2
16 4 - 6 - 0.03888454034070795 0.03712545234399538 0 0 2
16 4 - 7 - 0.03944263300703218 0.03780162031762302 0 0 2
16 4 - 8 - 0.03147845466931661 0.0296833593553553 0 0 2
16 4 - 9 - 0.024011023012765993 0.022297539690043777 0 0 2
16 4 - 10 - 0.023720964343131833 0.02043600999362146 0 1 0
16 4 - 11 - 0.024309912347234786 0.022571772647400696 0 0 2
16 4 - 12 - 0.021667465664601572 0.01901747800487404 0 0 2
16 4 - 13 - 0.04326805200738211 0.04181187766759346 0 0 2
16 4 - 14 - 0.031106295335727435 0.029552051331847906 0 0 2
16 4 - 15 - 0.03081214565706129 0.02909507367682333 0 0 2
16 4 - 16 - 0.031106607988476753 0.02965555233337606 0 0 2
16 4 - 17 - 0.03485851069369043 0.033435639673067875 0 0 2
16 4 - 18 - 0.027694590661364298 0.025015028678656865 0 0 2
16 4 - 19 - 0.03039280598750338 0.0268842353252694 0 1 0
16 4 - 20 - 0.04772506799781695 0.04645448164471115 0 0 2
16 4 - 21 - 0.04890292500689005 0.0458618676639162 0 0 2
16 4 - 22 - 0.027633900346700102 0.02562538901111111 0 0 2
16 4 - 23 - 0.03257729268322388 0.03039964899653569 0 0 2
16 4 - 24 - 0.018422222366401304 0.0167002003484716 0 0 2
16 4 - 25 - 0.03154293835783998 0.029621700018954773 0 0 2
16 4 - 26 - 0.011905923000692079 0.010040459009663511 0 0 2
16 4 - 27 - 0.024800477006162204 0.023340601027787972 0 0 2
16 4 - 28 - 0.035231084330007434 0.03363948967307806 0 0 2
16 4 - 29 - 0.031135121651459485 0.027096028982972104 0 1 0
16 4 - 30 - 0.027625743338527776 0.02648387699931239 0 0 2
16 4 - 31 - 0.03464819665532559 0.032368897984270006 0 0 2
16 4 - 32 - 0.03980770835187286 0.037779914312219866 0 0 2
16 4 - 33 - 0.018747155341164518 0.016868807026185095 0 0 2
16 4 - 34 - 0.039482597358680024 0.03404338764570033 0 1 0
16 4 - 35 - 0.03212227767410999 0.02946761630785962 0 0 2
16 4 - 36 - 0.020833620335906744 0.019050903637738276 0 0 2
16 4 - 37 - 0.03134617731363202 0.0270371866839317 0 1 0
16 4 - 38 - 0.03483869502088055 0.03307736870677521 0 0 2
16 4 - 39 - 0.024458852674191196 0.021370313363149762 0 1 0
16 4 - 40 - 0.012371865333989263 0.009871622314676642 0 0 2
16 4 - 41 - 0.0391838060071071 0.03500615233012165 0 1 0
16 4 - 42 - 0.021393128011065226 0.01969248801469803 0 0 2
16 4 - 43 - 0.05109275567034881 0.046178059303201735 0 1 0
16 4 - 44 - 0.048257219993198916 0.04586468266400819 0 0 2
16 4 - 45 - 0.0249425113433972 0.022716591328692935 0 0 2
16 4 - 46 - 0.03134746465366334 0.029530222333657246 0 0 2
16 4 - 47 - 0.016309092675025266 0.01402791665168479 0 1 0
16 4 - 48 - 0.03150864168613528 0.02989139702791969 0 0 2
16 4 - 49 - 0.021692615332237136 0.020000509316256892 0 0 2
16 4 - 50 - 0.01850071964630236 0.016620219704539824 0 0 2
16 4 - 51 - 0.04464857165779297 0.04278495630326991 0 0 2
16 4 - 52 - 0.027981654333416373 0.025991155009251088 0 0 2
16 4 - 53 - 0.019031665326717 0.01702597130012388 0 0 2
16 4 - 54 - 0.03152828267775476 0.028627961000893265 0 0 2
16 4 - 55 - 0.03665045633291205 0.033891539981899164 0 0 2
16 4 - 56 - 0.024117487327506144 0.020711846630244207 0 1 0
16 4 - 57 - 0.024086352010878425 0.022134654980618507 0 0 2
16 4 - 58 - 0.03805115297048663 0.03401642597358053 0 1 0
16 4 - 59 - 0.03936011765229826 0.034757159650325775 0 1 0
16 4 - 60 - 0.04195202066330239 0.04006463201949373 0 0 2
16 4 - 61 - 0.034631533334807806 0.03305732365697622 0 0 2
16 4 - 62 - 0.043165131646674126 0.04156766930827871 0 0 2
16 4 - 63 - 0.028618117328733206 0.02615854733934005 0 0 2
16 4 - 64 - 0.027713742669826995 0.025889708020258695 0 0 2
16 4 - 65 - 0.030938464003459863 0.026823317670884233 0 1 0
16 4 - 66 - 0.037010642331248775 0.03310999633201088 0 0 2
16 4 - 67 - 0.0431230110116303 0.04085049269876133 0 0 2
16 4 - 68 - 0.028248536012445886 0.025670977018307894 0 1 0
16 4 - 69 - 0.01622472666592027 0.014183735979410509 0 0 2
16 4 - 70 - 0.01864774232186998 0.017050509981345385 0 0 2
16 4 - 71 - 0.05266528434973831 0.05029734200797975 0 0 2
16 4 - 72 - 0.0573609196774972 0.055525545651714005 0 0 2
16 4 - 73 - 0.024798039327530812 0.022800007660407573 0 0 2
16 4 - 74 - 0.027512004676585395 0.023974839694953214 0 1 0
16 4 - 75 - 0.013705097332907219 0.011807446018792689 0 0 2
16 4 - 76 - 0.03870651100684579 0.03735406667692587 0 0 2
16 4 - 77 - 0.03891132065715889 0.03682828869204968 0 0 2
16 4 - 78 - 0.03482247669793044 0.032963657984510064 0 0 2
16 4 - 79 - 0.03145756801435103 0.029049758003869403 0 0 2
16 4 - 80 - 0.03867485636146739 0.03735163600261634 0 0 2
16 4 - 81 - 0.038631308008916676 0.033784234644069024 0 1 0
16 4 - 82 - 0.046637941016039505 0.04240613397754108 0 1 0
16 4 - 83 - 0.027872040343936533 0.026290181345151115 0 0 2
16 4 - 84 - 0.034266934962943196 0.030437015986535698 0 1 0
16 4 - 85 - 0.047711436345707625 0.04673217698776474 0 0 2
16 4 - 86 - 0.027660737318607666 0.026122749356242515 0 1 0
16 4 - 87 - 0.02387783135054633 0.020632150660579402 0 1 0
16 4 - 88 - 0.05243768234504387 0.05092188867274672 0 0 2
16 4 - 89 - 0.05122846330050379 0.04914062666163469 0 0 2
16 4 - 90 - 0.03444002432903896 0.032651930329545095 0 0 2
16 4 - 91 - 0.035204968977874763 0.03360830301729341 0 0 2
16 4 - 92 - 0.024112832984731842 0.02134456233276675 0 1 0
16 4 - 93 - 0.05284137600877633 0.052423421351704746 0 0 2
16 4 - 94 - 0.03866052534431219 0.03686090698465705 0 0 2
16 4 - 95 - 0.027755095332395285 0.02554533331810186 0 0 2
16 4 - 96 - 0.0310862220164078 0.029277236317284405 0 0 2
16 4 - 97 - 0.03812481864588335 0.036383195333958916 0 0 2
16 4 - 98 - 0.042894099974849574 0.0411570526775904 0 0 2
16 4 - 99 - 0.06419351933679232 0.06218065732779603 0 0 2
16 8 - 0 - 0.04376171667051191 0.04191488400101662 0 0 2
16 8 - 1 - 0.013716619655800361 0.011962813014785448 0 0 2
16 8 - 2 - 0.0357103316540209 0.030533478963964928 0 1 0
16 8 - 3 - 0.03603529699224358 0.033042583653392896 0 0 2
16 8 - 4 - 0.0402648876576374 0.03468961303588003 0 1 0
16 8 - 5 - 0.024578264681622386 0.022778980705576636 0 0 2
16 8 - 6 - 0.03982986535023277 0.03832663667465871 0 0 2
16 8 - 7 - 0.03943111301244547 0.037518344955363624 0 0 2
16 8 - 8 - 0.031333598327667765 0.029563995000595845 0 0 2
16 8 - 9 - 0.024848896660842 0.022146958333905786 0 0 2
16 8 - 10 - 0.023531864998706926 0.02043074732258295 0 1 0
16 8 - 11 - 0.02465198499461015 0.022728928345410775 0 0 2
16 8 - 12 - 0.020953727012965828 0.01927056066536655 0 0 2
16 8 - 13 - 0.04493547201855108 0.04233400331577286 0 0 2
16 8 - 14 - 0.03254836000269279 0.02979523568258931 0 0 2
16 8 - 15 - 0.03077538136858493 0.029101480691072844 0 0 2
16 8 - 16 - 0.031566438323352486 0.029351538318830233 0 0 2
16 8 - 17 - 0.03464788134442642 0.03275308100273833 0 0 2
16 8 - 18 - 0.027086184670527775 0.025373307328360777 0 0 2
16 8 - 19 - 0.030614028645989798 0.026753870653919876 0 1 0
16 8 - 20 - 0.0493541886874785 0.04558660134595508 0 0 2
16 8 - 21 - 0.04720054136123508 0.04514013399602845 0 0 2
16 8 - 22 - 0.02802146231988445 0.02587313969464352 0 0 2
16 8 - 23 - 0.03133981998932237 0.02938765696793174 0 0 2
16 8 - 24 - 0.018754239000069596 0.016688713318823524 0 0 2
16 8 - 25 - 0.031146715317542352 0.029481894647081692 0 0 2
16 8 - 26 - 0.01156767566377918 0.009739203688999018 0 0 2
16 8 - 27 - 0.024732136322806277 0.02287766102623815 0 0 2
16 8 - 28 - 0.03548104100627825 0.03328049801833306 0 0 2
16 8 - 29 - 0.030814080014048766 0.026897690006686997 0 1 0
16 8 - 30 - 0.02912357565946877 0.02585198866048207 0 0 2
16 8 - 31 - 0.0345816690241918 0.03259402265151341 0 0 2
16 8 - 32 - 0.039277545312264316 0.03742820532837262 0 0 2
16 8 - 33 - 0.01953383267391473 0.016637812989453476 0 0 2
16 8 - 34 - 0.03841233201092109 0.03396242232217143 0 1 0
16 8 - 35 - 0.030489127015850194 0.028452446315592773 0 0 2
16 8 - 36 - 0.021028605988249183 0.019322047689153504 0 0 2
16 8 - 37 - 0.032118149994251624 0.027068568315977853 0 1 0
16 8 - 38 - 0.03419654630124569 0.03266781232863044 0 0 2
16 8 - 39 - 0.024663185991812497 0.021147882682271302 0 1 0
16 8 - 40 - 0.01141815500644346 0.009794763328197101 0 0 2
16 8 - 41 - 0.04005149666530391 0.03517106563473741 0 1 0
16 8 - 42 - 0.021717759664170444 0.019603927969001234 0 0 2
16 8 - 43 - 0.05163865369589378 0.04676596833936249 0 1 0
16 8 - 44 - 0.04813407633143167 0.045655424667832754 0 0 2
16 8 - 45 - 0.024489782672996323 0.022726622642949224 0 0 2
16 8 - 46 - 0.030433371352652706 0.028834669307495155 0 0 2
16 8 - 47 - 0.01684875536011532 0.014163113684238246 0 0 2
16 8 - 48 - 0.03151156332266207 0.02955672969498361 0 0 2
16 8 - 49 - 0.02251744600168119 0.019967632659245282 0 0 2
16 8 - 50 - 0.018398561670134463 0.01677182033502807 0 0 2
16 8 - 51 - 0.04473663098178804 0.04251565733769288 0 0 2
16 8 - 52 - 0.027440318003452074 0.025679929337153833 0 0 2
16 8 - 53 - 0.019660248653963208 0.017367615015245974 0 0 2
16 8 - 54 - 0.030854710009104263 0.02874505166740467 0 0 2
16 8 - 55 - 0.034416050009895116 0.03266403032466769 0 0 2
16 8 - 56 - 0.025139325026733182 0.02090743366473665 0 1 0
16 8 - 57 - 0.02393093769205734 0.022260420994522672 0 0 2
16 8 - 58 - 0.03758179999810333 0.033868650323711336 0 1 0
16 8 - 59 - 0.03867570165311918 0.03422309235126401 0 1 0
16 8 - 60 - 0.04207450667551408 0.04033245099708438 0 0 2
16 8 - 61 - 0.03466098101732011 0.03341663368822386 0 0 2
16 8 - 62 - 0.04382711132833113 0.041752569687863186 0 0 2
16 8 - 63 - 0.028513495674512036 0.02561101001144076 0 0 2
16 8 - 64 - 0.02761131034155066 0.02595319300113867 0 0 2
16 8 - 65 - 0.03185502765700221 0.02740824168237547 0 1 0
16 8 - 66 - 0.03495823200015972 0.03310620767297223 0 0 2
16 8 - 67 - 0.042338683328125626 0.04055580898420885 0 0 2
16 8 - 68 - 0.02937329632307713 0.02600438434941073 0 0 2
16 8 - 69 - 0.01661596798415606 0.014373802347108722 0 0 2
16 8 - 70 - 0.018692805664613843 0.017009310967599355 0 0 2
16 8 - 71 - 0.05265472466514135 0.050497176339073725 0 0 2
16 8 - 72 - 0.05989885167218745 0.05749494935541103 0 0 2
16 8 - 73 - 0.02453923533903435 0.022535741639633976 0 0 2
16 8 - 74 - 0.02763002067028234 0.02421440896190082 0 1 0
16 8 - 75 - 0.01351168266652773 0.011699191314013055 0 0 2
16 8 - 76 - 0.03951063298154622 0.0373826349969022 0 0 2
16 8 - 77 - 0.038138274666077145 0.03650079333844284 0 0 2
16 8 - 78 - 0.034979632337732866 0.03319867434523379 0 0 2
16 8 - 79 - 0.0316193033164988 0.028888310325176764 0 0 2
16 8 - 80 - 0.03962970866511265 0.03743036329979077 0 0 2
16 8 - 81 - 0.03813631799615299 0.033939558682808034 0 1 0
16 8 - 82 - 0.0482895103438447 0.04209423199063167 0 1 0
16 8 - 83 - 0.0279194416749912 0.026048233344530065 0 0 2
16 8 - 84 - 0.03417458668506394 0.03025547733219961 0 1 0
16 8 - 85 - 0.04831842534864943 0.046468333612817034 0 0 2
16 8 - 86 - 0.027723154673973717 0.025641598370081432 0 0 2
16 8 - 87 - 0.024235122662503272 0.020919913678274803 0 1 0
16 8 - 88 - 0.05161573431299379 0.05093601167512437 0 0 2
16 8 - 89 - 0.052070497011300176 0.049720250302925706 0 0 2
16 8 - 90 - 0.035381202353164554 0.03339374666878333 0 0 2
16 8 - 91 - 0.0355000773173136 0.03394400334218517 0 0 2
16 8 - 92 - 0.024417381306799747 0.021255150340342272 0 1 0
16 8 - 93 - 0.05313422800585007 0.05111954200159138 0 0 2
16 8 - 94 - 0.038638885326993964 0.03730924336317306 0 0 2
16 8 - 95 - 0.02708366633548091 0.025321415974758565 0 0 2
16 8 - 96 - 0.03068305666480834 0.029188726640616853 0 0 2
16 8 - 97 - 0.038711391331162304 0.03730676297952111 0 0 2
16 8 - 98 - 0.043275577326615654 0.041576925315894186 0 0 2
16 8 - 99 - 0.06306726035351555 0.06250694165161501 0 0 2
32 1 - 0 - 0.12548950002140677 0.1228417523088865 0 1 0
32 1 - 1 - 0.1127689649971823 0.10921874364915615 0 1 0
32 1 - 2 - 0.1357626953201058 0.1317143266593727 0 1 0
32 1 - 3 - 0.12051850898812214 0.11812401834564903 0 0 2
32 1 - 4 - 0.11778171401238069 0.11680031003197655 0 1 0
32 1 - 5 - 0.09860256465617567 0.09478068064587811 0 1 0
32 1 - 6 - 0.14918024966027588 0.14816362901668376 0 1 0
32 1 - 7 - 0.04722522133185218 0.044728747685439885 0 1 0
32 1 - 8 - 0.11607381699529166 0.11381195567082614 0 1 0
32 1 - 9 - 0.11033151667409888 0.10927516765271625 0 0 2
32 1 - 10 - 0.10917144198901951 0.10833932197419927 0 1 0
32 1 - 11 - 0.16555637165826434 0.15684810595121235 0 1 0
32 1 - 12 - 0.0967569460044615 0.09401812130818143 0 1 0
32 1 - 13 - 0.12509915201614302 0.12426875702415903 0 1 0
32 1 - 14 - 0.11087159802749132 0.10932679567486048 0 1 0
32 1 - 15 - 0.14163369964808226 0.1376286296484371 0 1 0
32 1 - 16 - 0.16415632533608004 0.15476719497625407 0 1 0
32 1 - 17 - 0.1243984426643389 0.12351357564330101 0 0 2
32 1 - 18 - 0.11264686664799228 0.11068947099071617 0 1 0
32 1 - 19 - 0.22121187600229558 0.22256473461554077 0 0 2
32 1 - 20 - 0.13386895932490006 0.1330154946578356 0 1 0
32 1 - 21 - 0.12536002167810997 0.124138764028127 0 0 2
32 1 - 22 - 0.18062591465422884 0.16988947700398663 0 1 0
32 1 - 23 - 0.13569701800588518 0.13266467535868287 0 0 2
32 1 - 24 - 0.10600945766782388 0.10795809264527634 0 1 0
32 1 - 25 - 0.08994789733939493 0.09016486369849493 0 1 0
32 1 - 26 - 0.13587832932050029 0.1333370943708966 0 0 2
32 1 - 27 - 0.07844767568167299 0.07547575031640008 0 1 0
32 1 - 28 - 0.15770859665159756 0.15552811101467037 0 1 0
32 1 - 29 - 0.18783272932826853 0.1715226183490207 0 1 0
32 1 - 30 - 0.11803640031333391 0.11590727333289881 0 1 0
32 1 - 31 - 0.11943324467089647 0.11658330034697428 0 1 0
32 1 - 32 - 0.08909577501860137 0.08285143463096271 0 1 0
32 1 - 33 - 0.08313108800211921 0.08208700030809268 0 1 0
32 1 - 34 - 0.14701771567342803 0.14598879600331807 0 1 0
32 1 - 35 - 0.10306903197973345 0.09946379199391231 0 1 0
32 1 - 36 - 0.13299963898801556 0.13103341633298746 0 0 2
32 1 - 37 - 0.08816533636612196 0.0817331310051183 0 1 0
32 1 - 38 - 0.11849811898233989 0.11539311435384055 0 1 0
32 1 - 39 - 0.06743124565885712 0.06438195868395269 0 1 0
32 1 - 40 - 0.09770867234328762 0.08929483534302562 0 1 0
32 1 - 41 - 0.11978709133109078 0.11569105034383634 0 0 2
32 1 - 42 - 0.11725631131169696 0.11623723933007568 0 1 0
32 1 - 43 - 0.127227016685841 0.12491602532099932 0 1 0
32 1 - 44 - 0.12031410867348313 0.11778364633210003 0 1 0
32 1 - 45 - 0.17996938633344448 0.16959457634948194 0 1 0
32 1 - 46 - 0.1419545473375668 0.13881664432119578 0 0 2
32 1 - 47 - 0.11619796466159944 0.11394676133447015 0 1 0
32 1 - 48 - 0.046735559667771064 0.04220916367679214 0 1 0
32 1 - 49 - 0.14880562267110992 0.13816251869623858 0 1 0
32 1 - 50 - 0.1233038743181775 0.11502265297652534 0 1 0
32 1 - 51 - 0.09709020234489193 0.09508971066679806 0 1 0
32 1 - 52 - 0.09121819166466594 0.08804773267668982 0 1 0
32 1 - 53 - 0.1192071086843498 0.11656817334005609 0 1 0
32 1 - 54 - 0.07984662333425756 0.07271403334258746 0 1 0
32 1 - 55 - 0.06115471833618358 0.059420826010561235 0 1 0
32 1 - 56 - 0.12674713967135176 0.12457496766000986 0 1 0
32 1 - 57 - 0.15852763666771352 0.15925152130269754 0 0 2
32 1 - 58 - 0.16784852632554248 0.1558051320219723 0 1 0
32 1 - 59 - 0.09079279733123258 0.08896571797473977 0 1 0
32 1 - 60 - 0.19332044199109077 0.19112634468668452 0 0 2
32 1 - 61 - 0.12779773533111438 0.12577821236724654 0 1 0
32 1 - 62 - 0.12514491400603828 0.1239073943773595 0 1 0
32 1 - 63 - 0.09287860403613497 0.08978153499386583 0 1 0
32 1 - 64 - 0.09945029934169725 0.09759462500611941 0 1 0
32 1 - 65 - 0.13890794899392253 0.13775280065601692 0 1 0
32 1 - 66 - 0.10971421932723995 0.10815622496496265 0 1 0
32 1 - 67 - 0.13130100401273617 0.1290151243447326 0 1 0
32 1 - 68 - 0.07256072400681053 0.06999928397514547 0 1 0
32 1 - 69 - 0.09573198133148253 0.0935148533123235 0 1 0
32 1 - 70 - 0.07490921001105258 0.06987405564480771 0 1 0
32 1 - 71 - 0.11858000400631379 0.11594545532716438 0 1 0
32 1 - 72 - 0.10484755169212198 0.10190139734186232 0 1 0
32 1 - 73 - 0.14120820568253598 0.1397171796998009 0 1 0
32 1 - 74 - 0.10924085365453114 0.1019614179773877 0 1 0
32 1 - 75 - 0.09593014933246498 0.09451376462432866 0 1 0
32 1 - 76 - 0.13355024333577603 0.13005484432990974 0 1 0
32 1 - 77 - 0.13865698866235715 0.13800179999088868 0 1 0
32 1 - 78 - 0.0978756076656282 0.09516009271222477 0 1 0
32 1 - 79 - 0.11078586633084342 0.10234691301593557 0 1 0
32 1 - 80 - 0.09012788200440507 0.08847578201675788 0 1 0
32 1 - 81 - 0.1549423819912287 0.15267277031671256 0 1 0
32 1 - 82 - 0.14224247166809315 0.13784664764534682 0 1 0
32 1 - 83 - 0.08453331099978338 0.08273226666885118 0 1 0
32 1 - 84 - 0.16649794369004667 0.15366458533875021 0 1 0
32 1 - 85 - 0.11687316565075889 0.10939884333250423 0 1 0
32 1 - 86 - 0.11185079333760466 0.11054663899509858 0 0 2
32 1 - 87 - 0.0829740549864558 0.08161282770258065 0 1 0
32 1 - 88 - 0.09670774002249043 0.09113957767840475 0 1 0
32 1 - 89 - 0.10243653100527202 0.09624083470165108 0 1 0
32 1 - 90 - 0.11554226265676941 0.1070415013236925 0 1 0
32 1 - 91 - 0.14581027266103774 0.1383374179713428 0 1 0
32 1 - 92 - 0.09093486866913736 0.09031266499854004 0 0 2
32 1 - 93 - 0.09082454235370581 0.08744671830208972 0 1 0
32 1 - 94 - 0.11829954632169877 0.117574539326597 0 1 0
32 1 - 95 - 0.06242847335912908 0.05961701336006323 0 1 0
32 1 - 96 - 0.1251295299928946 0.12292625667760149 0 1 0
32 1 - 97 - 0.1100976510012212 0.10854176032201697 0 0 2
32 1 - 98 - 0.1850173143320717 0.1829380246538979 0 1 0
32 1 - 99 - 0.1257212890001635 0.12372052064165473 0 1 0
32 2 - 0 - 0.12364362531419223 0.12314457799463223 0 0 2
32 2 - 1 - 0.11130476399557665 0.11001174167419474 0 1 0
32 2 - 2 - 0.13333962099083388 0.13060014202104261 0 1 0
32 2 - 3 - 0.11831315698024505 0.11729938397184014 0 0 2
32 2 - 4 - 0.11832001031143591 0.11453454832856855 0 1 0
32 2 - 5 - 0.09701996797230095 0.09581936500035226 0 0 2
32 2 - 6 - 0.1500408293407721 0.14832482665466765 0 0 2
32 2 - 7 - 0.0469877989962697 0.044704378000460565 0 1 0
32 2 - 8 - 0.11892590433126315 0.11730412164858232 0 0 2
32 2 - 9 - 0.11184282164322212 0.10942566835243876 0 0 2
32 2 - 10 - 0.11106695065973327 0.11011986799227694 0 1 0
32 2 - 11 - 0.1635482353546346 0.1535200146997037 0 1 0
32 2 - 12 - 0.10006490666031218 0.09625026535165186 0 1 0
32 2 - 13 - 0.12592874533341578 0.1256994016778966 0 0 2
32 2 - 14 - 0.11298455065116286 0.11197345899806048 0 0 2
32 2 - 15 - 0.14176828932249919 0.1428598853138586 0 0 2
32 2 - 16 - 0.1673756316692258 0.15516871367193139 0 1 0
32 2 - 17 - 0.12579920697802058 0.12313100800383836 0 0 2
32 2 - 18 - 0.11190962568313505 0.110575315329091 0 0 2
32 2 - 19 - 0.22694063999612504 0.22843028168426827 0 0 2
32 2 - 20 - 0.1336534343427047 0.13270570964474854 0 0 2
32 2 - 21 - 0.13053895199360946 0.12857559868522608 0 0 2
32 2 - 22 - 0.18000614666379988 0.16864819900365546 0 1 0
32 2 - 23 - 0.13486030699762827 0.1334898186614737 0 0 2
32 2 - 24 - 0.10416313800184676 0.1038872503171054 0 0 2
32 2 - 25 - 0.08980845136102289 0.0887503590201959 0 0 2
32 2 - 26 - 0.13378526468295604 0.13274682901101187 0 0 2
32 2 - 27 - 0.0781995996561212 0.0754914236604236 0 1 0
32 2 - 28 - 0.15682594798272476 0.15505525564852482 0 0 2
32 2 - 29 - 0.18076158536132425 0.16975571234555295 0 1 0
32 2 - 30 - 0.11858691833913326 0.11782486327380562 0 0 2
32 2 - 31 - 0.11983432164803767 0.11800178330546865 0 0 2
32 2 - 32 - 0.08959303767187521 0.08296569169033319 0 1 0
32 2 - 33 - 0.08563290400585781 0.08347488097691289 0 0 2
32 2 - 34 - 0.150082843649822 0.15066310097851482 0 0 2
32 2 - 35 - 0.10369434733487044 0.10180020400245363 0 1 0
32 2 - 36 - 0.13363582734018564 0.13363752100849524 0 0 2
32 2 - 37 - 0.08841573532360296 0.08190427167573944 0 1 0
32 2 - 38 - 0.11948289400121817 0.11850353532160321 0 0 2
32 2 - 39 - 0.06637829637232548 0.06378612933137144 0 1 0
32 2 - 40 - 0.09745280566858128 0.08926799697413419 0 1 0
32 2 - 41 - 0.11751024199960132 0.11668744562969853 0 0 2
32 2 - 42 - 0.12042604534265895 0.11864205671008676 0 0 2
32 2 - 43 - 0.12712364533217624 0.12657740933354944 0 0 2
32 2 - 44 - 0.11767469402790691 0.11648080366042753 0 0 2
32 2 - 45 - 0.18580604734597728 0.17302035532581309 0 1 0
32 2 - 46 - 0.14213815164597085 0.14071336935739964 0 0 2
32 2 - 47 - 0.11657503965155532 0.11743909332047527 0 0 2
32 2 - 48 - 0.04640884532515581 0.04214986233273521 0 1 0
32 2 - 49 - 0.14726621199709675 0.13671256130328402 0 1 0
32 2 - 50 - 0.12555743297950053 0.11635947600007057 0 1 0
32 2 - 51 - 0.09674878534860909 0.09542015165789053 0 0 2
32 2 - 52 - 0.09030505265885343 0.08897270367015153 0 0 2
32 2 - 53 - 0.11893250199500471 0.11732840231464554 0 1 0
32 2 - 54 - 0.0771065383257034 0.07132469734642655 0 1 0
32 2 - 55 - 0.06262258366526414 0.060696198702013746 0 1 0
32 2 - 56 - 0.12548174132825807 0.12381427131670839 0 1 0
32 2 - 57 - 0.15750150431025153 0.15874435665318742 0 0 2
32 2 - 58 - 0.1670746796686823 0.15370439635201666 0 1 0
32 2 - 59 - 0.0900715666745479 0.08866713595731805 0 0 2
32 2 - 60 - 0.19060459965839982 0.19000539536743113 0 0 2
32 2 - 61 - 0.12623963097576052 0.12503884501832846 0 0 2
32 2 - 62 - 0.12704010765689114 0.1256868779892102 0 0 2
32 2 - 63 - 0.09046561598855381 0.08918387834758808 0 0 2
32 2 - 64 - 0.10112884733825922 0.09838900928540777 0 1 0
32 2 - 65 - 0.14005244934620956 0.1411448230113213 0 0 2
32 2 - 66 - 0.11111873665746923 0.10961598402354866 0 0 2
32 2 - 67 - 0.13718807235515365 0.13364916566448906 0 0 2
32 2 - 68 - 0.0725036200019531 0.07026289166727413 0 0 2
32 2 - 69 - 0.0959720683361714 0.09503622164872164 0 0 2
32 2 - 70 - 0.07227871532086283 0.07039339002221823 0 1 0
32 2 - 71 - 0.11818260264893372 0.11611778564595927 0 0 2
32 2 - 72 - 0.10595485234322648 0.1021794949968656 0 1 0
32 2 - 73 - 0.13875294300184274 0.13880775665165856 0 0 2
32 2 - 74 - 0.11232692932632442 0.1051509629857416 0 1 0
32 2 - 75 - 0.09714889398310333 0.09560865497527023 0 0 2
32 2 - 76 - 0.13238781731342897 0.13120655100404596 0 0 2
32 2 - 77 - 0.14019045800281066 0.13789677497697994 0 1 0
32 2 - 78 - 0.09723156333590548 0.09609091334277764 0 0 2
32 2 - 79 - 0.11029401266326508 0.1028984403043675 0 1 0
32 2 - 80 - 0.09213070167849462 0.09051067269562434 0 0 2
32 2 - 81 - 0.1578825080068782 0.1599441296615017 0 0 2
32 2 - 82 - 0.13940337368209535 0.13636884031196433 0 1 0
32 2 - 83 - 0.08350416699734828 0.0821481669942538 0 0 2
32 2 - 84 - 0.16366249099761868 0.15294498831887418 0 1 0
32 2 - 85 - 0.11699650366790593 0.10918200134377305 0 1 0
32 2 - 86 - 0.11240614399624367 0.11064808901088934 0 0 2
32 2 - 87 - 0.08560732866559799 0.0816396913335969 0 1 0
32 2 - 88 - 0.09720201534219086 0.08934442731939878 0 1 0
32 2 - 89 - 0.10293636164472748 0.09590870830773686 0 1 0
32 2 - 90 - 0.11551865935325623 0.10723462565025936 0 1 0
32 2 - 91 - 0.14912924001691863 0.13737832062179223 0 1 0
32 2 - 92 - 0.0913845759544832 0.08936724565379943 0 0 2
32 2 - 93 - 0.09030136467966561 0.08998729133357604 0 0 2
32 2 - 94 - 0.11939873437707624 0.11743714365487298 0 0 2
32 2 - 95 - 0.0642802383323821 0.06210565698953966 0 0 2
32 2 - 96 - 0.12573067900181437 0.12392031768104061 0 0 2
32 2 - 97 - 0.11198787767595302 0.11082125602600476 0 0 2
32 2 - 98 - 0.1847347510047257 0.18750157401276132 0 0 2
32 2 - 99 - 0.1272507133350397 0.1254796783129374 0 0 2
32 4 - 0 - 0.12500814098166302 0.12418396769013876 0 0 2
32 4 - 1 - 0.11456546635599807 0.11270409601274878 0 0 2
32 4 - 2 - 0.13372761166344088 0.13200281729223207 0 0 2
32 4 - 3 - 0.11851419867404427 0.1178812823491171 0 0 2
32 4 - 4 - 0.11902282769248511 0.11656224399727459 0 0 2
32 4 - 5 - 0.09632987899628158 0.09476360732999942 0 0 2
32 4 - 6 - 0.14899601401217902 0.14972257065043473 0 0 2
32 4 - 7 - 0.04819122701883316 0.04530560000178715 0 0 2
32 4 - 8 - 0.11753837432479486 0.11764267967858662 0 0 2
32 4 - 9 - 0.1108712670005237 0.11239937267964706 0 0 2
32 4 - 10 - 0.11120886699063703 0.11166273268948619 0 0 2
32 4 - 11 - 0.16393851603303727 0.15327530532764894 0 1 0
32 4 - 12 - 0.09632343100383878 0.09598872732991974 0 0 2
32 4 - 13 - 0.12522806665704894 0.12628339799509072 0 0 2
32 4 - 14 - 0.11137828234738359 0.11077266896609217 0 0 2
32 4 - 15 - 0.14407134533394128 0.14391381167418635 0 0 2
32 4 - 16 - 0.16688488332632306 0.15513417134449506 0 1 0
32 4 - 17 - 0.12519431700153896 0.12390769899745162 0 0 2
32 4 - 18 - 0.11102290600926304 0.11108221833516532 0 0 2
32 4 - 19 - 0.22592902769489834 0.22925746134327102 0 0 2
32 4 - 20 - 0.13487924732423076 0.1363763379631564 0 0 2
32 4 - 21 - 0.12851765068868798 0.1283722809748724 0 0 2
32 4 - 22 - 0.17884464067174122 0.1682019320044977 0 1 0
32 4 - 23 - 0.13427116467695063 0.13445837900508195 0 0 2
32 4 - 24 - 0.10480937033814067 0.10427473299205303 0 0 2
32 4 - 25 - 0.09310618898598477 0.0889648986631073 0 0 2
32 4 - 26 - 0.1357244656731685 0.1335685683685976 0 0 2
32 4 - 27 - 0.07781594465874757 0.07790301435549433 0 0 2
32 4 - 28 - 0.15778790967306122 0.15829827931399149 0 0 2
32 4 - 29 - 0.1816753260209225 0.16916659633473805 0 1 0
32 4 - 30 - 0.11941053196399784 0.11982301436364651 0 0 2
32 4 - 31 - 0.11895634131118034 0.11839161566846694 0 0 2
32 4 - 32 - 0.08925314697747429 0.08322240165822828 0 1 0
32 4 - 33 - 0.08436054365787035 0.08207032732510319 0 0 2
32 4 - 34 - 0.15026874764589593 0.1497240709916999 0 0 2
32 4 - 35 - 0.10336324465849125 0.10246109931419292 0 0 2
32 4 - 36 - 0.1334230809782942 0.1322755487053655 0 0 2
32 4 - 37 - 0.0920154060004279 0.08364107698434964 0 1 0
32 4 - 38 - 0.1192298043364038 0.11912812531227246 0 0 2
32 4 - 39 - 0.06819498800905421 0.06442733900621533 0 1 0
32 4 - 40 - 0.0959755849908106 0.08918867632746696 0 1 0
32 4 - 41 - 0.1179351846803911 0.11763203099447612 0 0 2
32 4 - 42 - 0.11919264834917462 0.11878013965906575 0 0 2
32 4 - 43 - 0.12547523865941912 0.12785585729094842 0 0 2
32 4 - 44 - 0.11821130065557857 0.11689873732393607 0 0 2
32 4 - 45 - 0.18293731397716329 0.17100432032020763 0 1 0
32 4 - 46 - 0.14274315132449072 0.14352040334294242 0 0 2
32 4 - 47 - 0.11838433132894959 0.11679514633336414 0 0 2
32 4 - 48 - 0.04681331633279721 0.04230765833441789 0 1 0
32 4 - 49 - 0.14826171133123958 0.14061301900073886 0 1 0
32 4 - 50 - 0.12301363764951627 0.11734697601059452 0 1 0
32 4 - 51 - 0.09678578101253758 0.09642785533408946 0 0 2
32 4 - 52 - 0.08968110733743136 0.08875496501180653 0 0 2
32 4 - 53 - 0.12121525201170395 0.1199560266492578 0 0 2
32 4 - 54 - 0.07904024833502869 0.07227332767797634 0 1 0
32 4 - 55 - 0.06247426501552885 0.05982186899442847 0 0 2
32 4 - 56 - 0.12606376933399588 0.12656201398931444 0 0 2
32 4 - 57 - 0.15991404631252712 0.16212859732331708 0 0 2
32 4 - 58 - 0.16573191666975617 0.15561757533578202 0 1 0
32 4 - 59 - 0.09183180966647342 0.09160087903728709 0 0 2
32 4 - 60 - 0.19296693398306766 0.1912833316794907 0 0 2
32 4 - 61 - 0.12581494169232127 0.12625255967335156 0 0 2
32 4 - 62 - 0.12501514933925742 0.1263459510131118 0 0 2
32 4 - 63 - 0.0914871590017962 0.09126580667604382 0 0 2
32 4 - 64 - 0.10200134135084227 0.0989518633383947 0 0 2
32 4 - 65 - 0.1414671973325312 0.1435669133400855 0 0 2
32 4 - 66 - 0.11000231131523226 0.11028513601437831 0 0 2
32 4 - 67 - 0.13384163668767238 0.1331148973161665 0 0 2
32 4 - 68 - 0.07264700431066255 0.07128725864458829 0 0 2
32 4 - 69 - 0.09576367501479884 0.09488482266897336 0 0 2
32 4 - 70 - 0.07214982033474371 0.07066764170303941 0 0 2
32 4 - 71 - 0.11890770500758663 0.11767532034233834 0 0 2
32 4 - 72 - 0.10524878569412977 0.1060691670087787 0 0 2
32 4 - 73 - 0.1433237960251669 0.1417125859685863 0 0 2
32 4 - 74 - 0.10957971535390243 0.1014122196744817 0 1 0
32 4 - 75 - 0.09850122265440102 0.09577760600950569 0 0 2
32 4 - 76 - 0.135474028007593 0.13544415034508953 0 0 2
32 4 - 77 - 0.14316993100025383 0.14402529333407682 0 0 2
32 4 - 78 - 0.09759068267885596 0.09656660101609305 0 0 2
32 4 - 79 - 0.10923958098283038 0.10030445501130696 0 1 0
32 4 - 80 - 0.09069104634302978 0.09015544763921449 0 0 2
32 4 - 81 - 0.15651571566316608 0.1567882760039841 0 0 2
32 4 - 82 - 0.14044252166058868 0.14204711965673295 0 0 2
32 4 - 83 - 0.08481293264776468 0.08294796134578064 0 0 2
32 4 - 84 - 0.16619267731827375 0.15284190063054365 0 1 0
32 4 - 85 - 0.11792797166466092 0.10987537666611995 0 1 0
32 4 - 86 - 0.11110926000401378 0.11107110932546978 0 0 2
32 4 - 87 - 0.08475888731967036 0.08326864498667419 0 0 2
32 4 - 88 - 0.09707236198786025 0.08952760164781164 0 1 0
32 4 - 89 - 0.10410042167253171 0.09723723532321553 0 1 0
32 4 - 90 - 0.11428966433353102 0.10627026066261655 0 1 0
32 4 - 91 - 0.14762817100078487 0.13638293434632942 0 1 0
32 4 - 92 - 0.09192161300840478 0.09075168896621714 0 0 2
32 4 - 93 - 0.0906566366708527 0.09088070566455524 0 0 2
32 4 - 94 - 0.11978917165348926 0.11937527434201911 0 0 2
32 4 - 95 - 0.06339251900014158 0.06069400900742039 0 0 2
32 4 - 96 - 0.12538187665631995 0.12616548064397648 0 0 2
32 4 - 97 - 0.11195699335075915 0.11230559336642425 0 0 2
32 4 - 98 - 0.18527767632622272 0.18748855901261172 0 0 2
32 4 - 99 - 0.1283158746858438 0.12733772701661414 0 0 2
32 8 - 0 - 0.12820134269228825 0.13025012565776706 0 0 2
32 8 - 1 - 0.11201049100297193 0.11244073098835847 0 0 2
32 8 - 2 - 0.13690848666010424 0.13870470765201995 0 0 2
32 8 - 3 - 0.11797833599848673 0.12120535098559533 0 0 2
32 8 - 4 - 0.12137625166603054 0.12082368665141985 0 0 2
32 8 - 5 - 0.09844109233623992 0.09854954166803509 0 0 2
32 8 - 6 - 0.15421191500111794 0.15485400900555155 0 0 2
32 8 - 7 - 0.0473329703284738 0.04567610303638503 0 0 2
32 8 - 8 - 0.11830656535069768 0.11977164930431172 0 0 2
32 8 - 9 - 0.11074583965819329 0.11186507297679782 0 0 2
32 8 - 10 - 0.11509059701347724 0.1169782003465419 0 0 2
32 8 - 11 - 0.1636660150058257 0.1527493553197322 0 1 0
32 8 - 12 - 0.09698024801521872 0.09767837836019073 0 0 2
32 8 - 13 - 0.1274246413183088 0.12983775499742478 0 0 2
32 8 - 14 - 0.11140166168722014 0.1119293486699462 0 0 2
32 8 - 15 - 0.14084189099958166 0.14288793931094307 0 0 2
32 8 - 16 - 0.16851698669294515 0.1571708099800162 0 1 0
32 8 - 17 - 0.1272844516594584 0.1279225026955828 0 0 2
32 8 - 18 - 0.1120981716667302 0.11288241198053584 0 0 2
32 8 - 19 - 0.22881609430381408 0.2372491026374822 0 0 2
32 8 - 20 - 0.13665600231615826 0.1397440829896368 0 0 2
32 8 - 21 - 0.12783829733962193 0.13113766101499397 0 0 2
32 8 - 22 - 0.1830848046617272 0.17279780667740852 0 1 0
32 8 - 23 - 0.13487621367676184 0.14036308001959696 0 0 2
32 8 - 24 - 0.10445051968175297 0.10645266632006192 0 0 2
32 8 - 25 - 0.09027304832125083 0.08924916334217414 0 0 2
32 8 - 26 - 0.13508329635563615 0.13795363264701638 0 0 2
32 8 - 27 - 0.07822372166750333 0.07894868935303143 0 0 2
32 8 - 28 - 0.15664370534553504 0.15944087132811546 0 0 2
32 8 - 29 - 0.1830757243442349 0.16885540964237103 0 1 0
32 8 - 30 - 0.11987422201006363 0.12004046066431329 0 0 2
32 8 - 31 - 0.11920308632155259 0.11875186767429113 0 0 2
32 8 - 32 - 0.09051908168476075 0.08299942497008791 0 1 0
32 8 - 33 - 0.08560977598729853 0.08297857964256157 0 0 2
32 8 - 34 - 0.14934041333617643 0.1528812286754449 0 0 2
32 8 - 35 - 0.10736322170123458 0.105437392659951 0 0 2
32 8 - 36 - 0.1339599089891029 0.13289379968773574 0 0 2
32 8 - 37 - 0.08995991033346702 0.08357766936145102 0 1 0
32 8 - 38 - 0.1194404559986045 0.11934789667914933 0 0 2
32 8 - 39 - 0.06686326265723135 0.06546949635958299 0 0 2
32 8 - 40 - 0.09659161800906683 0.08984918298665434 0 1 0
32 8 - 41 - 0.11925689497729763 0.12087205599527806 0 0 2
32 8 - 42 - 0.12166906732212131 0.12385443532063314 0 0 2
32 8 - 43 - 0.12737897934857756 0.13111118669621646 0 0 2
32 8 - 44 - 0.12041442600699763 0.12058791168965399 0 0 2
32 8 - 45 - 0.18257710632557672 0.17028570633071166 0 1 0
32 8 - 46 - 0.14562880067387596 0.14718173133830229 0 0 2
32 8 - 47 - 0.11934414300291489 0.11953631299547851 0 0 2
32 8 - 48 - 0.04690248367842287 0.042017555640389524 0 1 0
32 8 - 49 - 0.1504746693147657 0.14081652066670358 0 1 0
32 8 - 50 - 0.12560184998437762 0.11491579034676155 0 1 0
32 8 - 51 - 0.09836153164117907 0.09692882164381444 0 0 2
32 8 - 52 - 0.09142771766831478 0.09082018467597663 0 0 2
32 8 - 53 - 0.1201901306825069 0.11942763500458871 0 0 2
32 8 - 54 - 0.0771326176666965 0.07075071164096396 0 1 0
32 8 - 55 - 0.061850383664326124 0.060531761652479574 0 0 2
32 8 - 56 - 0.12584372301353142 0.12841660832054913 0 0 2
32 8 - 57 - 0.16073868833094213 0.16470368299633265 0 0 2
32 8 - 58 - 0.16829240197936693 0.1569545166955019 0 1 0
32 8 - 59 - 0.09181830366530146 0.09173240803647786 0 0 2
32 8 - 60 - 0.1931922533355343 0.20160934299929067 0 0 2
32 8 - 61 - 0.12676107202423736 0.1274582709884271 0 0 2
32 8 - 62 - 0.12682863202644512 0.12923932964137444 0 0 2
32 8 - 63 - 0.09289917099522427 0.09263226096906389 0 0 2
32 8 - 64 - 0.10193795334392537 0.10169346832359831 0 0 2
32 8 - 65 - 0.14517654433924085 0.14698206435423344 0 0 2
32 8 - 66 - 0.11358386800081159 0.11370884167263284 0 0 2
32 8 - 67 - 0.13285981334047392 0.13552827366705364 0 0 2
32 8 - 68 - 0.07381989100637536 0.072240016675399 0 0 2
32 8 - 69 - 0.09872901600707944 0.09600407830051458 0 0 2
32 8 - 70 - 0.07556985066427539 0.07385906637258208 0 0 2
32 8 - 71 - 0.1196787086664699 0.12027081463020295 0 0 2
32 8 - 72 - 0.10493475798284635 0.10796274797758088 0 0 2
32 8 - 73 - 0.14023728932564458 0.14104669865143174 0 0 2
32 8 - 74 - 0.1090421056918179 0.10230615502223372 0 1 0
32 8 - 75 - 0.0982762806622001 0.09806004166603088 0 0 2
32 8 - 76 - 0.13421689165988937 0.13792791231147325 0 0 2
32 8 - 77 - 0.14390662333850437 0.14451149600790814 0 0 2
32 8 - 78 - 0.09762655134545639 0.09663077061607812 0 0 2
32 8 - 79 - 0.11136972000046323 0.10363291535759345 0 1 0
32 8 - 80 - 0.09065474032346779 0.09055625732677677 0 0 2
32 8 - 81 - 0.15889195399358869 0.1616177586838603 0 0 2
32 8 - 82 - 0.14180232698951536 0.1493332343137202 0 0 2
32 8 - 83 - 0.08612744067795575 0.0851884857014132 0 0 2
32 8 - 84 - 0.16408085834700614 0.1523227046515482 0 1 0
32 8 - 85 - 0.11871512798825279 0.11042696066821615 0 1 0
32 8 - 86 - 0.11165441834600642 0.11180570797296241 0 0 2
32 8 - 87 - 0.08400294233191138 0.0831438490228417 0 0 2
32 8 - 88 - 0.09829657699447125 0.08955068899861848 0 1 0
32 8 - 89 - 0.10285090400914972 0.0955717943337125 0 1 0
32 8 - 90 - 0.11651307002951702 0.10895829467335716 0 1 0
32 8 - 91 - 0.14778246431766698 0.13668939630345753 0 1 0
32 8 - 92 - 0.09285819299596672 0.09245699669312064 0 0 2
32 8 - 93 - 0.08965511668551093 0.09224753900586317 0 0 2
32 8 - 94 - 0.1193677459959872 0.12116807233542204 0 0 2
32 8 - 95 - 0.0645451076561585 0.06289815400183821 0 0 2
32 8 - 96 - 0.125986956350971 0.12731633168489984 0 0 2
32 8 - 97 - 0.11235310133391371 0.11714718801279864 0 0 2
32 8 - 98 - 0.18680737301474437 0.19451233331346884 0 0 2
32 8 - 99 - 0.12813947664108127 0.13119790964992717 0 0 2
