4 1 - 0 - 0.002647401667976131 0.000696864677593112 0 1 0
4 1 - 1 - 0.003974575006092588 0.002314419000564764 1 0 1
4 1 - 2 - 0.0041567456792108715 0.002427542640361935 0 0 2
4 1 - 3 - 0.004162246322569748 0.002404709016749014 0 0 2
4 1 - 4 - 0.003259415660674373 0.0015011770107472937 1 0 1
4 1 - 5 - 0.005920300318393856 0.003388830014349272 0 0 2
4 1 - 6 - 0.003708397678565234 0.001601734683693697 0 0 2
4 1 - 7 - 0.004517812340054661 0.0024606099856706956 0 0 2
4 1 - 8 - 0.004023242353772123 0.002388852667839577 1 0 1
4 1 - 9 - 0.0039653573379231 0.0018626226810738444 0 1 0
4 1 - 10 - 0.005195270990952849 0.0033674290170893073 0 0 2
4 1 - 11 - 0.0024137699898953238 0.0006250933705208201 0 1 0
4 1 - 12 - 0.006452915006472419 0.004863030354802808 1 0 1
4 1 - 13 - 0.005060144001618028 0.003359762350252519 0 0 2
4 1 - 14 - 0.00409674000305434 0.002329121343791485 0 0 2
4 1 - 15 - 0.003995559333513181 0.0019192980059112112 0 1 0
4 1 - 16 - 0.005723474003995459 0.002738733969939252 0 1 0
4 1 - 17 - 0.0021892860143755874 0.0009540403455806276 1 0 1
4 1 - 18 - 0.0032350566470995545 0.0014513086449975767 0 1 0
4 1 - 19 - 0.004142666972863177 0.002433293324429542 0 0 2
4 1 - 20 - 0.003042481665033847 0.001049961681322505 0 1 0
4 1 - 21 - 0.002168492996133864 0.0009323957104546329 1 0 1
4 1 - 22 - 0.00511982433575516 0.0027283290013050037 0 1 0
4 1 - 23 - 0.004708991677034646 0.0018940289737656713 0 1 0
4 1 - 24 - 0.004022390310031672 0.0018770120029027264 0 1 0
4 1 - 25 - 0.005067669340254119 0.0031496226826372245 0 1 0
4 1 - 26 - 0.005229518981650472 0.0033614249938788516 0 0 2
4 1 - 27 - 0.005006590334232897 0.0027509499923326075 0 1 0
4 1 - 28 - 0.0058684026783642675 0.003394771018065512 0 1 0
4 1 - 29 - 0.005009687001196046 0.002774282339184235 0 1 0
4 1 - 30 - 0.0053025983506813645 0.0038273416770001254 0 0 2
4 1 - 31 - 0.005676013320529213 0.003220678326518585 0 0 2
4 1 - 32 - 0.005032304014700154 0.0027382436868113777 0 1 0
4 1 - 33 - 0.0039304253295995295 0.002370708660843472 1 0 1
4 1 - 34 - 0.005114502661551039 0.0033670823322609067 0 0 2
4 1 - 35 - 0.0031213490098404386 0.0014831586546885471 1 0 1
4 1 - 36 - 0.006881363340653479 0.0048473143445638325 0 0 2
4 1 - 37 - 0.004033186337134491 0.0018601053161546588 0 1 0
4 1 - 38 - 0.00398959768547987 0.001880832016468048 0 1 0
4 1 - 39 - 0.002597217661483834 0.0008835037200090785 0 0 2
4 1 - 40 - 0.00617114535998553 0.0045483330031856894 0 1 0
4 1 - 41 - 0.0024236470150450864 0.0006273853359743953 0 1 0
4 1 - 42 - 0.003963766638965657 0.002198677005556722 0 1 0
4 1 - 43 - 0.0032904796535149217 0.0012066363318202396 0 1 0
4 1 - 44 - 0.004743634335075815 0.0023472459870390594 0 0 2
4 1 - 45 - 0.005291787344807138 0.002879594025822977 0 1 0
4 1 - 46 - 0.003965464672849824 0.0018845546486166616 0 1 0
4 1 - 47 - 0.0031114800173478825 0.0014467149740085006 1 0 1
4 1 - 48 - 0.003995507683915396 0.002297197643201798 0 0 2
4 1 - 49 - 0.00781575832904006 0.006152969338775923 0 0 2
4 1 - 50 - 0.0034894150060911975 0.0014436020089002946 1 0 1
4 1 - 51 - 0.003890088681752483 0.0014649989898316562 0 0 2
4 1 - 52 - 0.002410597982816398 0.000616766958652685 0 1 0
4 1 - 53 - 0.005065686632102976 0.002854856662452221 0 1 0
4 1 - 54 - 0.0027723649982362986 0.0010297196762015421 1 0 1
4 1 - 55 - 0.003224233320603768 0.0015131379865730803 0 0 2
4 1 - 56 - 0.004967319662682712 0.0027409353254673383 0 1 0
4 1 - 57 - 0.0032431816604609294 0.00157292631532376 1 0 1
4 1 - 58 - 0.006476791323317835 0.004395886013905207 0 1 0
4 1 - 59 - 0.005096769658848643 0.0031386283420336745 0 1 0
4 1 - 60 - 0.0027217096455084784 0.001463416323531419 1 0 1
4 1 - 61 - 0.0039515630148040755 0.002328805994087209 1 0 1
4 1 - 62 - 0.0027549920099166534 0.0009743040039514502 1 0 1
4 1 - 63 - 0.002712343994062394 0.001468001651422431 1 0 1
4 1 - 64 - 0.002782106321925918 0.0014550899892734985 1 0 1
4 1 - 65 - 0.0030313543587302165 0.001050988988329967 0 1 0
4 1 - 66 - 0.006657272344455123 0.0049152223315710826 0 0 2
4 1 - 67 - 0.0040365056484006345 0.0015219363267533481 1 0 1
4 1 - 68 - 0.003177610322988282 0.0015294296899810433 1 0 1
4 1 - 69 - 0.006285098012691984 0.004605911672115326 0 0 2
4 1 - 70 - 0.005161796696484089 0.0027968516612115004 0 1 0
4 1 - 71 - 0.005068352348947277 0.0034363579858715334 0 0 2
4 1 - 72 - 0.0032574256765656173 0.001601369003765285 0 0 2
4 1 - 73 - 0.0032382483477704227 0.0015467213233932853 1 0 1
4 1 - 74 - 0.00418931267146642 0.0025912859515907862 0 0 2
4 1 - 75 - 0.0031421506622185307 0.0011815702891908586 0 1 0
4 1 - 76 - 0.0054018376395106316 0.0037534686659152308 0 0 2
4 1 - 77 - 0.00512385432375595 0.003388657331621895 0 0 2
4 1 - 78 - 0.003218550991732627 0.0012719036894850433 0 1 0
4 1 - 79 - 0.005017434343850861 0.003285819315351546 0 1 0
4 1 - 80 - 0.005108273665731152 0.0035027586854994297 0 0 2
4 1 - 81 - 0.00425506301689893 0.0024168800252179308 0 0 2
4 1 - 82 - 0.00318727766474088 0.0011783303343690932 0 1 0
4 1 - 83 - 0.004055799004466583 0.0024382093300422034 1 0 1
4 1 - 84 - 0.0021459126534561315 0.0009257223185462256 1 0 1
4 1 - 85 - 0.00466701634771501 0.00236019300064072 0 1 0
4 1 - 86 - 0.0064177529808754725 0.004422326688654721 0 1 0
4 1 - 87 - 0.003839806013274938 0.0017232520040124655 0 1 0
4 1 - 88 - 0.003952601652902861 0.0018226053604545691 0 1 0
4 1 - 89 - 0.003321268653962761 0.0015157396749903758 0 1 0
4 1 - 90 - 0.005077430667976539 0.003136259658883015 0 1 0
4 1 - 91 - 0.0051111770056498545 0.003229602298233658 0 1 0
4 1 - 92 - 0.003937336674425751 0.0022269099523934224 0 1 0
4 1 - 93 - 0.004011811300491294 0.0023208770047252374 1 0 1
4 1 - 94 - 0.003196507323688517 0.0014490056782960892 0 1 0
4 1 - 95 - 0.004212300312550117 0.002509470679797232 1 0 1
4 1 - 96 - 0.0050212966549831135 0.0032848226643788316 0 0 2
4 1 - 97 - 0.0035010226420126855 0.0017072786771071453 1 0 1
4 1 - 98 - 0.003034824000981947 0.001035906335649391 0 1 0
4 1 - 99 - 0.0039279463041263325 0.002197546981430302 0 1 0
4 2 - 0 - 0.002598839986603707 0.0007647406697894137 0 1 0
4 2 - 1 - 0.0040540993213653564 0.0022843696642667055 0 0 2
4 2 - 2 - 0.004049902995272229 0.0023336096589143076 0 0 2
4 2 - 3 - 0.0041529163330172505 0.0024347123301898437 0 0 2
4 2 - 4 - 0.0031366466622178755 0.0014705903401287892 1 0 1
4 2 - 5 - 0.005119930681151649 0.003416915346557895 0 0 2
4 2 - 6 - 0.003415782004594803 0.0016885280104664466 0 0 2
4 2 - 7 - 0.0048589766762840245 0.002427822328172624 0 0 2
4 2 - 8 - 0.004067363663731763 0.0023813009999382 1 0 1
4 2 - 9 - 0.0039434533488626276 0.0018528633518144488 0 1 0
4 2 - 10 - 0.005267550004646182 0.0035818409523926675 0 0 2
4 2 - 11 - 0.0024819860118441284 0.0006222276909587283 0 1 0
4 2 - 12 - 0.0065877670228170855 0.004714693330849211 0 0 2
4 2 - 13 - 0.005112554334724943 0.003399400021104763 0 0 2
4 2 - 14 - 0.003985861665569246 0.002235523638470719 0 0 2
4 2 - 15 - 0.0041999066597782075 0.0019170383263068893 0 1 0
4 2 - 16 - 0.005048214322111258 0.002763617337526133 0 1 0
4 2 - 17 - 0.0021672433552642665 0.0009152273608682057 1 0 1
4 2 - 18 - 0.0032086613549229996 0.0015057649967881541 0 0 2
4 2 - 19 - 0.004138495326818277 0.002413675344238679 0 0 2
4 2 - 20 - 0.0030447880077796676 0.0010531143246529002 0 1 0
4 2 - 21 - 0.0021520546482255063 0.0009348859894089401 1 0 1
4 2 - 22 - 0.005247721021684507 0.0027954693068750203 0 1 0
4 2 - 23 - 0.003993045655079186 0.0017978456647445757 0 1 0
4 2 - 24 - 0.003927258988066266 0.0018307463033124804 0 1 0
4 2 - 25 - 0.005085086993252237 0.003075510651494066 0 1 0
4 2 - 26 - 0.005086081645761927 0.003410290344618261 0 0 2
4 2 - 27 - 0.005124816651611279 0.0027402593599011498 0 1 0
4 2 - 28 - 0.005048891995102167 0.003283656338074555 0 0 2
4 2 - 29 - 0.004964560328517109 0.002725393685977906 0 1 0
4 2 - 30 - 0.005306961635748546 0.003610229662929972 0 0 2
4 2 - 31 - 0.004972556664142758 0.0035062993216949207 0 0 2
4 2 - 32 - 0.0057131643407046795 0.0027650130020144084 0 1 0
4 2 - 33 - 0.004078964314733943 0.0024040586819561818 0 0 2
4 2 - 34 - 0.005883533332962543 0.0034803376377870636 0 0 2
4 2 - 35 - 0.003181419994992514 0.0014731186674907804 0 0 2
4 2 - 36 - 0.006505326018668711 0.004755182676793387 0 0 2
4 2 - 37 - 0.003952456308373561 0.0018549489905126393 0 1 0
4 2 - 38 - 0.004151605321870496 0.0019237176553967097 0 1 0
4 2 - 39 - 0.0025773123488761485 0.0008820606356797119 0 0 2
4 2 - 40 - 0.007255697681102902 0.004561928333714604 0 0 2
4 2 - 41 - 0.0025033976611060402 0.0006266763084568083 0 1 0
4 2 - 42 - 0.003984127678753188 0.002239617014614244 0 1 0
4 2 - 43 - 0.0031957036699168384 0.0011979216554512582 0 1 0
4 2 - 44 - 0.003952994321783383 0.0022734876450461647 0 0 2
4 2 - 45 - 0.005800956336315721 0.0029617000060776872 0 1 0
4 2 - 46 - 0.003900132665876299 0.0018106383310320477 0 1 0
4 2 - 47 - 0.0031880009919404984 0.0015091580183555682 1 0 1
4 2 - 48 - 0.003925232992817958 0.0022298753222761056 0 0 2
4 2 - 49 - 0.008159870010179779 0.006108010362368077 0 0 2
4 2 - 50 - 0.0031411180001062653 0.0015077396334769824 1 0 1
4 2 - 51 - 0.003306352319971969 0.0014851273541959622 0 0 2
4 2 - 52 - 0.0024388580156179764 0.0006900113075971603 0 1 0
4 2 - 53 - 0.0050019456539303064 0.0027679143434700864 0 1 0
4 2 - 54 - 0.002199635317083448 0.0009762919701946279 1 0 1
4 2 - 55 - 0.00322187701628233 0.001483667641878128 0 0 2
4 2 - 56 - 0.005040376330725849 0.0029759673634544015 0 1 0
4 2 - 57 - 0.0031113203343314426 0.001454897321915875 1 0 1
4 2 - 58 - 0.006616062659304589 0.0043856886913999915 0 1 0
4 2 - 59 - 0.005051765319270392 0.0031140136416070163 0 1 0
4 2 - 60 - 0.002715168676028649 0.0014597373471284907 1 0 1
4 2 - 61 - 0.003955125653495392 0.002382670665004601 0 0 2
4 2 - 62 - 0.003225932305213064 0.0009419413399882615 1 0 1
4 2 - 63 - 0.002841757028363645 0.001596680648314456 1 0 1
4 2 - 64 - 0.002733352322441836 0.0014747319898257654 1 0 1
4 2 - 65 - 0.003035356659286966 0.0010590513314430912 0 1 0
4 2 - 66 - 0.007270496319203327 0.004941535686763625 0 0 2
4 2 - 67 - 0.0032087513245642185 0.00150283268885687 0 0 2
4 2 - 68 - 0.0031196153140626848 0.001457738670675705 1 0 1
4 2 - 69 - 0.00628949897751833 0.004747297634215404 0 0 2
4 2 - 70 - 0.0051122303314817446 0.0027422550095555684 0 1 0
4 2 - 71 - 0.005871077980070064 0.0034445933415554464 0 0 2
4 2 - 72 - 0.0034518270016026995 0.0014750786552516122 0 0 2
4 2 - 73 - 0.0031870569994983575 0.0015383166998314362 1 0 1
4 2 - 74 - 0.004130245341608922 0.0025142556599651775 0 0 2
4 2 - 75 - 0.003504610329400748 0.0012021550404218337 0 1 0
4 2 - 76 - 0.0056841046510574715 0.0036435637157410383 0 0 2
4 2 - 77 - 0.005121161346323788 0.003398378030396998 0 0 2
4 2 - 78 - 0.0032114220084622502 0.0012500490023133657 0 1 0
4 2 - 79 - 0.004953226326809576 0.0032216482795774937 0 0 2
4 2 - 80 - 0.005096701672300696 0.003458720340859145 0 0 2
4 2 - 81 - 0.0041401256651928025 0.0024289203186829886 0 0 2
4 2 - 82 - 0.003159577667247504 0.0011955333369163175 0 1 0
4 2 - 83 - 0.0041836146847344935 0.0024857066649322706 0 0 2
4 2 - 84 - 0.0021575913221264877 0.0009233119781129062 1 0 1
4 2 - 85 - 0.004135347669944167 0.002426524665982773 0 0 2
4 2 - 86 - 0.0064790839872633415 0.004430796989860634 0 1 0
4 2 - 87 - 0.003773145998517672 0.0016944279971842964 0 1 0
4 2 - 88 - 0.004680146676643441 0.001838871646517267 0 1 0
4 2 - 89 - 0.0032333709726420543 0.0015323776557731132 0 0 2
4 2 - 90 - 0.005129162668405722 0.0033092033700086176 0 1 0
4 2 - 91 - 0.00498284832186376 0.0032863343173327544 0 0 2
4 2 - 92 - 0.00400526033869634 0.002302823297213763 0 0 2
4 2 - 93 - 0.004016887008522947 0.0023639146820642054 1 0 1
4 2 - 94 - 0.003220963350031525 0.0015000060084275901 0 0 2
4 2 - 95 - 0.004135537000062564 0.0024416463371987147 0 0 2
4 2 - 96 - 0.005021059361752123 0.003319711657240987 0 0 2
4 2 - 97 - 0.0033643050119280815 0.0015656976417327921 1 0 1
4 2 - 98 - 0.003037580657595148 0.0010737696817765632 0 1 0
4 2 - 99 - 0.003947311663068831 0.002286999331166347 0 0 2
4 4 - 0 - 0.002585616680638244 0.0007159463129937649 0 1 0
4 4 - 1 - 0.004099981995144238 0.0023625319978843136 0 0 2
4 4 - 2 - 0.004149980319198221 0.002329183373755465 0 0 2
4 4 - 3 - 0.004926280991639942 0.00253949937177822 0 0 2
4 4 - 4 - 0.003288968000560999 0.0015938243401857715 1 0 1
4 4 - 5 - 0.005093220640749981 0.0034464673371985555 0 0 2
4 4 - 6 - 0.0032322289965425926 0.0015988836724621556 0 0 2
4 4 - 7 - 0.004237339637863139 0.0025165173186299703 0 0 2
4 4 - 8 - 0.004144076995241146 0.002435349024987469 1 0 1
4 4 - 9 - 0.003944357333239168 0.0018302216970672212 0 1 0
4 4 - 10 - 0.005381462338846177 0.003519393678288907 0 0 2
4 4 - 11 - 0.0024197130114771426 0.000635933984691898 0 1 0
4 4 - 12 - 0.006668697014295806 0.004831114977908631 0 0 2
4 4 - 13 - 0.005138381345507999 0.0034254473672869308 0 0 2
4 4 - 14 - 0.003963972655280182 0.002269031305331737 0 0 2
4 4 - 15 - 0.004821110322761039 0.0019148909874881308 0 1 0
4 4 - 16 - 0.004958909994456917 0.002716645637216667 0 1 0
4 4 - 17 - 0.0022452393313869834 0.0009792506461963058 1 0 1
4 4 - 18 - 0.0032916470081545413 0.0015097046659017603 0 0 2
4 4 - 19 - 0.00417571897075201 0.002461962673502664 0 0 2
4 4 - 20 - 0.0031507146971610687 0.0010389643527256944 0 1 0
4 4 - 21 - 0.002145813001940648 0.000926570986242344 1 0 1
4 4 - 22 - 0.005165330328357716 0.0027450056707796953 0 1 0
4 4 - 23 - 0.003941349685192108 0.0018044356644774475 0 1 0
4 4 - 24 - 0.004027193024133643 0.0018315220174069207 0 1 0
4 4 - 25 - 0.005072184314485639 0.0031344616630425057 0 1 0
4 4 - 26 - 0.005214965669438243 0.003414274329164376 0 0 2
4 4 - 27 - 0.0050131726505545275 0.0027080096770077944 0 1 0
4 4 - 28 - 0.005802229337859899 0.0033676163099395735 0 0 2
4 4 - 29 - 0.005185973655898124 0.0027459103342456124 0 1 0
4 4 - 30 - 0.005344371330769111 0.0036079243291169405 0 0 2
4 4 - 31 - 0.005092832337444028 0.0033276083413511515 0 0 2
4 4 - 32 - 0.005016419338062406 0.0027331619639880955 0 1 0
4 4 - 33 - 0.0040551986506519215 0.002248346320508669 0 0 2
4 4 - 34 - 0.005607439670711756 0.0034443806507624686 0 0 2
4 4 - 35 - 0.003933650654895852 0.0015542993787676096 0 0 2
4 4 - 36 - 0.006538985976173232 0.004985905000163863 0 0 2
4 4 - 37 - 0.004061885643750429 0.0018225506646558642 0 1 0
4 4 - 38 - 0.0040085589862428606 0.0019207183310451608 0 1 0
4 4 - 39 - 0.00258317698414127 0.0008938733177880446 0 0 2
4 4 - 40 - 0.006287262328745176 0.004493178683333099 0 0 2
4 4 - 41 - 0.002420783663789431 0.0006250906541633109 0 1 0
4 4 - 42 - 0.004655361660600951 0.0022683136630803347 0 0 2
4 4 - 43 - 0.0031709173345007002 0.001164306343222658 0 1 0
4 4 - 44 - 0.004089238335533688 0.0023523296501177056 0 0 2
4 4 - 45 - 0.0049570006667636335 0.0027242526800061264 0 1 0
4 4 - 46 - 0.00400363599571089 0.0019252293471557398 0 1 0
4 4 - 47 - 0.0031920489855110645 0.0015218696595790484 1 0 1
4 4 - 48 - 0.0040526209825960295 0.0023061136792724333 0 0 2
4 4 - 49 - 0.00800260235943521 0.006282722344622016 0 0 2
4 4 - 50 - 0.003126347321085632 0.0014573086712819834 1 0 1
4 4 - 51 - 0.0031620233397309976 0.0015399500261992216 0 0 2
4 4 - 52 - 0.0024434846515456834 0.0006235556793399155 0 1 0
4 4 - 53 - 0.004982382350135595 0.0026930126866015294 0 1 0
4 4 - 54 - 0.002304522010187308 0.0010261526719356577 1 0 1
4 4 - 55 - 0.0031722063625541823 0.0014715540067603192 0 0 2
4 4 - 56 - 0.0051648259977810085 0.0028251016628928483 0 1 0
4 4 - 57 - 0.0038965196581557393 0.0014974466563823323 1 0 1
4 4 - 58 - 0.006439528331005325 0.004477180656976998 0 1 0
4 4 - 59 - 0.005077856340600799 0.0031596063054166734 0 1 0
4 4 - 60 - 0.0027479323519704244 0.0014623860091281433 1 0 1
4 4 - 61 - 0.003973115002736449 0.0022652833528506258 0 0 2
4 4 - 62 - 0.0036013643257319927 0.0016028243117034435 1 0 1
4 4 - 63 - 0.0028367430010500056 0.0014530500241865714 1 0 1
4 4 - 64 - 0.0027516656555235386 0.0015098176857767007 1 0 1
4 4 - 65 - 0.0031026330155630904 0.001072402015173187 0 1 0
4 4 - 66 - 0.006624259985983372 0.004792938008904457 0 0 2
4 4 - 67 - 0.0032094036578200758 0.0015011676393138866 0 0 2
4 4 - 68 - 0.003144509663494925 0.0014716853232433398 1 0 1
4 4 - 69 - 0.006230901984963566 0.004526909343743076 0 0 2
4 4 - 70 - 0.005328660015948117 0.0027689873434913657 0 1 0
4 4 - 71 - 0.005124221982744833 0.003386207642809798 0 0 2
4 4 - 72 - 0.003194275312125683 0.0014806043279046812 0 0 2
4 4 - 73 - 0.0032233673070246973 0.0015780879960705838 1 0 1
4 4 - 74 - 0.004190206993371248 0.002483871319176008 0 0 2
4 4 - 75 - 0.003154596022795886 0.0011752139738140006 0 1 0
4 4 - 76 - 0.0057692613142232094 0.0036766336803945405 0 0 2
4 4 - 77 - 0.005153004021849483 0.003373715289247533 0 0 2
4 4 - 78 - 0.0033401056813697023 0.0011867780316000183 0 1 0
4 4 - 79 - 0.004971012647729367 0.0032284866513994834 0 0 2
4 4 - 80 - 0.005240626671972374 0.0034562686535840235 0 0 2
4 4 - 81 - 0.0041711723315529525 0.002473957642602424 0 0 2
4 4 - 82 - 0.0039911403437145054 0.0011919696698896587 0 1 0
4 4 - 83 - 0.004139866679906845 0.002406231011264026 0 0 2
4 4 - 84 - 0.0021694973305178187 0.0009274473413825035 1 0 1
4 4 - 85 - 0.00395308332129692 0.0022477599947402878 0 0 2
4 4 - 86 - 0.006508278330632796 0.004413886655432482 0 1 0
4 4 - 87 - 0.004754633332292238 0.001727806346025318 0 1 0
4 4 - 88 - 0.0039974099878842635 0.0018675376583511631 0 1 0
4 4 - 89 - 0.003370212313408653 0.0015700530105580885 0 0 2
4 4 - 90 - 0.005071375984698534 0.003128701025464882 0 1 0
4 4 - 91 - 0.005079018340135614 0.0034787450179768107 0 0 2
4 4 - 92 - 0.004047085666873803 0.0023235856594207385 0 0 2
4 4 - 93 - 0.0040478313458152115 0.002281000022776425 1 0 1
4 4 - 94 - 0.003242902030857901 0.001544226698266963 0 0 2
4 4 - 95 - 0.0041638683566513155 0.0024226159827473266 0 0 2
4 4 - 96 - 0.005871932681960365 0.003430667333304882 0 0 2
4 4 - 97 - 0.0027413510057764747 0.0014642303382667403 1 0 1
4 4 - 98 - 0.003916439988339941 0.001043319682745884 0 1 0
4 4 - 99 - 0.004015419671001534 0.0023470676969736814 0 0 2
8 1 - 0 - 0.008244617977955688 0.006391358037944883 0 0 2
8 1 - 1 - 0.008492394680312524 0.006141497675950329 1 0 1
8 1 - 2 - 0.011379624348289022 0.008882416994310915 0 1 0
8 1 - 3 - 0.009320430011333277 0.007720184997500231 0 0 2
8 1 - 4 - 0.005068750023686637 0.003351198994399359 0 0 2
8 1 - 5 - 0.004189207005159308 0.002481167650936792 0 0 2
8 1 - 6 - 0.010865926994786909 0.009100627658578258 0 1 0
8 1 - 7 - 0.006271550664678216 0.004576126365767171 0 0 2
8 1 - 8 - 0.005009055001816401 0.003370550674541543 1 0 1
8 1 - 9 - 0.006186175354135534 0.004345764658258608 0 1 0
8 1 - 10 - 0.009370947373099625 0.007099930352220933 0 1 0
8 1 - 11 - 0.006241391665146997 0.0045139670255593956 0 0 2
8 1 - 12 - 0.011735028664891919 0.009751531023842594 0 1 0
8 1 - 13 - 0.0156893326396433 0.012957095343153924 0 1 0
8 1 - 14 - 0.010129063351390263 0.007875684338311354 1 0 1
8 1 - 15 - 0.011700397337942073 0.009769167654061068 0 0 2
8 1 - 16 - 0.007500029673489432 0.005798947667547812 0 0 2
8 1 - 17 - 0.012755492352880538 0.010127521003596485 0 0 2
8 1 - 18 - 0.009132044351038834 0.006291586672887206 0 1 0
8 1 - 19 - 0.0065789136569947 0.004798666011386861 0 0 2
8 1 - 20 - 0.011415652329257378 0.009587727021425962 0 0 2
8 1 - 21 - 0.006404117351242651 0.00464120398585995 0 0 2
8 1 - 22 - 0.01123156666290015 0.008937548322137445 0 1 0
8 1 - 23 - 0.012241820998800296 0.00977907731430605 0 0 2
8 1 - 24 - 0.007372632001837094 0.004920022329315543 0 0 2
8 1 - 25 - 0.012364504354385039 0.008973569007745635 0 1 0
8 1 - 26 - 0.011245822669782987 0.008922698306074986 0 1 0
8 1 - 27 - 0.011391455327005437 0.009637348664303621 0 0 2
8 1 - 28 - 0.011847198028893521 0.009893325332086533 0 0 2
8 1 - 29 - 0.009351061346630257 0.007438984311496218 0 1 0
8 1 - 30 - 0.013509990647435188 0.011063553295874348 0 1 0
8 1 - 31 - 0.013614627687881391 0.011901047992675256 0 0 2
8 1 - 32 - 0.006318366019210468 0.004622661333996803 1 0 1
8 1 - 33 - 0.007618281000759453 0.005808862954533348 0 1 0
8 1 - 34 - 0.009590136993210763 0.007798382993011425 0 0 2
8 1 - 35 - 0.00506087567191571 0.0034257703033896787 0 0 2
8 1 - 36 - 0.011452478686502824 0.009698513662442565 0 0 2
8 1 - 37 - 0.007969792000949383 0.006025528671064725 1 0 1
8 1 - 38 - 0.011270511643184971 0.009537168662063777 0 0 2
8 1 - 39 - 0.016450094990432262 0.013343728031031787 0 1 0
8 1 - 40 - 0.006196495999271671 0.003760946332477033 0 1 0
8 1 - 41 - 0.005093281002094349 0.0031484493326085308 0 1 0
8 1 - 42 - 0.008508747016700605 0.005684065671327214 0 1 0
8 1 - 43 - 0.016742864332627505 0.014145879385372003 0 0 2
8 1 - 44 - 0.010564707665859412 0.00795356333643819 0 0 2
8 1 - 45 - 0.007808073656633496 0.006127023351533959 0 0 2
8 1 - 46 - 0.0182715140011472 0.015413816688427081 0 1 0
8 1 - 47 - 0.006288975690646717 0.004504626345199843 0 1 0
8 1 - 48 - 0.007956454316930225 0.0059585666555600865 0 1 0
8 1 - 49 - 0.007574809656944126 0.004961559354948501 0 1 0
8 1 - 50 - 0.016124387679155916 0.014026223953502873 0 0 2
8 1 - 51 - 0.013837624341249466 0.011869942711200565 0 0 2
8 1 - 52 - 0.019833630338932078 0.016899590011841308 0 0 2
8 1 - 53 - 0.013270314336599162 0.010766732351233562 0 1 0
8 1 - 54 - 0.008001908970375855 0.006236440036445856 1 0 1
8 1 - 55 - 0.007688489645564308 0.005958942327803622 0 0 2
8 1 - 56 - 0.0076939953335871305 0.0060299983209309484 0 0 2
8 1 - 57 - 0.013952643668744713 0.011961614325021705 0 0 2
8 1 - 58 - 0.013643465004861355 0.01083193535062795 0 1 0
8 1 - 59 - 0.01168360299197957 0.009757743333466351 0 0 2
8 1 - 60 - 0.015402543998789042 0.013722460348314295 0 1 0
8 1 - 61 - 0.011478596987823646 0.009041724687752625 0 1 0
8 1 - 62 - 0.007965379666226607 0.0076134616586690145 0 1 0
8 1 - 63 - 0.009563666360918432 0.0078773193138962 0 0 2
8 1 - 64 - 0.01594985369592905 0.014272032693649331 0 0 2
8 1 - 65 - 0.011401801990966002 0.009665460985464355 0 0 2
8 1 - 66 - 0.007797919660030554 0.006041805007650207 0 1 0
8 1 - 67 - 0.015603894639449814 0.012980002677068114 0 1 0
8 1 - 68 - 0.011515948009522011 0.009564895667911818 0 0 2
8 1 - 69 - 0.011190092637358854 0.0093200279904219 0 0 2
8 1 - 70 - 0.00943695332777376 0.00734392167457069 0 1 0
8 1 - 71 - 0.011316439330888292 0.00894592764476935 0 1 0
8 1 - 72 - 0.011412970003827164 0.009680079315633822 0 0 2
8 1 - 73 - 0.013281220007532587 0.010693899006582797 0 1 0
8 1 - 74 - 0.006165295004999885 0.0037691579782404006 0 1 0
8 1 - 75 - 0.009061256656423211 0.006324516977959623 0 1 0
8 1 - 76 - 0.014134230033960193 0.01223540698022892 0 0 2
8 1 - 77 - 0.013800400348069768 0.01189679002466922 0 0 2
8 1 - 78 - 0.007474549987819046 0.004907194369783004 0 1 0
8 1 - 79 - 0.004178790996472041 0.002372711004378895 0 1 0
8 1 - 80 - 0.01843401302661126 0.016737655678298324 0 0 2
8 1 - 81 - 0.010243876681973537 0.008124582003802061 0 0 2
8 1 - 82 - 0.006510784674901515 0.0047478956791261835 0 0 2
8 1 - 83 - 0.008633657339184234 0.0057030610235718395 0 1 0
8 1 - 84 - 0.007841137994546443 0.0061223323379332815 0 0 2
8 1 - 85 - 0.011370496999006718 0.009431282329993943 0 0 2
8 1 - 86 - 0.010340034010975312 0.0071613520073393975 0 1 0
8 1 - 87 - 0.007874955015722662 0.005627228665010383 0 1 0
8 1 - 88 - 0.010121038338790338 0.00803663666980962 0 0 2
8 1 - 89 - 0.012168823333922774 0.009306906295629839 0 1 0
8 1 - 90 - 0.013604249688796699 0.011989938328042626 0 0 2
8 1 - 91 - 0.008816453667047123 0.005714488351562371 0 1 0
8 1 - 92 - 0.010968185650805633 0.009293433666850131 0 0 2
8 1 - 93 - 0.005014941018695633 0.0033551703090779483 0 0 2
8 1 - 94 - 0.013578154340696832 0.011010472022462636 0 1 0
8 1 - 95 - 0.013645036320667714 0.011781545006670058 0 0 2
8 1 - 96 - 0.0064941353436249 0.004861065691026549 0 0 2
8 1 - 97 - 0.009588324018598845 0.0077934136691813665 0 0 2
8 1 - 98 - 0.013656419003382325 0.011956707341596484 0 0 2
8 1 - 99 - 0.009314996326187003 0.00771362567320466 0 0 2
8 2 - 0 - 0.008188014985838285 0.006469302674910674 0 0 2
8 2 - 1 - 0.007898279000073671 0.006038523647778978 0 0 2
8 2 - 2 - 0.011385111002406726 0.00905472063459456 0 1 0
8 2 - 3 - 0.009393304664020736 0.007642063331635049 0 0 2
8 2 - 4 - 0.005156023660674691 0.003405481945568075 0 0 2
8 2 - 5 - 0.004282367318713416 0.002417424674301098 0 0 2
8 2 - 6 - 0.010948964996108165 0.00912673765560612 0 0 2
8 2 - 7 - 0.00632954000805815 0.004587075692446281 0 0 2
8 2 - 8 - 0.0050565946342734 0.0033187063527293503 0 0 2
8 2 - 9 - 0.006366157322190702 0.0045367446534025175 0 1 0
8 2 - 10 - 0.009236594991913687 0.007044032642928262 0 1 0
8 2 - 11 - 0.006305649993009865 0.0046076646346288426 0 0 2
8 2 - 12 - 0.01185543833222861 0.009962989308405668 0 0 2
8 2 - 13 - 0.015775123649897676 0.012988980995335925 0 1 0
8 2 - 14 - 0.009293922358968606 0.007563338634402801 0 0 2
8 2 - 15 - 0.011628663012137015 0.009833627322223037 0 0 2
8 2 - 16 - 0.0075338380023216205 0.005869143991731107 0 0 2
8 2 - 17 - 0.011825070988076428 0.01012095098849386 0 0 2
8 2 - 18 - 0.00906081000963847 0.006257748677550504 0 1 0
8 2 - 19 - 0.0065509710111655295 0.0047468079913718 0 0 2
8 2 - 20 - 0.011418840634481361 0.009639064354511598 0 0 2
8 2 - 21 - 0.006296463310718536 0.004630440981903424 0 0 2
8 2 - 22 - 0.011311579340447983 0.008919554995372891 0 1 0
8 2 - 23 - 0.011528423987329006 0.009726868340900788 0 0 2
8 2 - 24 - 0.006715551329155763 0.004700370637389521 0 0 2
8 2 - 25 - 0.011344525982470561 0.008879937328553448 0 1 0
8 2 - 26 - 0.011636758650032183 0.009269258667094013 0 1 0
8 2 - 27 - 0.011459391641740998 0.00961765767230342 0 0 2
8 2 - 28 - 0.011906491340293238 0.009904434671625495 0 0 2
8 2 - 29 - 0.009845926678584268 0.007396300963591784 0 1 0
8 2 - 30 - 0.013532812319075068 0.011109471670351923 0 1 0
8 2 - 31 - 0.013991503316598635 0.012064869282767177 0 0 2
8 2 - 32 - 0.006537149349848429 0.004799174358292172 0 0 2
8 2 - 33 - 0.007566890019613008 0.005728567019104958 0 1 0
8 2 - 34 - 0.009586832350275168 0.007843059332420427 0 0 2
8 2 - 35 - 0.005069599331667026 0.003332914357694487 0 0 2
8 2 - 36 - 0.012248102323307346 0.009651051310356706 0 0 2
8 2 - 37 - 0.007833411005170396 0.0061266913544386625 0 0 2
8 2 - 38 - 0.011810786013181012 0.011583578675830116 0 0 2
8 2 - 39 - 0.015826294353852667 0.013231234644384434 0 1 0
8 2 - 40 - 0.006470695312600583 0.003917570361712326 0 1 0
8 2 - 41 - 0.005007398664020002 0.0030579133502518134 0 1 0
8 2 - 42 - 0.007838133994179467 0.00561515767670547 0 1 0
8 2 - 43 - 0.01713180565275252 0.014576398010831326 0 0 2
8 2 - 44 - 0.010327466666543234 0.007929282010688135 0 0 2
8 2 - 45 - 0.008423984322386485 0.00624801197166865 0 0 2
8 2 - 46 - 0.018693867003700387 0.015448690974153578 0 1 0
8 2 - 47 - 0.0061536456729906295 0.004465292304909477 0 0 2
8 2 - 48 - 0.007947164335443329 0.006262490001972765 0 0 2
8 2 - 49 - 0.007570071999604503 0.00504739600000903 0 1 0
8 2 - 50 - 0.01577506233782818 0.013996438666557271 0 0 2
8 2 - 51 - 0.013742711026376734 0.011919403021844724 0 0 2
8 2 - 52 - 0.018814610996438812 0.01695461629424244 0 0 2
8 2 - 53 - 0.013171978663497915 0.010818268308260789 0 1 0
8 2 - 54 - 0.007889384985901415 0.006082177336793393 0 0 2
8 2 - 55 - 0.0077329506748355925 0.005887327696351955 0 0 2
8 2 - 56 - 0.007850811001844704 0.006055585322125505 0 0 2
8 2 - 57 - 0.014755766683568558 0.012080918318436792 0 0 2
8 2 - 58 - 0.013489827028630923 0.01107320497976616 0 1 0
8 2 - 59 - 0.011520535006032636 0.00967937467309336 0 0 2
8 2 - 60 - 0.01597374933771789 0.013694727967958897 0 0 2
8 2 - 61 - 0.011454114341177046 0.008956379373557866 0 1 0
8 2 - 62 - 0.007860751337526986 0.005556982689692329 0 1 0
8 2 - 63 - 0.009647119984341165 0.007774457316069553 0 0 2
8 2 - 64 - 0.016140236344654113 0.014188395347446203 0 0 2
8 2 - 65 - 0.012125428339156011 0.009978641639463603 0 0 2
8 2 - 66 - 0.007923759675274292 0.006062998028937727 0 0 2
8 2 - 67 - 0.015809112325465925 0.012954362687499573 0 1 0
8 2 - 68 - 0.01148121499378855 0.009675850354445478 0 0 2
8 2 - 69 - 0.012299790667990843 0.00946022467299675 0 0 2
8 2 - 70 - 0.010385501004445056 0.007381547339415799 0 1 0
8 2 - 71 - 0.01155722535137708 0.008872661991820982 0 1 0
8 2 - 72 - 0.01148529298370704 0.009823537334644547 0 0 2
8 2 - 73 - 0.013282790683054676 0.011009181675035506 0 1 0
8 2 - 74 - 0.006317805673461407 0.003785330685786903 0 1 0
8 2 - 75 - 0.00918092233284066 0.006327872028729568 0 1 0
8 2 - 76 - 0.014437705356006822 0.012224075306827824 0 0 2
8 2 - 77 - 0.01393750699935481 0.012186771006478619 0 0 2
8 2 - 78 - 0.0074991769894647104 0.0050196303248715895 0 1 0
8 2 - 79 - 0.00403749067724372 0.002290865348186344 0 1 0
8 2 - 80 - 0.018409233326868467 0.016476299652519327 0 0 2
8 2 - 81 - 0.009604444998937348 0.007877354005662102 0 0 2
8 2 - 82 - 0.006641634662325184 0.004828829337687542 0 0 2
8 2 - 83 - 0.007871576662485799 0.005644904333166778 0 1 0
8 2 - 84 - 0.007833285004987072 0.006081401971944918 0 0 2
8 2 - 85 - 0.011044700009127457 0.009213505681448925 0 0 2
8 2 - 86 - 0.009291224336872498 0.007054729988643278 0 1 0
8 2 - 87 - 0.008014424665210147 0.005659734325793883 0 1 0
8 2 - 88 - 0.009795807321400693 0.007929708653440079 0 0 2
8 2 - 89 - 0.011343203659635037 0.009393631286608676 0 0 2
8 2 - 90 - 0.013443155990292627 0.011791706997125099 0 0 2
8 2 - 91 - 0.007893431349657476 0.005749130679760128 0 1 0
8 2 - 92 - 0.012212246326574435 0.009444850982011607 0 0 2
8 2 - 93 - 0.0059123113557385905 0.003306339339663585 0 0 2
8 2 - 94 - 0.013725370964190612 0.011327461339533329 0 1 0
8 2 - 95 - 0.013937361654825509 0.012124723327967027 0 0 2
8 2 - 96 - 0.006541759998071939 0.004779623355716467 0 0 2
8 2 - 97 - 0.009626579335114608 0.007890189357567579 0 0 2
8 2 - 98 - 0.013630249343502024 0.01192406564950943 0 0 2
8 2 - 99 - 0.010147450006722162 0.00763865967746824 0 0 2
8 4 - 0 - 0.008314990322105587 0.006444091016116242 0 0 2
8 4 - 1 - 0.00787909565648685 0.006225924337437997 0 0 2
8 4 - 2 - 0.011288330017123371 0.009009662317112088 0 1 0
8 4 - 3 - 0.009587423662499836 0.007746392026698838 0 0 2
8 4 - 4 - 0.00509833232111608 0.0033576253335922956 0 0 2
8 4 - 5 - 0.00417265499709174 0.0024117836340640983 0 0 2
8 4 - 6 - 0.010961652694580454 0.009098535655842472 0 0 2
8 4 - 7 - 0.006308901337130616 0.004575320635922253 0 0 2
8 4 - 8 - 0.006688776639445374 0.003753797985458126 0 0 2
8 4 - 9 - 0.007177361675227682 0.004624505333291988 0 0 2
8 4 - 10 - 0.009285954661512127 0.00707682833308354 0 1 0
8 4 - 11 - 0.00638153898762539 0.004655905320153882 0 0 2
8 4 - 12 - 0.01179372298065573 0.00997140435113882 0 0 2
8 4 - 13 - 0.016123889343968283 0.012985004344955087 0 1 0
8 4 - 14 - 0.010162513004615903 0.007842108005813012 0 0 2
8 4 - 15 - 0.011545611002172032 0.009707309305667877 0 0 2
8 4 - 16 - 0.007662814323945591 0.005853351360807816 0 0 2
8 4 - 17 - 0.012692691971703123 0.010064250673167408 0 0 2
8 4 - 18 - 0.009180293651297688 0.006316912341086815 0 1 0
8 4 - 19 - 0.006642679024177292 0.0048374850108909104 0 0 2
8 4 - 20 - 0.011615939671173692 0.009809730671501407 0 0 2
8 4 - 21 - 0.006554276992877325 0.004691165348049253 0 0 2
8 4 - 22 - 0.011266883016408732 0.00885228799112762 0 1 0
8 4 - 23 - 0.012325343986352285 0.009773831368268779 0 0 2
8 4 - 24 - 0.006565544327410559 0.004925012355670333 0 0 2
8 4 - 25 - 0.01136794798852255 0.00900802369384716 0 1 0
8 4 - 26 - 0.012267158657778054 0.009060622348139683 0 1 0
8 4 - 27 - 0.01161679266563927 0.009825221340482432 0 0 2
8 4 - 28 - 0.011967634006092945 0.010157236674179632 0 0 2
8 4 - 29 - 0.01004760933574289 0.007432705315295607 0 0 2
8 4 - 30 - 0.013930011676469196 0.011186895989036808 0 1 0
8 4 - 31 - 0.013707236658471325 0.01204182100870336 0 0 2
8 4 - 32 - 0.006553936652683964 0.004915777671461305 0 0 2
8 4 - 33 - 0.007708572685563316 0.005748475668951869 0 1 0
8 4 - 34 - 0.009748404670972377 0.007804025003376107 0 0 2
8 4 - 35 - 0.005111615328739087 0.0034131036566880843 0 0 2
8 4 - 36 - 0.011483143335984398 0.009547007037326694 0 0 2
8 4 - 37 - 0.007826456315039346 0.006204471632372588 0 0 2
8 4 - 38 - 0.011355237298024198 0.00963736599078402 0 0 2
8 4 - 39 - 0.015976807005548228 0.013206019648350775 0 1 0
8 4 - 40 - 0.006247133676273127 0.0037560333536627395 0 1 0
8 4 - 41 - 0.005842135986313224 0.0031846313116451106 0 1 0
8 4 - 42 - 0.007825844668938469 0.0056650219873214756 0 1 0
8 4 - 43 - 0.016195709681293618 0.014040500682312995 0 0 2
8 4 - 44 - 0.009968251339159906 0.008116495989573497 0 0 2
8 4 - 45 - 0.007950961667423446 0.006209164663838844 0 0 2
8 4 - 46 - 0.018223401333671063 0.015448038369261969 0 1 0
8 4 - 47 - 0.006120657664723694 0.004539766678741823 0 0 2
8 4 - 48 - 0.007997058661809813 0.006186691326244423 0 0 2
8 4 - 49 - 0.007606549343715112 0.004997560676808159 0 1 0
8 4 - 50 - 0.015812763672632475 0.013886047954050204 0 0 2
8 4 - 51 - 0.013884746314336857 0.012037110359718403 0 0 2
8 4 - 52 - 0.019055280989656847 0.016960405686404556 0 0 2
8 4 - 53 - 0.01359504001447931 0.010815243663576743 0 1 0
8 4 - 54 - 0.008056974678765982 0.006418253372733791 0 0 2
8 4 - 55 - 0.0076380470030320185 0.005902565375436097 0 0 2
8 4 - 56 - 0.00771214731503278 0.006019385356921703 0 0 2
8 4 - 57 - 0.013893549990219375 0.011997258678699533 0 0 2
8 4 - 58 - 0.013509517981826018 0.010860774646668386 0 1 0
8 4 - 59 - 0.011413646338041872 0.009865989384707063 0 0 2
8 4 - 60 - 0.016104733008736122 0.014013608975801617 0 0 2
8 4 - 61 - 0.011494294022365162 0.009089216686940441 0 1 0
8 4 - 62 - 0.008626556664239615 0.005745638026079783 0 1 0
8 4 - 63 - 0.009619213660092402 0.00793384564652418 0 0 2
8 4 - 64 - 0.016137878003064543 0.014242232660762966 0 0 2
8 4 - 65 - 0.01161618633583809 0.009764357353560627 0 0 2
8 4 - 66 - 0.00804361931902046 0.0063302196795120835 0 0 2
8 4 - 67 - 0.015827560680918396 0.013070247679327926 0 1 0
8 4 - 68 - 0.012548335012979805 0.009650866986097148 0 0 2
8 4 - 69 - 0.012497957640637955 0.009492968655346583 0 0 2
8 4 - 70 - 0.010475613312640537 0.007335431990213692 0 1 0
8 4 - 71 - 0.011253574688453227 0.008989816647954285 0 1 0
8 4 - 72 - 0.01154761501432707 0.010098859357337158 0 0 2
8 4 - 73 - 0.013386667337423813 0.010811827320139855 0 1 0
8 4 - 74 - 0.006466573996779819 0.0038044243313682577 0 1 0
8 4 - 75 - 0.009001949646820625 0.006241207321484883 0 1 0
8 4 - 76 - 0.013665325357578695 0.01197978532096992 0 0 2
8 4 - 77 - 0.013679819996468723 0.011937811990113307 0 0 2
8 4 - 78 - 0.007497837340148787 0.005244274313251178 0 1 0
8 4 - 79 - 0.004056334320921451 0.0023640126649600766 0 0 2
8 4 - 80 - 0.018614471016917378 0.016723474662285298 0 0 2
8 4 - 81 - 0.009875689982436597 0.007931535656098276 0 0 2
8 4 - 82 - 0.006599203004346539 0.004825880673403541 0 0 2
8 4 - 83 - 0.007810259664741655 0.005630737306394924 0 1 0
8 4 - 84 - 0.00777508964529261 0.006044496646306167 0 0 2
8 4 - 85 - 0.011109267671902975 0.009267327977189174 0 0 2
8 4 - 86 - 0.009562920313328505 0.007072297351745268 0 1 0
8 4 - 87 - 0.007958820962812752 0.005727540352381766 0 1 0
8 4 - 88 - 0.009812833663697045 0.00795017402075852 0 0 2
8 4 - 89 - 0.011397990999588123 0.009474852044756213 0 0 2
8 4 - 90 - 0.013484878678961348 0.011773628376734754 0 0 2
8 4 - 91 - 0.007718782328690092 0.005622400029096752 0 1 0
8 4 - 92 - 0.011338499646323422 0.009431370010133833 0 0 2
8 4 - 93 - 0.005007018994850417 0.0032899259822443128 0 0 2
8 4 - 94 - 0.013819136676223327 0.011207103671040386 0 1 0
8 4 - 95 - 0.014391521671010802 0.012256296002306044 0 0 2
8 4 - 96 - 0.006475192649910847 0.004711390666974087 0 0 2
8 4 - 97 - 0.00961011165054515 0.007860950000273686 0 0 2
8 4 - 98 - 0.013760391331743449 0.011964554025325924 0 0 2
8 4 - 99 - 0.009427878675827136 0.0076059233203219865 0 0 2
8 8 - 0 - 0.008187235313622903 0.006411437333251039 0 0 2
8 8 - 1 - 0.007854019990190864 0.006081391999032348 0 0 2
8 8 - 2 - 0.0114547733295088 0.008907744971414406 0 1 0
8 8 - 3 - 0.009710243650867293 0.008114787323089937 0 0 2
8 8 - 4 - 0.005843618651852012 0.0034246207020866373 0 0 2
8 8 - 5 - 0.004867737685951094 0.0024827190209180117 0 0 2
8 8 - 6 - 0.011001278006006032 0.009263176005333662 0 0 2
8 8 - 7 - 0.0062727706584458556 0.004554065662280967 0 0 2
8 8 - 8 - 0.005092558004738142 0.003355932014528662 0 0 2
8 8 - 9 - 0.006271545328975966 0.004542155656963587 0 0 2
8 8 - 10 - 0.009519923672390481 0.007088137654742846 0 1 0
8 8 - 11 - 0.006331933351854484 0.004602746339514852 0 0 2
8 8 - 12 - 0.011826179649991294 0.009978700642629217 0 0 2
8 8 - 13 - 0.015898241680891566 0.012890348637787003 0 1 0
8 8 - 14 - 0.010235720333488038 0.007790961322219421 0 0 2
8 8 - 15 - 0.011470475680350015 0.00984344866204386 0 0 2
8 8 - 16 - 0.008370540337637067 0.005914480347807209 0 0 2
8 8 - 17 - 0.0120195013199312 0.010069863017027577 0 0 2
8 8 - 18 - 0.010099858317213753 0.006459743017330766 0 1 0
8 8 - 19 - 0.006573631001325945 0.004776971725126108 0 0 2
8 8 - 20 - 0.011620401676433781 0.009827417690151682 0 0 2
8 8 - 21 - 0.006304743680326888 0.004495400023491432 0 0 2
8 8 - 22 - 0.011441794340498745 0.009051448316313326 0 1 0
8 8 - 23 - 0.011606443673372269 0.009796274651307613 0 0 2
8 8 - 24 - 0.006491864662772666 0.004764050982582073 0 0 2
8 8 - 25 - 0.011331542026406774 0.008875511315030355 0 1 0
8 8 - 26 - 0.012358900004376968 0.008940797648392618 0 1 0
8 8 - 27 - 0.012644941996162137 0.009850242990069091 0 0 2
8 8 - 28 - 0.012730709975585341 0.010036625996387254 0 0 2
8 8 - 29 - 0.010267804997662704 0.007551223350067933 0 0 2
8 8 - 30 - 0.013577207670702288 0.01091672332646946 0 1 0
8 8 - 31 - 0.013983590004500002 0.012043739998868357 0 0 2
8 8 - 32 - 0.006496455015925069 0.004654558297867576 0 0 2
8 8 - 33 - 0.007556113647297025 0.0058347503654658794 0 0 2
8 8 - 34 - 0.009834122300768891 0.008025367356215915 0 0 2
8 8 - 35 - 0.005064393354890247 0.003355194018998494 0 0 2
8 8 - 36 - 0.011540737662774822 0.009594287315849215 0 0 2
8 8 - 37 - 0.008057332985724011 0.006087545654736459 0 0 2
8 8 - 38 - 0.011476010006542007 0.009496641015478719 0 0 2
8 8 - 39 - 0.015944782683315374 0.013325641339179128 0 1 0
8 8 - 40 - 0.006376993318554014 0.0038175993249751627 0 1 0
8 8 - 41 - 0.005963859652789931 0.003202563636781027 0 1 0
8 8 - 42 - 0.007796647007732341 0.005655962643989672 0 1 0
8 8 - 43 - 0.016065955996358145 0.014249287991939733 0 0 2
8 8 - 44 - 0.009772362691971162 0.007964642369188368 0 0 2
8 8 - 45 - 0.007867960007085156 0.006188488371359805 0 0 2
8 8 - 46 - 0.018546018982306123 0.015442105631033579 0 1 0
8 8 - 47 - 0.006264208330928038 0.004468136661065121 0 0 2
8 8 - 48 - 0.007905504006582001 0.006129755677344899 0 0 2
8 8 - 49 - 0.007536935018530737 0.004967997005830209 0 1 0
8 8 - 50 - 0.01590447067671145 0.01395233035630857 0 0 2
8 8 - 51 - 0.014102614329506952 0.012253392662387341 0 0 2
8 8 - 52 - 0.018847635326286156 0.01692359067965299 0 0 2
8 8 - 53 - 0.013872767332941294 0.010675459324071806 0 1 0
8 8 - 54 - 0.007941791011641422 0.006181292313461503 0 0 2
8 8 - 55 - 0.007567323336843401 0.005832468683365732 0 0 2
8 8 - 56 - 0.007888981354578089 0.005991222686134279 0 0 2
8 8 - 57 - 0.01394433033419773 0.012050734968700757 0 0 2
8 8 - 58 - 0.013323880654449264 0.010772926344846685 0 1 0
8 8 - 59 - 0.011475995008368045 0.00968809932237491 0 0 2
8 8 - 60 - 0.016009666355481993 0.013982748341125745 0 0 2
8 8 - 61 - 0.011398574026922386 0.00895962534317126 0 1 0
8 8 - 62 - 0.007999413336316746 0.005711814699073632 0 1 0
8 8 - 63 - 0.009636813018005341 0.007854001344336819 0 0 2
8 8 - 64 - 0.01614570900953064 0.014299141980397206 0 0 2
8 8 - 65 - 0.011676566675305367 0.009622995993898561 0 0 2
8 8 - 66 - 0.008051249994120251 0.006049890672632803 0 0 2
8 8 - 67 - 0.015621568658389151 0.013117894976555059 0 1 0
8 8 - 68 - 0.011454183647098642 0.00960991702352961 0 0 2
8 8 - 69 - 0.011401234660297632 0.00941390466565887 0 0 2
8 8 - 70 - 0.009763966333897164 0.0072455986713369685 0 1 0
8 8 - 71 - 0.011770179980279257 0.009287561367576322 0 1 0
8 8 - 72 - 0.011497433006297797 0.009740336332470179 0 0 2
8 8 - 73 - 0.013760637666564435 0.010833229306930054 0 1 0
8 8 - 74 - 0.006375463349589457 0.003830879325202356 0 1 0
8 8 - 75 - 0.009882260327382634 0.0064741796619879706 0 1 0
8 8 - 76 - 0.014039252302609384 0.0119221550024425 0 0 2
8 8 - 77 - 0.01406048733042553 0.012141512997914106 0 0 2
8 8 - 78 - 0.007794138994844009 0.00517015599568064 0 1 0
8 8 - 79 - 0.00405517901526764 0.002324663335457444 0 0 2
8 8 - 80 - 0.01832930000576501 0.016516878677066416 0 0 2
8 8 - 81 - 0.009554633657292774 0.007811163668520749 0 0 2
8 8 - 82 - 0.007247001010303697 0.004704710309548925 0 0 2
8 8 - 83 - 0.007810334345170607 0.005738832987844944 0 1 0
8 8 - 84 - 0.007919776331012447 0.006092699011787772 0 0 2
8 8 - 85 - 0.012033624671554813 0.009433296353866657 0 0 2
8 8 - 86 - 0.009510076003304373 0.007180099006897459 0 1 0
8 8 - 87 - 0.007894565002061427 0.005694607292146733 0 1 0
8 8 - 88 - 0.009763466000246504 0.00795630565456425 0 0 2
8 8 - 89 - 0.011160911332505444 0.009403233979052553 0 0 2
8 8 - 90 - 0.01358894664250935 0.011876477297240248 0 0 2
8 8 - 91 - 0.008901459009697039 0.005751328659243882 0 1 0
8 8 - 92 - 0.011058748660919566 0.00933482664792488 0 0 2
8 8 - 93 - 0.005759298335760832 0.003309922661477079 0 0 2
8 8 - 94 - 0.013763529636586707 0.011137817656466117 0 1 0
8 8 - 95 - 0.013840904013098527 0.0120401336850288 0 0 2
8 8 - 96 - 0.006786812698313345 0.0048729670234024525 0 0 2
8 8 - 97 - 0.010546231351327151 0.00801313699533542 0 0 2
8 8 - 98 - 0.013760177011135966 0.011860594347429773 0 0 2
8 8 - 99 - 0.009378683675701419 0.0076543983110847575 0 0 2
16 1 - 0 - 0.04198812732162575 0.04013257002225146 0 1 0
16 1 - 1 - 0.013654283985185126 0.01169362732131655 0 1 0
16 1 - 2 - 0.033755652354254075 0.030081464365745585 0 1 0
16 1 - 3 - 0.03454898101820921 0.033058718021493405 0 0 2
16 1 - 4 - 0.03767735534347594 0.033538155005468674 0 1 0
16 1 - 5 - 0.02408004868387555 0.021766432696798194 0 1 0
16 1 - 6 - 0.039114884314282485 0.03836795798270032 0 0 2
16 1 - 7 - 0.04034951831757402 0.037619923610085 0 0 2
16 1 - 8 - 0.03246566402958706 0.029684335672451805 0 0 2
16 1 - 9 - 0.02406421967316419 0.022125495364889503 0 1 0
16 1 - 10 - 0.023528694660247613 0.020248794307311375 0 1 0
16 1 - 11 - 0.024546348004757114 0.0227350463392213 0 0 2
16 1 - 12 - 0.02073893864871934 0.018743649028086413 0 1 0
16 1 - 13 - 0.043464041664265096 0.04149840366638576 0 0 2
16 1 - 14 - 0.03172811466113975 0.02920621063094586 0 1 0
16 1 - 15 - 0.03086209597919757 0.02877155099607383 0 0 2
16 1 - 16 - 0.031233955659748364 0.029630739358253777 0 0 2
16 1 - 17 - 0.034687971657452486 0.03237961597430209 0 1 0
16 1 - 18 - 0.02771466630899037 0.025122634348614763 0 1 0
16 1 - 19 - 0.03031118433379258 0.0265495273245809 0 1 0
16 1 - 20 - 0.04820662199441965 0.04582372003157313 0 0 2
16 1 - 21 - 0.048338903657471136 0.04508358533106123 0 0 2
16 1 - 22 - 0.028306091340103496 0.02545303269289434 0 1 0
16 1 - 23 - 0.03090932732447982 0.028650707371222477 0 1 0
16 1 - 24 - 0.018285898006676383 0.016331857671805967 0 0 2
16 1 - 25 - 0.031148621327398967 0.02920426201308146 0 0 2
16 1 - 26 - 0.011667496990412474 0.009691674301090341 0 1 0
16 1 - 27 - 0.024514766002539545 0.022372723983911175 0 1 0
16 1 - 28 - 0.03508038100941727 0.03311122736583153 0 0 2
16 1 - 29 - 0.03296899733444055 0.02684295765357092 0 1 0
16 1 - 30 - 0.027692991658113897 0.025330383020142715 0 0 2
16 1 - 31 - 0.03442992836547394 0.03199993702583015 0 0 2
16 1 - 32 - 0.03985972799515972 0.03745147933174545 0 1 0
16 1 - 33 - 0.018590555312888075 0.01661518569259594 0 0 2
16 1 - 34 - 0.037802275677677244 0.033885574666783214 0 1 0
16 1 - 35 - 0.03098239068640396 0.028546355024445802 0 1 0
16 1 - 36 - 0.021062526328023523 0.019220918358769268 0 0 2
16 1 - 37 - 0.03047789167612791 0.027108880962866046 0 1 0
16 1 - 38 - 0.034987677684209 0.032441459343923874 0 0 2
16 1 - 39 - 0.024402009633680187 0.021191177986717474 0 1 0
16 1 - 40 - 0.011475639999844134 0.009771228670918692 0 0 2
16 1 - 41 - 0.03906502599905555 0.03503833033998186 0 1 0
16 1 - 42 - 0.02155568202336629 0.01941061134372527 0 1 0
16 1 - 43 - 0.05141708567195261 0.04705453033481414 0 1 0
16 1 - 44 - 0.04718982067424804 0.04471814333616445 0 1 0
16 1 - 45 - 0.024367395342172433 0.02256931969895959 0 0 2
16 1 - 46 - 0.03173986135516316 0.02912615165890505 0 0 2
16 1 - 47 - 0.015846646992334477 0.0138516936567612 0 1 0
16 1 - 48 - 0.03134905131688962 0.028944069345016032 0 1 0
16 1 - 49 - 0.021367905001776915 0.01936186463960136 0 1 0
16 1 - 50 - 0.018187543687721092 0.016240469956149656 0 1 0
16 1 - 51 - 0.04340359731577337 0.04331078066024929 0 0 2
16 1 - 52 - 0.027382077649235725 0.02614438698704665 0 0 2
16 1 - 53 - 0.018659454324127484 0.016730423977908988 0 1 0
16 1 - 54 - 0.03121579331733907 0.02900469264325996 0 1 0
16 1 - 55 - 0.03452462134494757 0.032317436998710036 0 0 2
16 1 - 56 - 0.023953067682062585 0.02108486167465647 0 1 0
16 1 - 57 - 0.02505538265298431 0.02186032567018022 0 1 0
16 1 - 58 - 0.03730275532385955 0.033563536029153816 0 1 0
16 1 - 59 - 0.038555381664385394 0.03465582766026879 0 1 0
16 1 - 60 - 0.042111829990365855 0.039638652019978814 0 1 0
16 1 - 61 - 0.03471779534205173 0.032737045005584754 0 0 2
16 1 - 62 - 0.04313819533369193 0.041014732695960746 0 0 2
16 1 - 63 - 0.027443923347163945 0.025452950678300112 0 0 2
16 1 - 64 - 0.0282059513265267 0.02554254132943849 0 0 2
16 1 - 65 - 0.030421632322637986 0.026980956686505426 0 1 0
16 1 - 66 - 0.03544220402060697 0.0327095416529725 0 0 2
16 1 - 67 - 0.04255194397410378 0.040376221702899784 0 1 0
16 1 - 68 - 0.027922164377135534 0.025583304328999173 0 1 0
16 1 - 69 - 0.016150325323299818 0.01418336866966759 0 0 2
16 1 - 70 - 0.018712437343007576 0.016539940959773958 0 1 0
16 1 - 71 - 0.05184722067012141 0.04975692363223061 0 0 2
16 1 - 72 - 0.05820061536117767 0.055514593375846744 0 0 2
16 1 - 73 - 0.02478493268912037 0.022781993650520842 0 0 2
16 1 - 74 - 0.027279238992681105 0.023878670996055007 0 1 0
16 1 - 75 - 0.013624550367239863 0.01174581068335101 0 1 0
16 1 - 76 - 0.03845692699542269 0.03620366767669717 0 1 0
16 1 - 77 - 0.039733913668897 0.03639595231895025 0 0 2
16 1 - 78 - 0.03512716900634889 0.032568364016090826 0 1 0
16 1 - 79 - 0.031187594305568684 0.02857373134853939 0 1 0
16 1 - 80 - 0.039504986993658044 0.037881441026305154 0 1 0
16 1 - 81 - 0.037795863327725485 0.03380127095927795 0 1 0
16 1 - 82 - 0.04643349630835776 0.042686731360542275 0 1 0
16 1 - 83 - 0.028100464687061805 0.02560925130577137 0 0 2
16 1 - 84 - 0.03521869636218374 0.03076646467282747 0 1 0
16 1 - 85 - 0.047808369990283005 0.045346528970791646 0 0 2
16 1 - 86 - 0.027836355652349692 0.025242994636452448 0 1 0
16 1 - 87 - 0.024102024675812572 0.02061482600402087 0 1 0
16 1 - 88 - 0.051793500334800534 0.050134455338896565 0 0 2
16 1 - 89 - 0.05106032032441969 0.048419613973237574 0 1 0
16 1 - 90 - 0.03464821332211917 0.03266147867543623 0 0 2
16 1 - 91 - 0.03453931534507622 0.03313854134952028 0 1 0
16 1 - 92 - 0.02433864667546004 0.021153063299910478 0 1 0
16 1 - 93 - 0.05270527733955532 0.05002068268368021 0 0 2
16 1 - 94 - 0.039756747001471616 0.037151893988872565 0 0 2
16 1 - 95 - 0.028297121985815465 0.025423935633928824 0 0 2
16 1 - 96 - 0.030990815663244575 0.028562017347818863 0 1 0
16 1 - 97 - 0.03830751165514812 0.036621096660383046 0 0 2
16 1 - 98 - 0.043980546664291374 0.041684584672717996 0 0 2
16 1 - 99 - 0.06457419602277999 0.06269891831713419 0 0 2
16 2 - 0 - 0.04212935734540224 0.039962873658320554 0 1 0
16 2 - 1 - 0.014207478690271577 0.012331282370723784 0 0 2
16 2 - 2 - 0.03404304767415548 0.030534037311250966 0 1 0
16 2 - 3 - 0.03451980068348348 0.03274111767920355 0 0 2
16 2 - 4 - 0.03772019930571938 0.03381175567240764 0 1 0
16 2 - 5 - 0.02440336367969091 0.022313680693817634 0 1 0
16 2 - 6 - 0.03918054701838022 0.03722940266986067 0 0 2
16 2 - 7 - 0.0398025456815958 0.03784316669528683 0 0 2
16 2 - 8 - 0.03148084667433674 0.029596158982409786 0 0 2
16 2 - 9 - 0.024073246653036527 0.02186140864311407 0 1 0
16 2 - 10 - 0.02361498699368288 0.020555234358956415 0 1 0
16 2 - 11 - 0.025064851661833625 0.023683247331064194 0 0 2
16 2 - 12 - 0.021112809656187892 0.018830608324302982 0 1 0
16 2 - 13 - 0.043978125671856105 0.04196718664995084 0 0 2
16 2 - 14 - 0.03198476966160039 0.029598969015448045 0 0 2
16 2 - 15 - 0.030613064649514854 0.028526096003285296 0 0 2
16 2 - 16 - 0.0319909446601135 0.029374963642718892 0 0 2
16 2 - 17 - 0.034567140333820134 0.03302959965852399 0 0 2
16 2 - 18 - 0.027432607661467046 0.024850323369416095 0 1 0
16 2 - 19 - 0.031188007968012244 0.02711754631794368 0 1 0
16 2 - 20 - 0.0484630186498786 0.045838526682928205 0 0 2
16 2 - 21 - 0.047114306342943266 0.044984611022907 0 0 2
16 2 - 22 - 0.02764941699570045 0.02561503965019559 0 0 2
16 2 - 23 - 0.031401419992713876 0.029415963663874816 0 0 2
16 2 - 24 - 0.018400636676233262 0.01668428670382127 0 0 2
16 2 - 25 - 0.032568131010824196 0.0300223869853653 0 0 2
16 2 - 26 - 0.011542632302735 0.009884659006881217 0 0 2
16 2 - 27 - 0.02454256600079437 0.02264734929970776 0 1 0
16 2 - 28 - 0.03494818264152855 0.033360901327493295 0 0 2
16 2 - 29 - 0.03160135531409954 0.027319954009726644 0 1 0
16 2 - 30 - 0.028152789338491857 0.026144269989648212 0 0 2
16 2 - 31 - 0.03565869767529269 0.032749054643015064 0 0 2
16 2 - 32 - 0.04092566199445476 0.037994740006979555 0 0 2
16 2 - 33 - 0.0186784413526766 0.016722979315090925 0 0 2
16 2 - 34 - 0.03829272465857988 0.03382816835073754 0 1 0
16 2 - 35 - 0.030610600661020726 0.028989141011455406 0 0 2
16 2 - 36 - 0.02118974132463336 0.01915893404899786 0 0 2
16 2 - 37 - 0.031952054996509105 0.027255258697550744 0 1 0
16 2 - 38 - 0.03436587401665747 0.03252435332008948 0 0 2
16 2 - 39 - 0.024934399310344208 0.021153697685804218 0 1 0
16 2 - 40 - 0.011563008010853082 0.009681013005319983 0 0 2
16 2 - 41 - 0.039546040003187954 0.03488078368051599 0 1 0
16 2 - 42 - 0.02110707633740579 0.01924577064346522 0 0 2
16 2 - 43 - 0.05154957998699198 0.046817087316109486 0 1 0
16 2 - 44 - 0.04807497099197159 0.045681641631138824 0 0 2
16 2 - 45 - 0.02450062334537506 0.02272452734177932 0 0 2
16 2 - 46 - 0.032104076992254704 0.028923693345859647 0 0 2
16 2 - 47 - 0.015938894338129707 0.01404994202312082 0 1 0
16 2 - 48 - 0.032742439361754805 0.029415341967251152 0 1 0
16 2 - 49 - 0.02216225932352245 0.019148387014865875 0 1 0
16 2 - 50 - 0.01864767532485227 0.016265026992186904 0 1 0
16 2 - 51 - 0.043753063306212425 0.0418870520273534 0 0 2
16 2 - 52 - 0.027422820004479338 0.025551781698595732 0 0 2
16 2 - 53 - 0.018577519338577986 0.01662578833444665 0 1 0
16 2 - 54 - 0.03115790432396655 0.028924232018956293 0 1 0
16 2 - 55 - 0.034577506982410945 0.03278073402664935 0 0 2
16 2 - 56 - 0.02489646898660188 0.0210122403029042 0 1 0
16 2 - 57 - 0.024265906346651416 0.02222903901323055 0 0 2
16 2 - 58 - 0.03820268398461242 0.033888471991910286 0 1 0
16 2 - 59 - 0.03973505498530964 0.03494071832392365 0 1 0
16 2 - 60 - 0.04192271500748272 0.03932481767454495 0 1 0
16 2 - 61 - 0.03539399732835591 0.03300183598184958 0 0 2
16 2 - 62 - 0.043442495012034975 0.04125368498110523 0 0 2
16 2 - 63 - 0.027555543347261846 0.025580544005303334 0 0 2
16 2 - 64 - 0.027990343999893714 0.02577649898982296 0 0 2
16 2 - 65 - 0.030568886684098594 0.02693572834444543 0 1 0
16 2 - 66 - 0.03522537999864046 0.03321663765624786 0 0 2
16 2 - 67 - 0.04246895601196835 0.0404831266690356 0 0 2
16 2 - 68 - 0.027514320332556963 0.025339394671997674 0 1 0
16 2 - 69 - 0.017105596663895994 0.014250482354934016 0 0 2
16 2 - 70 - 0.01880734832957387 0.016958002660733957 0 0 2
16 2 - 71 - 0.05222491334037234 0.049908298979668565 0 0 2
16 2 - 72 - 0.057622362316275634 0.055791271675843745 0 0 2
16 2 - 73 - 0.024438230670057237 0.022638384310994297 0 0 2
16 2 - 74 - 0.027456961028898757 0.023991988001701735 0 1 0
16 2 - 75 - 0.013646552669039618 0.011857247368122142 0 0 2
16 2 - 76 - 0.038518229635277144 0.03647813301843902 0 1 0
16 2 - 77 - 0.03924929699860513 0.03863678267225623 0 0 2
16 2 - 78 - 0.03536601199690873 0.03280051630766442 0 0 2
16 2 - 79 - 0.03065982135012746 0.028572703323637445 0 0 2
16 2 - 80 - 0.04031014799450835 0.03780814200096453 0 0 2
16 2 - 81 - 0.03791075467597693 0.03408909301894406 0 1 0
16 2 - 82 - 0.047060248344981424 0.042247631664698325 0 1 0
16 2 - 83 - 0.027862379657259833 0.026237767655402422 0 0 2
16 2 - 84 - 0.03398437132515634 0.030283787675822776 0 1 0
16 2 - 85 - 0.047574869667490326 0.04622253632017722 0 0 2
16 2 - 86 - 0.02727491166054582 0.025389411680710815 0 1 0
16 2 - 87 - 0.023883788322564214 0.02072900898444156 0 1 0
16 2 - 88 - 0.05208939265382166 0.050538737016419574 0 0 2
16 2 - 89 - 0.05207037698710337 0.04858549569811051 0 1 0
16 2 - 90 - 0.03541702631628141 0.03327395532202596 0 0 2
16 2 - 91 - 0.03506944834953174 0.03340243334726741 0 0 2
16 2 - 92 - 0.02531426167115569 0.02124855628547569 0 1 0
16 2 - 93 - 0.05356060135333488 0.051616293649810054 0 0 2
16 2 - 94 - 0.038823530660010874 0.03755035967333242 0 0 2
16 2 - 95 - 0.027133584352365382 0.027215764644400526 0 0 2
16 2 - 96 - 0.03163541500301411 0.028480846299013745 0 1 0
16 2 - 97 - 0.039089642329296716 0.037228003706938274 0 0 2
16 2 - 98 - 0.043566717009525746 0.040747950629641615 0 0 2
16 2 - 99 - 0.06618878033865865 0.062019096648631 0 0 2
16 4 - 0 - 0.04310066132651021 0.0407605166741026 0 0 2
16 4 - 1 - 0.013736775998647015 0.011872720691220215 0 0 2
16 4 - 2 - 0.035112348346350096 0.030226621330560494 0 1 0
16 4 - 3 - 0.034759035683237016 0.03298465601013352 0 0 2
16 4 - 4 - 0.03843617534342532 0.03426650767990698 0 1 0
16 4 - 5 - 0.025534353665231418 0.02269948066289847 0 0 2
16 4 - 6 - 0.03927644497404496 0.037707921680218234 0 0 2
16 4 - 7 - 0.03907754132524133 0.03712048501862834 0 0 2
16 4 - 8 - 0.03111102400968472 0.029515687686701614 0 0 2
16 4 - 9 - 0.024734687021312617 0.022732517682015896 0 0 2
16 4 - 10 - 0.023651010647881776 0.020322683674748987 0 1 0
16 4 - 11 - 0.02420462799879412 0.02262162529708197 0 0 2
16 4 - 12 - 0.021225528015444677 0.019312221673317254 0 0 2
16 4 - 13 - 0.043285201342465975 0.04138914831370736 0 0 2
16 4 - 14 - 0.03312747865372027 0.031057315684544545 0 0 2
16 4 - 15 - 0.03206387965474278 0.029635690346670646 0 0 2
16 4 - 16 - 0.031691002989343055 0.02982528298161924 0 0 2
16 4 - 17 - 0.034557187328270324 0.03312662364138911 0 0 2
16 4 - 18 - 0.02706569400227939 0.025252007976329573 0 0 2
16 4 - 19 - 0.030495028341344245 0.02685286502431457 0 1 0
16 4 - 20 - 0.048551718335753925 0.04681318730581552 0 0 2
16 4 - 21 - 0.04676612666420018 0.045448250001451626 0 0 2
16 4 - 22 - 0.028057197341695428 0.02587184930841128 0 0 2
16 4 - 23 - 0.03163228866954645 0.02943236167387416 0 0 2
16 4 - 24 - 0.018607727329557143 0.01683532795868814 0 0 2
16 4 - 25 - 0.031939267665923886 0.02949790332543974 0 0 2
16 4 - 26 - 0.011608673667069525 0.00988130698290964 0 0 2
16 4 - 27 - 0.02451463567558676 0.02286572401256611 0 0 2
16 4 - 28 - 0.03527980134822428 0.03377947335441907 0 0 2
16 4 - 29 - 0.031578107348953686 0.027087573000850775 0 1 0
16 4 - 30 - 0.027448049668843545 0.025960345325681068 0 0 2
16 4 - 31 - 0.03430539932257185 0.03240158401119212 0 0 2
16 4 - 32 - 0.03918334667105228 0.037667896695590265 0 0 2
16 4 - 33 - 0.018630815010207396 0.01697821633812661 0 0 2
16 4 - 34 - 0.0380710763274692 0.03363351801332708 0 1 0
16 4 - 35 - 0.030598121345974505 0.028957849310245365 0 0 2
16 4 - 36 - 0.021001861003848415 0.01892391204213103 0 0 2
16 4 - 37 - 0.03099626467640822 0.029513133340515196 0 1 0
16 4 - 38 - 0.03479777631582692 0.03251100329604621 0 0 2
16 4 - 39 - 0.02476877333053077 0.021525599334078528 0 1 0
16 4 - 40 - 0.011565323996668061 0.00988228601636365 0 0 2
16 4 - 41 - 0.03904240297075982 0.035211433307267725 0 1 0
16 4 - 42 - 0.02132276666816324 0.019492891306678455 0 0 2
16 4 - 43 - 0.051450415320384 0.046206988665896155 0 1 0
16 4 - 44 - 0.04937645798781887 0.046264771333274744 0 0 2
16 4 - 45 - 0.025218967328934618 0.023083693988155574 0 0 2
16 4 - 46 - 0.031303601688705385 0.02956853964133188 0 0 2
16 4 - 47 - 0.01620581034027661 0.014114460325799882 0 0 2
16 4 - 48 - 0.03344829033206528 0.03071527767072742 0 0 2
16 4 - 49 - 0.021582163986749947 0.019686883334846545 0 0 2
16 4 - 50 - 0.0183822336839512 0.016509314669140927 0 0 2
16 4 - 51 - 0.04596384502171228 0.0425100569652083 0 0 2
16 4 - 52 - 0.027676698984578252 0.026122143666725606 0 0 2
16 4 - 53 - 0.019635172696628917 0.01689073466695845 0 0 2
16 4 - 54 - 0.031296367989853024 0.028621503345978756 0 0 2
16 4 - 55 - 0.03484428099667032 0.03303869202500209 0 0 2
16 4 - 56 - 0.024101048009470105 0.021000031362442922 0 1 0
16 4 - 57 - 0.024053829663898796 0.02227904665051028 0 0 2
16 4 - 58 - 0.0383235733412827 0.033626667980570346 0 1 0
16 4 - 59 - 0.03883625466066102 0.03492746998866399 0 1 0
16 4 - 60 - 0.04319043168410038 0.040282900658591345 0 0 2
16 4 - 61 - 0.03517020866274834 0.03286372233803074 0 0 2
16 4 - 62 - 0.043525401677470654 0.04160190398882454 0 0 2
16 4 - 63 - 0.028697521658614278 0.026029526663478464 0 0 2
16 4 - 64 - 0.02865175534194956 0.025970832638752956 0 0 2
16 4 - 65 - 0.031037002006390445 0.0273900573180678 0 1 0
16 4 - 66 - 0.034998696666055665 0.033128962658035256 0 0 2
16 4 - 67 - 0.04360252832217763 0.0408057196958301 0 0 2
16 4 - 68 - 0.028042422335905332 0.025431573352155585 0 1 0
16 4 - 69 - 0.01604055832528199 0.014124191695979485 0 0 2
16 4 - 70 - 0.019029554988568027 0.017135383328422904 0 0 2
16 4 - 71 - 0.05289131234167144 0.05047405099806686 0 0 2
16 4 - 72 - 0.0581271579915968 0.055356846986493714 0 0 2
16 4 - 73 - 0.024495798357141513 0.022578063323938597 0 0 2
16 4 - 74 - 0.02733525965595618 0.024065889340514936 0 1 0
16 4 - 75 - 0.013414982337659845 0.01169076367902259 0 0 2
16 4 - 76 - 0.03896409566126143 0.0372660846527045 0 0 2
16 4 - 77 - 0.03933451932001238 0.036740738297036536 0 0 2
16 4 - 78 - 0.03489958467738082 0.03284916434980308 0 0 2
16 4 - 79 - 0.030386707338038832 0.028813534629686426 0 0 2
16 4 - 80 - 0.04154243397836884 0.03768641631662225 0 0 2
16 4 - 81 - 0.037983380684939526 0.03406638964467372 0 1 0
16 4 - 82 - 0.046783135020329304 0.042056402346740164 0 1 0
16 4 - 83 - 0.028650889328370493 0.02643621697401007 0 0 2
16 4 - 84 - 0.03524063766235486 0.030616903017895918 0 1 0
16 4 - 85 - 0.04777850167981038 0.04591336803666005 0 0 2
16 4 - 86 - 0.027734896012892325 0.026020670658908784 0 0 2
16 4 - 87 - 0.024486415670253336 0.02078520366922021 0 1 0
16 4 - 88 - 0.052305222333719335 0.05043133464641869 0 0 2
16 4 - 89 - 0.05306247033877298 0.05007982133732487 0 0 2
16 4 - 90 - 0.03515134965224813 0.033375636965502053 0 0 2
16 4 - 91 - 0.035414517663108804 0.033649443318912134 0 0 2
16 4 - 92 - 0.02474459435325116 0.021332194989857577 0 1 0
16 4 - 93 - 0.052398435674452536 0.05129872735900184 0 0 2
16 4 - 94 - 0.039450338013314955 0.03752181801246479 0 0 2
16 4 - 95 - 0.028132077985598393 0.025781999012300123 0 0 2
16 4 - 96 - 0.031176187660700332 0.029396391337892663 0 0 2
16 4 - 97 - 0.03843851234220589 0.03761797336240609 0 0 2
16 4 - 98 - 0.044241958317191646 0.04298505532400061 0 0 2
16 4 - 99 - 0.06455125801342851 0.06163698869446913 0 0 2
16 8 - 0 - 0.04281611699843779 0.04086122267957156 0 0 2
16 8 - 1 - 0.014192732303248098 0.01215550466440618 0 0 2
16 8 - 2 - 0.034052592663404845 0.030126910346249737 0 1 0
16 8 - 3 - 0.03492026098926242 0.03306296836429586 0 0 2
16 8 - 4 - 0.039860575673325606 0.03500812095201885 0 1 0
16 8 - 5 - 0.02431515334562088 0.022811395678824436 0 0 2
16 8 - 6 - 0.039527469353439905 0.03760236771389221 0 0 2
16 8 - 7 - 0.039302917663007975 0.037767894992915295 0 0 2
16 8 - 8 - 0.031411052332259715 0.02943812766655659 0 0 2
16 8 - 9 - 0.024350258017269272 0.022443646332249045 0 0 2
16 8 - 10 - 0.02382911031600088 0.020537802018225193 0 1 0
16 8 - 11 - 0.024310243005553882 0.022268427691111963 0 0 2
16 8 - 12 - 0.021703648342130084 0.01927338503689195 0 0 2
16 8 - 13 - 0.043158155652539186 0.04132678732275963 0 0 2
16 8 - 14 - 0.03142348298570141 0.02946063069005807 0 0 2
16 8 - 15 - 0.030985028327753145 0.029103398982745905 0 0 2
16 8 - 16 - 0.03109577400997902 0.029468373996981732 0 0 2
16 8 - 17 - 0.035830681988348566 0.032871844014152884 0 0 2
16 8 - 18 - 0.027476388340195022 0.027211824664846063 0 0 2
16 8 - 19 - 0.03169093799078837 0.026582923678991694 0 1 0
16 8 - 20 - 0.04727800301043317 0.04623407234127323 0 0 2
16 8 - 21 - 0.04752920932757358 0.04520556328740592 0 0 2
16 8 - 22 - 0.028116413663762312 0.025840553338639438 0 0 2
16 8 - 23 - 0.03137002400277803 0.02945541002554819 0 0 2
16 8 - 24 - 0.018713901343289763 0.016917039640247822 0 0 2
16 8 - 25 - 0.03143333432187016 0.029394818334064134 0 0 2
16 8 - 26 - 0.011834534001536667 0.009818494009474914 0 0 2
16 8 - 27 - 0.024782086683747668 0.023090126342140138 0 0 2
16 8 - 28 - 0.036022668005898595 0.03355699696112424 0 0 2
16 8 - 29 - 0.03058868400209273 0.027244005313453577 0 1 0
16 8 - 30 - 0.02778860501712188 0.026056455661697935 0 0 2
16 8 - 31 - 0.03410525431778903 0.032345654345893614 0 0 2
16 8 - 32 - 0.038999657010814794 0.03745439933845773 0 0 2
16 8 - 33 - 0.019441978656686842 0.016735816995302834 0 0 2
16 8 - 34 - 0.038485205014391496 0.034117533650714904 0 1 0
16 8 - 35 - 0.03159667268240203 0.02928242300792287 0 0 2
16 8 - 36 - 0.021281437346866976 0.01942268933635205 0 0 2
16 8 - 37 - 0.030764492325639974 0.027278799660659086 0 1 0
16 8 - 38 - 0.034183449674552925 0.03243205335456878 0 0 2
16 8 - 39 - 0.024835020672374714 0.021352589673673112 0 1 0
16 8 - 40 - 0.01139160831614087 0.009666646015830338 0 0 2
16 8 - 41 - 0.040322558663319796 0.034687479317653924 0 1 0
16 8 - 42 - 0.021834818665714312 0.019713198669099558 0 0 2
16 8 - 43 - 0.05184744897997007 0.04684531335563709 0 1 0
16 8 - 44 - 0.04810481966705993 0.04614964300223316 0 0 2
16 8 - 45 - 0.024705724344433595 0.02272927064526205 0 0 2
16 8 - 46 - 0.031285084007928766 0.02918081034052496 0 0 2
16 8 - 47 - 0.016035874335405726 0.014280583709478378 0 0 2
16 8 - 48 - 0.03160769566117475 0.029791487012213718 0 0 2
16 8 - 49 - 0.021270581327068307 0.01948511068864415 0 0 2
16 8 - 50 - 0.019235112335688122 0.016632367662775017 0 0 2
16 8 - 51 - 0.04492436502672111 0.04208771100578209 0 0 2
16 8 - 52 - 0.027554058334014066 0.026038961640248694 0 0 2
16 8 - 53 - 0.019006285680613168 0.017100008320994675 0 0 2
16 8 - 54 - 0.03045974235283211 0.028611311689019203 0 0 2
16 8 - 55 - 0.03471011633519083 0.03266608499689028 0 0 2
16 8 - 56 - 0.024426677982167654 0.02081942434112231 0 1 0
16 8 - 57 - 0.025027641328051686 0.022415073006413877 0 0 2
16 8 - 58 - 0.03878145098375778 0.03410887663873534 0 1 0
16 8 - 59 - 0.039141641987953335 0.03450587766322617 0 1 0
16 8 - 60 - 0.042217008653096855 0.040642314027839646 0 0 2
16 8 - 61 - 0.035008353006560355 0.03274326333000014 0 0 2
16 8 - 62 - 0.043980019652129464 0.041263334006847195 0 0 2
16 8 - 63 - 0.02764144966689249 0.025837427024574332 0 0 2
16 8 - 64 - 0.02765900403028354 0.0257022013150466 0 0 2
16 8 - 65 - 0.03063540733031308 0.02686289098346606 0 1 0
16 8 - 66 - 0.035440086328890175 0.033363969007041305 0 0 2
16 8 - 67 - 0.042597515314506985 0.04057867336086929 0 0 2
16 8 - 68 - 0.027420215657912195 0.02539874797609324 0 0 2
16 8 - 69 - 0.016273914331880707 0.014438938970367113 0 0 2
16 8 - 70 - 0.018794547669434298 0.017026433313731104 0 0 2
16 8 - 71 - 0.05270776432007551 0.05165992902281384 0 0 2
16 8 - 72 - 0.057855768323255084 0.05529288303417464 0 0 2
16 8 - 73 - 0.024677067024943728 0.022634198675708223 0 0 2
16 8 - 74 - 0.027258301638842873 0.024076158297248185 0 1 0
16 8 - 75 - 0.013554849351445833 0.011813848997311045 0 0 2
16 8 - 76 - 0.03879052769237508 0.03716616668195153 0 0 2
16 8 - 77 - 0.03828896232880652 0.03637646703282371 0 0 2
16 8 - 78 - 0.03526964700237537 0.03346415634344642 0 0 2
16 8 - 79 - 0.031160223996266723 0.029295275647503633 0 0 2
16 8 - 80 - 0.03929239701634894 0.037351818658256285 0 0 2
16 8 - 81 - 0.03847026101235921 0.034385222650598735 0 1 0
16 8 - 82 - 0.047258461689731725 0.04397003568010405 0 1 0
16 8 - 83 - 0.02799669267066444 0.02614534234938522 0 0 2
16 8 - 84 - 0.03465967299416661 0.030367106703730922 0 1 0
16 8 - 85 - 0.049380483998296164 0.04587705270387232 0 0 2
16 8 - 86 - 0.02863892598543316 0.025604237996352214 0 0 2
16 8 - 87 - 0.024733755989776302 0.021004296975055087 0 1 0
16 8 - 88 - 0.052280837650566056 0.04986040699683751 0 0 2
16 8 - 89 - 0.052147443348076195 0.049366683000698686 0 0 2
16 8 - 90 - 0.03510259833031645 0.03315105203849574 0 0 2
16 8 - 91 - 0.0365309746703133 0.03349602168115477 0 0 2
16 8 - 92 - 0.024083233011576038 0.021134212710118543 0 1 0
16 8 - 93 - 0.0532006163460513 0.05101965936288859 0 0 2
16 8 - 94 - 0.03983021300518885 0.0372937160039631 0 0 2
16 8 - 95 - 0.027135646669194102 0.02540021932994326 0 0 2
16 8 - 96 - 0.030734843690879643 0.02895136367684851 0 0 2
16 8 - 97 - 0.0390932133498912 0.03748991530543814 0 0 2
16 8 - 98 - 0.04322637567141404 0.04108158638700843 0 0 2
16 8 - 99 - 0.06610405035704994 0.06172041833633557 0 0 2
32 1 - 0 - 0.12828231333211687 0.12595945334760472 0 0 2
32 1 - 1 - 0.11199255766890322 0.11129319696919993 0 1 0
32 1 - 2 - 0.13615244132233784 0.13171954967159158 0 1 0
32 1 - 3 - 0.11795226335137461 0.11577812167039761 0 0 2
32 1 - 4 - 0.11700931534869596 0.11764914167967315 0 1 0
32 1 - 5 - 0.09793265035841614 0.09459860333784793 0 0 2
32 1 - 6 - 0.15243694164867824 0.14822484335551658 0 1 0
32 1 - 7 - 0.04697009936595956 0.04477624434124058 0 1 0
32 1 - 8 - 0.11814862132693331 0.11633393800972651 0 1 0
32 1 - 9 - 0.11227546234537537 0.11041694865950073 0 0 2
32 1 - 10 - 0.1103572176846986 0.10812303198811908 0 1 0
32 1 - 11 - 0.16181453767543036 0.1526913500080506 0 1 0
32 1 - 12 - 0.0964027456745195 0.09460260734582941 0 1 0
32 1 - 13 - 0.12425007834099233 0.12181930397249137 0 1 0
32 1 - 14 - 0.11420032535291587 0.11141232265314707 0 0 2
32 1 - 15 - 0.14170284800153848 0.13840825033063692 0 0 2
32 1 - 16 - 0.16549122865156582 0.15485375900364792 0 1 0
32 1 - 17 - 0.12974470333817106 0.12650568701792508 0 0 2
32 1 - 18 - 0.11041031500402217 0.11015684499094883 0 1 0
32 1 - 19 - 0.22425698968193802 0.22589933229998374 0 0 2
32 1 - 20 - 0.13470772601431236 0.13199604799350104 0 1 0
32 1 - 21 - 0.12744485734341046 0.12660015700384974 0 0 2
32 1 - 22 - 0.18301718196986863 0.17044768765723953 0 1 0
32 1 - 23 - 0.1328483869826111 0.13160479398599517 0 0 2
32 1 - 24 - 0.10469622603462389 0.1039872569963336 0 0 2
32 1 - 25 - 0.08967608432673538 0.08721875733075042 0 1 0
32 1 - 26 - 0.13297872033823901 0.13226288269894818 0 0 2
32 1 - 27 - 0.07951556865979607 0.07556639865894492 0 1 0
32 1 - 28 - 0.1612117146529878 0.1597334883408621 0 0 2
32 1 - 29 - 0.17887455733337748 0.16871761497653398 0 1 0
32 1 - 30 - 0.11724743132557099 0.1148484843239809 0 1 0
32 1 - 31 - 0.11676499266953519 0.11499200902956849 0 1 0
32 1 - 32 - 0.09014320866360019 0.0840473790303804 0 1 0
32 1 - 33 - 0.08340494895431524 0.0825761616579257 0 0 2
32 1 - 34 - 0.14955721232884872 0.14732173465502757 0 0 2
32 1 - 35 - 0.10340031899977475 0.10167070398650442 0 1 0
32 1 - 36 - 0.13154685799963772 0.129400188025708 0 0 2
32 1 - 37 - 0.09095380102129032 0.08385884065258627 0 1 0
32 1 - 38 - 0.12081962732675797 0.11698786733904853 0 0 2
32 1 - 39 - 0.06578317400999367 0.0637249270027193 0 1 0
32 1 - 40 - 0.09634726434402789 0.08828872599406168 0 1 0
32 1 - 41 - 0.11708077202395846 0.11591922668352102 0 0 2
32 1 - 42 - 0.11937029133938874 0.11671929833634447 0 0 2
32 1 - 43 - 0.12694059733379012 0.12719085366309932 0 0 2
32 1 - 44 - 0.11814531068860863 0.11592428364868586 0 1 0
32 1 - 45 - 0.18004752666456625 0.1685523256504287 0 1 0
32 1 - 46 - 0.14202724767771238 0.1397262769945276 0 0 2
32 1 - 47 - 0.119909623657198 0.11741753766546026 0 0 2
32 1 - 48 - 0.04662750634209563 0.04250115862426658 0 1 0
32 1 - 49 - 0.1475339823324854 0.13808829665261632 0 1 0
32 1 - 50 - 0.12389201797001685 0.11736576231972626 0 1 0
32 1 - 51 - 0.09568233299069107 0.09449313167715445 0 0 2
32 1 - 52 - 0.08923774901389456 0.08889004597828414 0 0 2
32 1 - 53 - 0.11813393565050016 0.11483151331776753 0 1 0
32 1 - 54 - 0.07822628067030261 0.07185356565363085 0 1 0
32 1 - 55 - 0.06138557131635025 0.058935973657450326 0 1 0
32 1 - 56 - 0.12722652997278297 0.12422265498510872 0 1 0
32 1 - 57 - 0.16106656965954852 0.15617240299858776 0 0 2
32 1 - 58 - 0.1661393583053723 0.15597355732461438 0 1 0
32 1 - 59 - 0.09234016598202288 0.08851093232321242 0 1 0
32 1 - 60 - 0.19314851167534167 0.1911217623273842 0 0 2
32 1 - 61 - 0.1253467266797088 0.12361062766285613 0 0 2
32 1 - 62 - 0.12751511635724455 0.12368545366916806 0 0 2
32 1 - 63 - 0.09025314269820228 0.08816767466487363 0 1 0
32 1 - 64 - 0.0999107046906526 0.09765676502138376 0 1 0
32 1 - 65 - 0.14155173699449128 0.1392519089858979 0 0 2
32 1 - 66 - 0.10997833501702796 0.10837423766497523 0 1 0
32 1 - 67 - 0.13133197966575003 0.12844671099446714 0 0 2
32 1 - 68 - 0.0720122023485601 0.07348902102482195 0 1 0
32 1 - 69 - 0.09724988767023508 0.09448184369830415 0 0 2
32 1 - 70 - 0.07299750265277301 0.06968175767300029 0 1 0
32 1 - 71 - 0.11898601266633098 0.11803245299961418 0 0 2
32 1 - 72 - 0.10378922430876023 0.1019342303237257 0 1 0
32 1 - 73 - 0.13963976032876718 0.1383082940010354 0 0 2
32 1 - 74 - 0.1112138340055632 0.10336679998241985 0 1 0
32 1 - 75 - 0.09699033132831876 0.09514587230902785 0 1 0
32 1 - 76 - 0.1328455766585345 0.13087264832574874 0 1 0
32 1 - 77 - 0.1413291820208542 0.1387917673564516 0 1 0
32 1 - 78 - 0.09607061631201456 0.09530930368540189 0 0 2
32 1 - 79 - 0.10790635666732365 0.10115147399483249 0 1 0
32 1 - 80 - 0.09009029634762555 0.08728229599849631 0 1 0
32 1 - 81 - 0.1567305676677885 0.15434769133571535 0 1 0
32 1 - 82 - 0.139389749985033 0.13887138567709673 0 1 0
32 1 - 83 - 0.08354168633619943 0.08236499635192254 0 0 2
32 1 - 84 - 0.16381503065349534 0.15343075600685552 0 1 0
32 1 - 85 - 0.1167614443305259 0.10867087434356412 0 1 0
32 1 - 86 - 0.11144869334142034 0.10877061932114884 0 0 2
32 1 - 87 - 0.0846400023244011 0.08168208335215847 0 1 0
32 1 - 88 - 0.09664922467588137 0.08926706270237143 0 1 0
32 1 - 89 - 0.10575483900417264 0.09892950697879618 0 1 0
32 1 - 90 - 0.11692236866413926 0.10840499934662755 0 1 0
32 1 - 91 - 0.1486435030043746 0.13930059967484945 0 1 0
32 1 - 92 - 0.09210377933535105 0.08964864333393052 0 0 2
32 1 - 93 - 0.09001406899187714 0.08718621267083411 0 1 0
32 1 - 94 - 0.11912209765675168 0.11722124402876943 0 0 2
32 1 - 95 - 0.062096899666357785 0.06016096802583585 0 0 2
32 1 - 96 - 0.12549747134714076 0.12314405798679218 0 1 0
32 1 - 97 - 0.11190719066265349 0.110078736654638 0 0 2
32 1 - 98 - 0.1844558753267241 0.18368049835165343 0 0 2
32 1 - 99 - 0.12581281565750638 0.1239346336806193 0 0 2
32 2 - 0 - 0.12494363265189654 0.12469374435022473 0 0 2
32 2 - 1 - 0.11118343266813704 0.11003718203088889 0 0 2
32 2 - 2 - 0.13250464268882448 0.13066741261476028 0 1 0
32 2 - 3 - 0.11674045835388824 0.11653573469569285 0 0 2
32 2 - 4 - 0.11708548131476466 0.11640242066156739 0 1 0
32 2 - 5 - 0.09789923432981595 0.09588274334479745 0 0 2
32 2 - 6 - 0.150253823667299 0.14916250264892975 0 0 2
32 2 - 7 - 0.04659112467197701 0.04469219298334792 0 0 2
32 2 - 8 - 0.11781446232149999 0.1153715099984159 0 0 2
32 2 - 9 - 0.111136169017603 0.11056805367115885 0 0 2
32 2 - 10 - 0.1118124010002551 0.1086637443319584 0 0 2
32 2 - 11 - 0.1622804349948031 0.15140707131164768 0 1 0
32 2 - 12 - 0.09738222800660878 0.09432710967181872 0 1 0
32 2 - 13 - 0.12452375465848793 0.1258461126126349 0 0 2
32 2 - 14 - 0.11103551301251477 0.1102439319753709 0 0 2
32 2 - 15 - 0.14235273735054457 0.14050677998845154 0 0 2
32 2 - 16 - 0.1671437780217578 0.1548382259788923 0 1 0
32 2 - 17 - 0.12634355834840486 0.12489542469847947 0 0 2
32 2 - 18 - 0.11122883867938071 0.11007608298677951 0 0 2
32 2 - 19 - 0.22197959731177735 0.22277714861168835 0 0 2
32 2 - 20 - 0.13558328334086886 0.1328396653601279 0 0 2
32 2 - 21 - 0.1291084409846614 0.12587781434801099 0 0 2
32 2 - 22 - 0.18113773067792258 0.1686425649871429 0 1 0
32 2 - 23 - 0.1341893583497343 0.13357556566673642 0 0 2
32 2 - 24 - 0.10444376999900366 0.10412036701260756 0 0 2
32 2 - 25 - 0.08922408166108653 0.08844346401747316 0 0 2
32 2 - 26 - 0.1337532593170181 0.1329282089912643 0 0 2
32 2 - 27 - 0.0776886299912197 0.07548524600376065 0 1 0
32 2 - 28 - 0.15900792367756367 0.15837982100977874 0 0 2
32 2 - 29 - 0.18491745936141038 0.17189337800179297 0 1 0
32 2 - 30 - 0.118787989350191 0.11656308599049225 0 0 2
32 2 - 31 - 0.11934806033968925 0.11737732967594638 0 0 2
32 2 - 32 - 0.08836262898209193 0.08170301533148934 0 1 0
32 2 - 33 - 0.08438200532691553 0.08224096335470676 0 0 2
32 2 - 34 - 0.14951029064832255 0.14935534065201256 0 0 2
32 2 - 35 - 0.10377164899061124 0.10325734633564329 0 0 2
32 2 - 36 - 0.13163415666591996 0.13049595362584418 0 0 2
32 2 - 37 - 0.08886935166083276 0.08277111366624013 0 1 0
32 2 - 38 - 0.11782821599626914 0.11681374333178003 0 0 2
32 2 - 39 - 0.0667425143183209 0.06456030701519921 0 1 0
32 2 - 40 - 0.09673565333165848 0.09004999801982194 0 1 0
32 2 - 41 - 0.11725132268232603 0.1156181253415222 0 0 2
32 2 - 42 - 0.11871715103431295 0.11828029534080997 0 0 2
32 2 - 43 - 0.13011841466262317 0.12754881232588863 0 0 2
32 2 - 44 - 0.121016980013034 0.11776992500138779 0 0 2
32 2 - 45 - 0.18310090431865925 0.16905208030948415 0 1 0
32 2 - 46 - 0.14138471599047384 0.14039319433504716 0 0 2
32 2 - 47 - 0.11768234429958586 0.11672889202600345 0 0 2
32 2 - 48 - 0.04650616700140138 0.042252789018675685 0 1 0
32 2 - 49 - 0.14827411734343818 0.13947918531872952 0 1 0
32 2 - 50 - 0.12473929766565561 0.11580872632718334 0 1 0
32 2 - 51 - 0.09793051033436011 0.09573555396248896 0 0 2
32 2 - 52 - 0.09009116765810177 0.08922930698220928 0 0 2
32 2 - 53 - 0.11881046464744334 0.11696388766479988 0 1 0
32 2 - 54 - 0.07853553432505578 0.07258082035696134 0 1 0
32 2 - 55 - 0.061635693651624024 0.059136989002581686 0 1 0
32 2 - 56 - 0.13072059833211824 0.12698523465466377 0 0 2
32 2 - 57 - 0.16013858300478506 0.16071158135309815 0 0 2
32 2 - 58 - 0.16975166068489975 0.15635422632719082 0 1 0
32 2 - 59 - 0.0911515403422527 0.0919483446244461 0 0 2
32 2 - 60 - 0.19082842200684053 0.19051764267108715 0 0 2
32 2 - 61 - 0.12767156465755153 0.1260903226211667 0 0 2
32 2 - 62 - 0.12561947068509957 0.12642489201001203 0 0 2
32 2 - 63 - 0.09193886932916939 0.09010532263588782 0 0 2
32 2 - 64 - 0.1019326823297888 0.09798952999214332 0 1 0
32 2 - 65 - 0.1431870666759399 0.14259070398596424 0 0 2
32 2 - 66 - 0.11066475766710937 0.11119185300776735 0 0 2
32 2 - 67 - 0.13195958966389298 0.1321116156759672 0 0 2
32 2 - 68 - 0.07484303098560001 0.07266003634625424 0 0 2
32 2 - 69 - 0.09824533500553419 0.09617395400224873 0 0 2
32 2 - 70 - 0.07157808767321208 0.06991339399246499 0 0 2
32 2 - 71 - 0.11832676800743988 0.11721139667012419 0 0 2
32 2 - 72 - 0.10542357033894709 0.10246464336523786 0 1 0
32 2 - 73 - 0.14226186667413762 0.1392818016659779 0 0 2
32 2 - 74 - 0.11363128035251673 0.10115548264002427 0 1 0
32 2 - 75 - 0.10033086033460373 0.09614575533972432 0 0 2
32 2 - 76 - 0.1332239816741397 0.13029374131777635 0 0 2
32 2 - 77 - 0.14109396901524937 0.1380567166294592 0 1 0
32 2 - 78 - 0.09755016900210951 0.09634563829361771 0 0 2
32 2 - 79 - 0.11013767433663209 0.10235667568243419 0 1 0
32 2 - 80 - 0.0924497046507895 0.09134485634664694 0 0 2
32 2 - 81 - 0.15720225234205526 0.15880228365616253 0 0 2
32 2 - 82 - 0.14002615999197587 0.13808972233285507 0 1 0
32 2 - 83 - 0.08379842067370191 0.08201030562243734 0 0 2
32 2 - 84 - 0.16531595267588273 0.15305511001497507 0 1 0
32 2 - 85 - 0.11669798701768741 0.10882902698358521 0 1 0
32 2 - 86 - 0.11103836567296337 0.11144370469264686 0 0 2
32 2 - 87 - 0.08515592567467442 0.08150128166501722 0 1 0
32 2 - 88 - 0.09648807300254703 0.0896608092977355 0 1 0
32 2 - 89 - 0.1024917133230095 0.09585090701390679 0 1 0
32 2 - 90 - 0.11621540631555641 0.10830337232133994 0 1 0
32 2 - 91 - 0.1456037646663996 0.13699547863022113 0 1 0
32 2 - 92 - 0.09140173097451527 0.0896488640185756 0 0 2
32 2 - 93 - 0.08911963899542268 0.0887032993293057 0 0 2
32 2 - 94 - 0.11935383467546974 0.11823278102868547 0 0 2
32 2 - 95 - 0.06424640134597819 0.061196836992166936 0 0 2
32 2 - 96 - 0.12450082435195024 0.12370494634766753 0 0 2
32 2 - 97 - 0.11406337665782 0.11222616231922682 0 0 2
32 2 - 98 - 0.18619112266848484 0.1864382436615415 0 0 2
32 2 - 99 - 0.1277434246536965 0.12649747403338552 0 0 2
32 4 - 0 - 0.12543803063454106 0.12539386266143993 0 0 2
32 4 - 1 - 0.11037551033465813 0.11035321765424064 0 0 2
32 4 - 2 - 0.13374629502262297 0.13217558603112894 0 0 2
32 4 - 3 - 0.11802900797920302 0.11947298965727289 0 0 2
32 4 - 4 - 0.11917318002087995 0.11864205969808003 0 0 2
32 4 - 5 - 0.09605930699035525 0.09615553434317312 0 0 2
32 4 - 6 - 0.15141009634438282 0.1512480070038388 0 0 2
32 4 - 7 - 0.04640287432509164 0.04545142200853055 0 0 2
32 4 - 8 - 0.11784329665048668 0.11712140634578341 0 0 2
32 4 - 9 - 0.11361865268554538 0.11261209635995328 0 0 2
32 4 - 10 - 0.11126993330738819 0.11155877902638167 0 0 2
32 4 - 11 - 0.16245841999383023 0.15186843603927022 0 1 0
32 4 - 12 - 0.096893492678646 0.09596497565507889 0 0 2
32 4 - 13 - 0.126582393674956 0.12684989466409508 0 0 2
32 4 - 14 - 0.11126504733692855 0.11041764431865886 0 0 2
32 4 - 15 - 0.14495968533447012 0.14424955536378548 0 0 2
32 4 - 16 - 0.16621135165526843 0.1554482000065036 0 1 0
32 4 - 17 - 0.12544424065466347 0.12506105634383857 0 0 2
32 4 - 18 - 0.11217736033722758 0.11101665165430556 0 0 2
32 4 - 19 - 0.22162195364944637 0.22812376767008877 0 0 2
32 4 - 20 - 0.134299913343663 0.1342068626739395 0 0 2
32 4 - 21 - 0.1286990339673745 0.1279344606640128 0 0 2
32 4 - 22 - 0.18013207899639383 0.16807786567369476 0 1 0
32 4 - 23 - 0.13380937833183754 0.13602574800218764 0 0 2
32 4 - 24 - 0.10667042467199886 0.10605692034975314 0 0 2
32 4 - 25 - 0.09086382734434059 0.09049415931804106 0 0 2
32 4 - 26 - 0.13346453895792365 0.13389061597020677 0 0 2
32 4 - 27 - 0.0787569889992786 0.0760250729508698 0 0 2
32 4 - 28 - 0.15624764198825383 0.15667992197753242 0 0 2
32 4 - 29 - 0.18083569933272278 0.169925206011006 0 1 0
32 4 - 30 - 0.11856598298375805 0.11873758531874046 0 0 2
32 4 - 31 - 0.11835570901166648 0.11758592499730489 0 0 2
32 4 - 32 - 0.08886316098505631 0.08157184766605496 0 1 0
32 4 - 33 - 0.0834379666678918 0.08265808733024946 0 0 2
32 4 - 34 - 0.14836065570125356 0.14998139935778454 0 0 2
32 4 - 35 - 0.10362588001104693 0.10276986367534846 0 0 2
32 4 - 36 - 0.13605782566204047 0.13429084631691998 0 0 2
32 4 - 37 - 0.09112036967417225 0.08398787935342018 0 1 0
32 4 - 38 - 0.11916289466898888 0.11884562768197308 0 0 2
32 4 - 39 - 0.06657164066564292 0.06472546166817969 0 0 2
32 4 - 40 - 0.0954023456821839 0.08875112666282803 0 1 0
32 4 - 41 - 0.11990188797547792 0.11932576269221802 0 0 2
32 4 - 42 - 0.11880344501696527 0.12120454535276319 0 0 2
32 4 - 43 - 0.12685074168257415 0.1283044836600311 0 0 2
32 4 - 44 - 0.12083300833667938 0.118158110009972 0 0 2
32 4 - 45 - 0.18409297599767646 0.16905576801703623 0 1 0
32 4 - 46 - 0.1422233183402568 0.14324024765907478 0 0 2
32 4 - 47 - 0.11957125701398279 0.11910052100817363 0 0 2
32 4 - 48 - 0.04771540368286272 0.04208861365138243 0 1 0
32 4 - 49 - 0.14889031200436875 0.13945471602103984 0 1 0
32 4 - 50 - 0.12429359334055334 0.1150366750274164 0 1 0
32 4 - 51 - 0.10045252734562382 0.09764776768861338 0 0 2
32 4 - 52 - 0.08988538000266999 0.08824493066640571 0 0 2
32 4 - 53 - 0.11762622800112392 0.11846235433282952 0 0 2
32 4 - 54 - 0.07952778064645827 0.07265233832489078 0 1 0
32 4 - 55 - 0.06150922233549257 0.05947596003534272 0 0 2
32 4 - 56 - 0.12829162867274135 0.12878004903905094 0 0 2
32 4 - 57 - 0.16123363798639426 0.16185862765026587 0 0 2
32 4 - 58 - 0.16506424969217431 0.15289801871404052 0 1 0
32 4 - 59 - 0.09197279034803311 0.09191337771092853 0 0 2
32 4 - 60 - 0.19654363100805008 0.19668578399190056 0 0 2
32 4 - 61 - 0.12700345501070842 0.1270916426825958 0 0 2
32 4 - 62 - 0.12552671966841444 0.1271929336556544 0 0 2
32 4 - 63 - 0.09117561099507535 0.09087487265545253 0 0 2
32 4 - 64 - 0.10125601468219732 0.10050073097227141 0 0 2
32 4 - 65 - 0.14308891036004448 0.14487982999222973 0 0 2
32 4 - 66 - 0.11312180066791673 0.11217808133612076 0 0 2
32 4 - 67 - 0.13276333767377463 0.1312207379960455 0 0 2
32 4 - 68 - 0.07302343598955 0.07150752433032417 0 0 2
32 4 - 69 - 0.09591231799762076 0.094533493645334 0 0 2
32 4 - 70 - 0.07236953834459807 0.07162714565250401 0 0 2
32 4 - 71 - 0.11777618800988421 0.11677412731417765 0 0 2
32 4 - 72 - 0.10508387434917191 0.10460701068708052 0 0 2
32 4 - 73 - 0.14177557899771878 0.14132719030991817 0 0 2
32 4 - 74 - 0.11066973469375323 0.10337342401423182 0 1 0
32 4 - 75 - 0.09915585969186698 0.09624994598561898 0 0 2
32 4 - 76 - 0.13198091801799214 0.13140149135142565 0 0 2
32 4 - 77 - 0.14158916900244853 0.1426012740121223 0 0 2
32 4 - 78 - 0.09663179299483697 0.09540245501557365 0 0 2
32 4 - 79 - 0.1113834406520861 0.1031897946765336 0 1 0
32 4 - 80 - 0.0907417763179789 0.09002673532813787 0 0 2
32 4 - 81 - 0.15868417266756296 0.16120861032201597 0 0 2
32 4 - 82 - 0.14222179234881577 0.14389162064374736 0 0 2
32 4 - 83 - 0.08449206801985079 0.08624792966293171 0 0 2
32 4 - 84 - 0.16240050399210304 0.15218760162436715 0 1 0
32 4 - 85 - 0.11882235299951087 0.110111470023791 0 1 0
32 4 - 86 - 0.1103105106546233 0.11020545100715631 0 0 2
32 4 - 87 - 0.08362256364974503 0.08227065331690633 0 0 2
32 4 - 88 - 0.09658332999485235 0.08990313267956178 0 1 0
32 4 - 89 - 0.10480916065474351 0.09690125232251981 0 1 0
32 4 - 90 - 0.11784285031414281 0.10775818004428099 0 1 0
32 4 - 91 - 0.14597355000053844 0.13704514734369394 0 1 0
32 4 - 92 - 0.09126571334976082 0.09064948632537076 0 0 2
32 4 - 93 - 0.09034824400441721 0.09063611433763678 0 0 2
32 4 - 94 - 0.12157339932552229 0.12143072262794401 0 0 2
32 4 - 95 - 0.06325828767148778 0.061586107670639954 0 0 2
32 4 - 96 - 0.12729582698860514 0.1291712272989874 0 0 2
32 4 - 97 - 0.11415823535450424 0.1124608473231395 0 0 2
32 4 - 98 - 0.1901889173508001 0.19283241995920739 0 0 2
32 4 - 99 - 0.12963500865347063 0.12744330098697296 0 0 2
32 8 - 0 - 0.12860142301845676 0.13096356535485637 0 0 2
32 8 - 1 - 0.1133473613493455 0.11435116200785464 0 0 2
32 8 - 2 - 0.13393553567584604 0.1349903669518729 0 0 2
32 8 - 3 - 0.11844025963606933 0.11997840900827819 0 0 2
32 8 - 4 - 0.1184622406726703 0.12068542537357038 0 0 2
32 8 - 5 - 0.09818846734318261 0.09705117666938652 0 0 2
32 8 - 6 - 0.15525214399288717 0.15683455565401042 0 0 2
32 8 - 7 - 0.046422799641732126 0.045846505012984075 0 0 2
32 8 - 8 - 0.11854338366538286 0.1198995936429128 0 0 2
32 8 - 9 - 0.11205662168019141 0.11246916269495462 0 0 2
32 8 - 10 - 0.11079128901474178 0.11177055632773165 0 0 2
32 8 - 11 - 0.1635409373169144 0.1512064706378927 0 1 0
32 8 - 12 - 0.09712308934346463 0.09877571768204992 0 0 2
32 8 - 13 - 0.1286192403252547 0.13173944766943654 0 0 2
32 8 - 14 - 0.11192421366771062 0.11493281864871581 0 0 2
32 8 - 15 - 0.14357946134017158 0.1439419006734776 0 0 2
32 8 - 16 - 0.16593169001862407 0.1542135083194201 0 1 0
32 8 - 17 - 0.1275609006600765 0.12807532931522778 0 0 2
32 8 - 18 - 0.11240597965661436 0.1134126569959335 0 0 2
32 8 - 19 - 0.22419014301461476 0.23483288831387955 0 0 2
32 8 - 20 - 0.1333982736687176 0.13383716131405285 0 0 2
32 8 - 21 - 0.12785151899637032 0.13148896169150248 0 0 2
32 8 - 22 - 0.18189491634257138 0.17040126029557237 0 1 0
32 8 - 23 - 0.1358772743260488 0.13652355062852925 0 0 2
32 8 - 24 - 0.10506607500913864 0.10578323533991352 0 0 2
32 8 - 25 - 0.09029842464951798 0.09006663631104554 0 0 2
32 8 - 26 - 0.13708074499542514 0.13828976537721852 0 0 2
32 8 - 27 - 0.07801436632871628 0.07761348731582984 0 0 2
32 8 - 28 - 0.15885104566890126 0.16272394297023615 0 0 2
32 8 - 29 - 0.18344135999601957 0.16983694069009897 0 1 0
32 8 - 30 - 0.11898083135019988 0.12011812068521976 0 0 2
32 8 - 31 - 0.11755715331916387 0.11860249598976225 0 0 2
32 8 - 32 - 0.08824238600209355 0.08173357563403745 0 1 0
32 8 - 33 - 0.08704213565215468 0.08526617335155606 0 0 2
32 8 - 34 - 0.15378713367196423 0.15238639898598194 0 0 2
32 8 - 35 - 0.1034207486663945 0.10420867763847733 0 0 2
32 8 - 36 - 0.13368772032360238 0.13121993267365423 0 0 2
32 8 - 37 - 0.09099815467682977 0.0830358233070001 0 1 0
32 8 - 38 - 0.1208456450064356 0.11819943036728849 0 0 2
32 8 - 39 - 0.06829969365693007 0.06578743366602187 0 0 2
32 8 - 40 - 0.09711619163863361 0.08864107466069981 0 1 0
32 8 - 41 - 0.12052601100488876 0.1203039736719802 0 0 2
32 8 - 42 - 0.12009416369255632 0.12052132363896817 0 0 2
32 8 - 43 - 0.1271794280037284 0.13089548538361365 0 0 2
32 8 - 44 - 0.11871493933722377 0.12048501265235245 0 0 2
32 8 - 45 - 0.17943399098779383 0.16964681266108528 0 1 0
32 8 - 46 - 0.14515540498541668 0.14576112001668662 0 0 2
32 8 - 47 - 0.11969054232273872 0.12023904201729844 0 0 2
32 8 - 48 - 0.04747531200215841 0.04277685364165033 0 1 0
32 8 - 49 - 0.147030272676299 0.138389543009301 0 1 0
32 8 - 50 - 0.12803180866952366 0.1200848826750492 0 1 0
32 8 - 51 - 0.0993844040009814 0.09829281631391495 0 0 2
32 8 - 52 - 0.09144331499313314 0.0911731799909224 0 0 2
32 8 - 53 - 0.11995087802642956 0.12060822501856212 0 0 2
32 8 - 54 - 0.0778017276704001 0.0719866500197289 0 1 0
32 8 - 55 - 0.06259521830361336 0.06009661031809325 0 0 2
32 8 - 56 - 0.12678233766928315 0.1286503599646191 0 0 2
32 8 - 57 - 0.1611195006601823 0.16431728401221335 0 0 2
32 8 - 58 - 0.16608439434397346 0.1554282796375143 0 1 0
32 8 - 59 - 0.0914073969858388 0.0914566779974848 0 0 2
32 8 - 60 - 0.1915289879737732 0.20012916162765274 0 0 2
32 8 - 61 - 0.12850414862623438 0.1303685580108625 0 0 2
32 8 - 62 - 0.126438854339843 0.1307650140176217 0 0 2
32 8 - 63 - 0.09354986799492812 0.09192994099187976 0 0 2
32 8 - 64 - 0.10173150933890913 0.10087819769978523 0 0 2
32 8 - 65 - 0.14289242100979513 0.14524874698448306 0 0 2
32 8 - 66 - 0.11078367265872657 0.11275950966713329 0 0 2
32 8 - 67 - 0.13432620665601766 0.13404006101579097 0 0 2
32 8 - 68 - 0.07391870499122888 0.07395089035465693 0 0 2
32 8 - 69 - 0.09724293232041721 0.09556270233588293 0 0 2
32 8 - 70 - 0.07293958535107474 0.07188948300123836 0 0 2
32 8 - 71 - 0.11790383830278492 0.11899053633290654 0 0 2
32 8 - 72 - 0.10478860031192501 0.1051230423618108 0 0 2
32 8 - 73 - 0.1403977629961446 0.13974167798490575 0 0 2
32 8 - 74 - 0.10945320133275041 0.10105498532842223 0 1 0
32 8 - 75 - 0.0986305683424386 0.09807609597919509 0 0 2
32 8 - 76 - 0.13313009933335707 0.13271841366076842 0 0 2
32 8 - 77 - 0.14326284201039624 0.14468804566422477 0 0 2
32 8 - 78 - 0.09708464933404078 0.09622182299305375 0 0 2
32 8 - 79 - 0.10874165099812672 0.10218481800984591 0 1 0
32 8 - 80 - 0.09122431002712497 0.08966680699571346 0 0 2
32 8 - 81 - 0.15837663031804067 0.1627190569997765 0 0 2
32 8 - 82 - 0.14428878798692799 0.14719478568683067 0 0 2
32 8 - 83 - 0.08561203966382891 0.08525344401520366 0 0 2
32 8 - 84 - 0.16329415833267072 0.1521380536723882 0 1 0
32 8 - 85 - 0.11764415766810998 0.10933693799112613 0 1 0
32 8 - 86 - 0.11008750499847035 0.11298211933656907 0 0 2
32 8 - 87 - 0.08530059134742866 0.08417121363648523 0 0 2
32 8 - 88 - 0.0971156083396636 0.09054216699829946 0 1 0
32 8 - 89 - 0.10691123698294784 0.09726633533136919 0 1 0
32 8 - 90 - 0.11539825300375621 0.10742501033625255 0 1 0
32 8 - 91 - 0.1467420389914575 0.1372129193429525 0 1 0
32 8 - 92 - 0.09127562898599233 0.09188884131920835 0 0 2
32 8 - 93 - 0.09161698500004907 0.0916891103843227 0 0 2
32 8 - 94 - 0.1182740760074618 0.1191704753243054 0 0 2
32 8 - 95 - 0.06331591434233512 0.062167987324452646 0 0 2
32 8 - 96 - 0.12489347765222192 0.1259325776870052 0 0 2
32 8 - 97 - 0.11103069601813331 0.11408284601444998 0 0 2
32 8 - 98 - 0.1884319760138169 0.19761630865590024 0 0 2
32 8 - 99 - 0.1267379930165286 0.1280297313351184 0 0 2
