1 2 1 2.6503357399997185 1 1.6692751227979898 0 1
1 2 2 6.7744641872996 1 1.7035330397979123 0 1
1 2 3 11.669874750101007 1 1.5075591130997055 0 1
1 2 4 17.89781330829719 1 1.3141033176987549 0 1
1 2 5 24.215964671499385 1 0.9534067613014485 0 1
1 3 1 17.25908242279984 1 15.225242811298813 0 1
1 3 2 41.88382328980079 1 27.384074391600734 0 1
1 3 3 87.30807258249988 1 42.273506774001 0 1
1 3 4 132.6699755328038 1 52.67364178209827 0 1
1 3 5 183.8476842076023 1 65.95125349589944 0 1
1 4 1 54.12470301919966 1 38.302162767600386 0 1
1 4 2 149.7361692417995 1 135.17317168619775 0 1
1 4 3 322.17344822050217 1 195.93221644279984 0 1
