1 2 1 1.8579004104991328 1 1.368320494001091 0 1
1 2 2 2.814645448901865 1 1.5536506318007013 0 1
1 2 4 4.604810045899649 1 1.1954014576011105 0 1
1 2 8 7.156923525000456 1 0.6525878889966407 0 1
1 3 1 4.592431248698267 1 4.1275666125016865 0 1
1 3 2 7.930278823304979 1 5.1557856751984215 0 1
1 3 4 14.172620943703805 1 3.5583931036977448 0 1
1 3 8 21.177408201200887 1 1.5102755808009534 0 1
1 4 1 9.432436606299598 1 10.873051253601442 0 1
1 4 2 18.018689188802092 1 14.730058658696361 0 1
1 4 4 30.680400435301998 1 9.727929005000624 0 1
1 4 8 45.00947306049784 1 4.23671813920082 0 1
