4 1 - 0 - 0.021092553000016778 0.01925583133379405 0 1 0
4 1 - 1 - 0.024385125667019263 0.0251276660004199 1 0 1
4 1 - 2 - 0.02502321333334597 0.024945580333223916 0 1 0
4 1 - 3 - 0.02583204033332246 0.024440530666652194 0 0 2
4 1 - 4 - 0.022355855333444197 0.023410699000123714 1 0 1
4 1 - 5 - 0.027228833667019593 0.026804402000076756 0 0 2
4 1 - 6 - 0.02364635199986272 0.022705570000046766 0 0 2
4 1 - 7 - 0.024964501666545402 0.02463745766666155 0 0 2
4 1 - 8 - 0.023890660666741798 0.023873832000390394 1 0 1
4 1 - 9 - 0.02478869733325458 0.022297114999673795 0 1 0
4 1 - 10 - 0.026681134999914015 0.02723444966735163 0 0 2
4 1 - 11 - 0.021453782333386094 0.021921718666514305 0 1 0
4 1 - 12 - 0.027397712999724412 0.027603746999981617 0 0 2
4 1 - 13 - 0.0284852113333424 0.026850864666812413 0 1 0
4 1 - 14 - 0.024623673333432333 0.024861776666512014 0 0 2
4 1 - 15 - 0.024368085000181356 0.022485134333085927 0 1 0
4 1 - 16 - 0.026707063999917104 0.023958736666524295 0 1 0
4 1 - 17 - 0.020853185333483754 0.02100521733336791 1 0 1
4 1 - 18 - 0.02381625699945289 0.024320050333092997 0 1 0
4 1 - 19 - 0.024498518000048836 0.024323573666151788 0 1 0
4 1 - 20 - 0.022967792333171623 0.02344703266680881 0 1 0
4 1 - 21 - 0.020926262000102724 0.021045251333513686 1 0 1
4 1 - 22 - 0.026351556333186938 0.023931509666302492 0 1 0
4 1 - 23 - 0.024491243000132577 0.022263602999676856 0 1 0
4 1 - 24 - 0.024952273333231762 0.02226410666632243 0 1 0
4 1 - 25 - 0.025811583667139832 0.023863406333475723 0 1 0
4 1 - 26 - 0.02652611133332054 0.027548455333696136 0 0 2
4 1 - 27 - 0.026730561999708396 0.0238128003335684 0 1 0
4 1 - 28 - 0.02600296700014345 0.0268780936667099 0 1 0
4 1 - 29 - 0.0261259076666344 0.023747367999931157 0 1 0
4 1 - 30 - 0.027889171000121376 0.026877845999479177 0 0 2
4 1 - 31 - 0.026858176666792133 0.026772960332588507 0 0 2
4 1 - 32 - 0.026206101999984337 0.024178907333104387 0 1 0
4 1 - 33 - 0.02478154533309862 0.024998571999882795 1 0 1
4 1 - 34 - 0.02650677400015411 0.027598161333420045 0 0 2
4 1 - 35 - 0.024988296333200804 0.022786127332741067 0 0 2
4 1 - 36 - 0.02854485366666874 0.028481985333504174 0 0 2
4 1 - 37 - 0.024656407666952873 0.022376361666829325 0 1 0
4 1 - 38 - 0.024992673666626313 0.022433225666948903 0 1 0
4 1 - 39 - 0.021781027666899416 0.021350405333275074 0 1 0
4 1 - 40 - 0.028684696999941178 0.028744135999659193 0 1 0
4 1 - 41 - 0.021227342333380268 0.020795448000171746 0 1 0
4 1 - 42 - 0.0249435753336608 0.02461049633378328 0 1 0
4 1 - 43 - 0.023497141000007105 0.020870709333091025 0 1 0
4 1 - 44 - 0.024760402666894755 0.025657383667142614 0 0 2
4 1 - 45 - 0.026403647000127723 0.02397666566624442 0 1 0
4 1 - 46 - 0.025051265000001877 0.022348643999976048 0 1 0
4 1 - 47 - 0.022250215333466866 0.023297966999962227 1 0 1
4 1 - 48 - 0.025771190333519673 0.02544832399992932 0 0 2
4 1 - 49 - 0.0290938293334572 0.029401075333832218 0 0 2
4 1 - 50 - 0.022333505333638943 0.023226881333054433 1 0 1
4 1 - 51 - 0.023500785666631902 0.02360996700069033 0 0 2
4 1 - 52 - 0.02095077233328387 0.019543868000255316 0 1 0
4 1 - 53 - 0.026229004666674882 0.023999266666578478 0 1 0
4 1 - 54 - 0.021006821333079035 0.021086166666767287 1 0 1
4 1 - 55 - 0.023197740666849615 0.02309838133320833 0 1 0
4 1 - 56 - 0.027009256666436464 0.023888552666600543 0 1 0
4 1 - 57 - 0.022503075999945093 0.023039150666591013 1 0 1
4 1 - 58 - 0.028160806999949273 0.02566100099981365 0 1 0
4 1 - 59 - 0.026262536332978925 0.023793677000260992 0 1 0
4 1 - 60 - 0.022843930333389533 0.023644867666613816 1 0 1
4 1 - 61 - 0.024340471666619123 0.024388461666906856 1 0 1
4 1 - 62 - 0.020652662999964377 0.020885462666835036 1 0 1
4 1 - 63 - 0.02283777733312794 0.023548582999865175 1 0 1
4 1 - 64 - 0.022978850999910115 0.023415710333817213 1 0 1
4 1 - 65 - 0.022477565333247185 0.020923441666430637 0 1 0
4 1 - 66 - 0.02836932733316644 0.028016847333674377 0 0 2
4 1 - 67 - 0.023344502666986955 0.0226065713331991 0 0 2
4 1 - 68 - 0.02226007666680137 0.02349365766682846 1 0 1
4 1 - 69 - 0.028401590000309323 0.0273025400001643 0 0 2
4 1 - 70 - 0.02640529866645617 0.024014607000026444 0 1 0
4 1 - 71 - 0.027820932000092096 0.02672108200022194 0 0 2
4 1 - 72 - 0.023035471333363 0.022875708333534327 0 0 2
4 1 - 73 - 0.022409336666290375 0.022870024666796475 1 0 1
4 1 - 74 - 0.025020570333254 0.02475464433337038 0 0 2
4 1 - 75 - 0.0229251289996076 0.020713272999879944 0 1 0
4 1 - 76 - 0.02729804233301062 0.026595357666944132 0 0 2
4 1 - 77 - 0.027491247666451578 0.027082619333668845 0 0 2
4 1 - 78 - 0.02259867400001288 0.020651957999386163 0 1 0
4 1 - 79 - 0.026614463333316962 0.026688588332945073 0 1 0
4 1 - 80 - 0.02588373533308186 0.027374641666635096 0 0 2
4 1 - 81 - 0.025677529999787417 0.025786099999095313 0 0 2
4 1 - 82 - 0.022327207000065147 0.021033052333223168 0 1 0
4 1 - 83 - 0.024533385666776063 0.024313528000069105 1 0 1
4 1 - 84 - 0.021366674666448187 0.021020022999740227 1 0 1
4 1 - 85 - 0.02505874066658483 0.026047271333785222 0 1 0
4 1 - 86 - 0.028669859666782337 0.025489113333302765 0 1 0
4 1 - 87 - 0.024079504666588036 0.025363590666226326 0 1 0
4 1 - 88 - 0.025048674666625935 0.022461591666797176 0 1 0
4 1 - 89 - 0.02336687066660185 0.02347848099998373 0 1 0
4 1 - 90 - 0.026837976333202583 0.024015351000040635 0 1 0
4 1 - 91 - 0.027234512333052407 0.026555821666685613 0 1 0
4 1 - 92 - 0.025006309667029804 0.026095036000394124 0 1 0
4 1 - 93 - 0.024271756000113477 0.02432264233357273 1 0 1
4 1 - 94 - 0.02233077099996687 0.022627680332940752 0 1 0
4 1 - 95 - 0.024708760666726448 0.024618165333473975 1 0 1
4 1 - 96 - 0.026707698666541546 0.026562355000047926 0 1 0
4 1 - 97 - 0.022538907999963463 0.023654582333316892 1 0 1
4 1 - 98 - 0.022727232666511554 0.023738121666004492 0 1 0
4 1 - 99 - 0.024518864333003876 0.02623974533313837 0 1 0
4 2 - 0 - 0.09651958700002675 0.07574623499961793 0 1 0
4 2 - 1 - 0.10478041066653532 0.10473547399972934 0 0 2
4 2 - 2 - 0.09575612699973135 0.11575759999990017 0 0 2
4 2 - 3 - 0.09598188433301402 0.10942377600016093 0 0 2
4 2 - 4 - 0.08689551566658338 0.10513419566662682 1 0 1
4 2 - 5 - 0.10302369200023045 0.11204168699987349 0 0 2
4 2 - 6 - 0.10082056766683915 0.10420134366722777 0 0 2
4 2 - 7 - 0.09627586566633302 0.10486825266646822 0 0 2
4 2 - 8 - 0.09121717500026232 0.1040897880002376 1 0 1
4 2 - 9 - 0.10241794233297696 0.07843961466642213 0 1 0
4 2 - 10 - 0.103169835333271 0.11441911833329262 0 0 2
4 2 - 11 - 0.09383376433379453 0.11588635200011292 0 1 0
4 2 - 12 - 0.10269852900000842 0.11492123266634735 0 0 2
4 2 - 13 - 0.1015677613331718 0.10764487599984326 0 0 2
4 2 - 14 - 0.10543124033301865 0.1078599323330612 0 0 2
4 2 - 15 - 0.10432064266691062 0.07668164033323895 0 1 0
4 2 - 16 - 0.10500505966653387 0.08111799666676234 0 1 0
4 2 - 17 - 0.10268866833303036 0.10324793533315339 1 0 1
4 2 - 18 - 0.09716019999965889 0.11714440433267251 0 1 0
4 2 - 19 - 0.10098830100044627 0.11633327833290726 0 0 2
4 2 - 20 - 0.09609393200025806 0.14217788766624534 0 1 0
4 2 - 21 - 0.09996126166637016 0.0956909149999774 1 0 1
4 2 - 22 - 0.10660805233328574 0.08039608466697246 0 1 0
4 2 - 23 - 0.09909571433308884 0.0792888236668053 0 1 0
4 2 - 24 - 0.10144550400006362 0.08101366133329672 0 1 0
4 2 - 25 - 0.10143569833326183 0.08175346166626696 0 1 0
4 2 - 26 - 0.09921325933373737 0.12509871700027966 0 0 2
4 2 - 27 - 0.10783890233293884 0.0830564059997414 0 1 0
4 2 - 28 - 0.10501114033346919 0.12477902833355377 0 1 0
4 2 - 29 - 0.10926903399983227 0.08334314233313005 0 1 0
4 2 - 30 - 0.1025406816670511 0.10979578900029689 0 0 2
4 2 - 31 - 0.10411365699959181 0.10986209933313755 0 0 2
4 2 - 32 - 0.10443695166668476 0.0807499649993891 0 1 0
4 2 - 33 - 0.09855458066704159 0.11276610700042511 0 0 2
4 2 - 34 - 0.10045383166652755 0.1267524543336549 0 0 2
4 2 - 35 - 0.09978807433344627 0.10127349866676619 0 0 2
4 2 - 36 - 0.11052380599994649 0.11407306233346996 0 0 2
4 2 - 37 - 0.10022001466647149 0.07988406066669995 0 1 0
4 2 - 38 - 0.10016599066663427 0.07660961399991113 0 1 0
4 2 - 39 - 0.09557518133321234 0.11619733866670383 0 0 2
4 2 - 40 - 0.10623285100003463 0.11676818966680003 0 0 2
4 2 - 41 - 0.09493436499997188 0.1115156340001704 0 1 0
4 2 - 42 - 0.10076595199946799 0.16235783100000845 0 1 0
4 2 - 43 - 0.09738423933352654 0.07445412266649025 0 1 0
4 2 - 44 - 0.09745896966675598 0.1168558500000169 0 0 2
4 2 - 45 - 0.1066047939996982 0.07969339599973561 0 1 0
4 2 - 46 - 0.10005324666659969 0.07910837733318962 0 1 0
4 2 - 47 - 0.08441948099971341 0.10660096866680153 1 0 1
4 2 - 48 - 0.09924935666701155 0.11298110599970339 0 0 2
4 2 - 49 - 0.10661054333346934 0.12463921600010508 0 0 2
4 2 - 50 - 0.08675838933322666 0.10551124700001917 1 0 1
4 2 - 51 - 0.09912675666661622 0.10288476433349084 0 0 2
4 2 - 52 - 0.0938490459999836 0.07463790000050116 0 1 0
4 2 - 53 - 0.10642991299998054 0.07952615733302082 0 1 0
4 2 - 54 - 0.100953174333578 0.10069449333362475 1 0 1
4 2 - 55 - 0.10298079100023946 0.1144709223335667 0 0 2
4 2 - 56 - 0.10349343600015952 0.08265845600029327 0 1 0
4 2 - 57 - 0.08319288433328136 0.1063708140000017 1 0 1
4 2 - 58 - 0.10432700499980758 0.0828001676666948 0 1 0
4 2 - 59 - 0.10283721433340058 0.08516316800008403 0 1 0
4 2 - 60 - 0.09496339300009518 0.09856987399992552 1 0 1
4 2 - 61 - 0.09895684633374913 0.11202701700009736 0 0 2
4 2 - 62 - 0.08133251533339111 0.10249100600018816 1 0 1
4 2 - 63 - 0.10539972766643284 0.1040122709997983 1 0 1
4 2 - 64 - 0.09963912166676892 0.100655089666058 1 0 1
4 2 - 65 - 0.09824182599974544 0.0742319156670419 0 1 0
4 2 - 66 - 0.1105283586666701 0.11636781500025488 0 0 2
4 2 - 67 - 0.10300621999977011 0.10456084433341553 0 0 2
4 2 - 68 - 0.08681475533345899 0.10509466833324647 1 0 1
4 2 - 69 - 0.11080888599978304 0.11925451333324115 0 0 2
4 2 - 70 - 0.10291573399990739 0.08054240966642585 0 1 0
4 2 - 71 - 0.10437163700013721 0.112624626000373 0 0 2
4 2 - 72 - 0.100534662999659 0.11115096599981675 0 0 2
4 2 - 73 - 0.08766328999990947 0.10537076133338512 1 0 1
4 2 - 74 - 0.09950163466692175 0.10135498599962982 0 0 2
4 2 - 75 - 0.0937429713333889 0.07591590366670668 0 1 0
4 2 - 76 - 0.1052728499995889 0.10913909699926687 0 0 2
4 2 - 77 - 0.10247227433319495 0.11149332699975882 0 0 2
4 2 - 78 - 0.09711184066691203 0.08161245500044363 0 1 0
4 2 - 79 - 0.09985219199976807 0.1097528129997348 0 0 2
4 2 - 80 - 0.10940323266671233 0.10621931499978624 0 0 2
4 2 - 81 - 0.09723543499997807 0.10998479600008675 0 0 2
4 2 - 82 - 0.10054329466644654 0.0758928733336385 0 1 0
4 2 - 83 - 0.10005789199991948 0.1095187020003626 0 0 2
4 2 - 84 - 0.10142397033359885 0.10059370966700953 1 0 1
4 2 - 85 - 0.10494247766655462 0.10918600633340247 0 0 2
4 2 - 86 - 0.10386653933346679 0.09155027566703211 0 1 0
4 2 - 87 - 0.09696493133348365 0.13154605433343627 0 1 0
4 2 - 88 - 0.09990844900009203 0.07961553466672437 0 1 0
4 2 - 89 - 0.09834451000006084 0.11219587366637522 0 0 2
4 2 - 90 - 0.10459807566652066 0.08243134833355725 0 1 0
4 2 - 91 - 0.10693167933307753 0.10538742033319673 0 0 2
4 2 - 92 - 0.09839494733296306 0.1076474996665032 0 0 2
4 2 - 93 - 0.08859057833342376 0.10601735033348328 1 0 1
4 2 - 94 - 0.09755379099988204 0.11384705499949632 0 1 0
4 2 - 95 - 0.10324932066669135 0.106903823666471 0 0 2
4 2 - 96 - 0.10484120366678933 0.11641690033350946 0 0 2
4 2 - 97 - 0.10337074533314687 0.09796599500017085 1 0 1
4 2 - 98 - 0.09024401666708097 0.1820202779996786 0 1 0
4 2 - 99 - 0.09747825366684992 0.11694135633357898 0 0 2
4 4 - 0 - 0.481088017999961 0.4242635963328212 0 1 0
4 4 - 1 - 0.5080470906665747 0.5144211936667489 0 0 2
4 4 - 2 - 0.5254954063335996 0.5939626076666779 0 0 2
4 4 - 3 - 0.53174712700032 0.5662248813332553 0 0 2
4 4 - 4 - 0.4163234493332008 0.5001087219995194 1 0 1
4 4 - 5 - 0.5223251356668092 0.5143676446668906 0 0 2
4 4 - 6 - 0.5502807449999333 0.5057860186667918 0 0 2
4 4 - 7 - 0.47473932266681607 0.5011944853337507 0 0 2
4 4 - 8 - 0.4338460406667461 0.5120000316668059 1 0 1
4 4 - 9 - 0.4811629979997936 0.4280051976669104 0 1 0
4 4 - 10 - 0.5223637469998721 0.5681977526667955 0 0 2
4 4 - 11 - 0.5077221933333931 0.6025031073334807 0 1 0
4 4 - 12 - 0.5246305110000927 0.5693342960003065 0 0 2
4 4 - 13 - 0.5436325913330318 0.49416980800015153 0 0 2
4 4 - 14 - 0.5730136683332603 0.5302801273331472 0 0 2
4 4 - 15 - 0.451829221000177 0.43747474833313993 0 1 0
4 4 - 16 - 0.49062368600001116 0.3706281206671823 0 1 0
4 4 - 17 - 0.5936548709999745 0.5226035706670397 1 0 1
4 4 - 18 - 0.5243119079996177 0.5701575749999392 0 0 2
4 4 - 19 - 0.5559847823333257 0.5371722096667023 0 0 2
4 4 - 20 - 0.5152022256664471 1.2067115619996305 0 1 0
4 4 - 21 - 0.6250759050002065 0.518632572333748 1 0 1
4 4 - 22 - 0.5061670896666328 0.379255841333664 0 1 0
4 4 - 23 - 0.47884805233328126 0.3946312340003715 0 1 0
4 4 - 24 - 0.48935409199990926 0.4403945140002179 0 1 0
4 4 - 25 - 0.5227363129997684 0.4235587263334916 0 1 0
4 4 - 26 - 0.5283720246661687 0.6127817469999475 0 0 2
4 4 - 27 - 0.46500489766640385 0.40759812966704584 0 1 0
4 4 - 28 - 0.5546367379999235 0.5616263950005305 0 0 2
4 4 - 29 - 0.4968993053334998 0.4225252733328186 0 1 0
4 4 - 30 - 0.5171253643335755 0.5082305980001062 0 0 2
4 4 - 31 - 0.5489636236661681 0.4982814289996895 0 0 2
4 4 - 32 - 0.4889136623332888 0.3683847250000933 0 1 0
4 4 - 33 - 0.5314181926666303 0.5581051823337475 0 0 2
4 4 - 34 - 0.5264333856666781 0.6169015906668088 0 0 2
4 4 - 35 - 0.4926908289999119 0.4930647213338185 0 0 2
4 4 - 36 - 0.5277067513334259 0.5586318680000962 0 0 2
4 4 - 37 - 0.49045513033343013 0.43914452499999845 0 1 0
4 4 - 38 - 0.4734311476671185 0.37942195766663644 0 1 0
4 4 - 39 - 0.5151099553331733 0.5624092346664231 0 0 2
4 4 - 40 - 0.4871342533333518 0.553707399666564 0 0 2
4 4 - 41 - 0.4752480003329159 0.5979471889998724 0 1 0
4 4 - 42 - 0.5259951013334406 0.4939657933330939 0 0 2
4 4 - 43 - 0.5085704156669332 0.3721359243333306 0 1 0
4 4 - 44 - 0.4824998126665984 0.5571659913330222 0 0 2
4 4 - 45 - 0.5103881673336824 0.37690132866706944 0 1 0
4 4 - 46 - 0.5388005476661419 0.4627537906665869 0 1 0
4 4 - 47 - 0.4004847943330484 0.517742992666778 1 0 1
4 4 - 48 - 0.5489604979999664 0.5178746016663354 0 0 2
4 4 - 49 - 0.5136819480000365 0.566952152333215 0 0 2
4 4 - 50 - 0.4174061743333368 0.5034324216667301 1 0 1
4 4 - 51 - 0.5353695499998139 0.48282860099940683 0 0 2
4 4 - 52 - 0.5171321969995308 0.41492755633347167 0 1 0
4 4 - 53 - 0.5083105393329485 0.3796951273331312 0 1 0
4 4 - 54 - 0.606521403666496 0.5529883173333777 1 0 1
4 4 - 55 - 0.5176899426666448 0.5546105890001248 0 0 2
4 4 - 56 - 0.49663594699995883 0.39367909899950365 0 1 0
4 4 - 57 - 0.400759949999762 0.5235323033330133 1 0 1
4 4 - 58 - 0.5248745556667321 0.3848253393334744 0 1 0
4 4 - 59 - 0.4820666056663564 0.41283718699984695 0 1 0
4 4 - 60 - 0.5972051770001297 0.4878538169996318 1 0 1
4 4 - 61 - 0.5283693389998614 0.5534149253332241 0 0 2
4 4 - 62 - 0.3742818706665882 0.5125721540001299 1 0 1
4 4 - 63 - 0.5896924816664372 0.49520105599973857 1 0 1
4 4 - 64 - 0.5675006716671003 0.5060266773334661 1 0 1
4 4 - 65 - 0.49350999133366713 0.40147178766680247 0 1 0
4 4 - 66 - 0.5691750716669048 0.5416475433333593 0 0 2
4 4 - 67 - 0.5412413313333673 0.5231352343337979 0 0 2
4 4 - 68 - 0.4106399509998179 0.4955809509998896 1 0 1
4 4 - 69 - 0.5275716516668277 0.5519117919993732 0 0 2
4 4 - 70 - 0.48985187000016595 0.3941094583339388 0 1 0
4 4 - 71 - 0.5216435693334158 0.5135656279999239 0 0 2
4 4 - 72 - 0.5158601350000632 0.5199009660000229 0 0 2
4 4 - 73 - 0.3733169120002155 0.5340496063336104 1 0 1
4 4 - 74 - 0.4778093873337639 0.5221024529995096 0 0 2
4 4 - 75 - 0.4940572076663253 0.39778723966689233 0 1 0
4 4 - 76 - 0.5589857396665441 0.5413934053334135 0 0 2
4 4 - 77 - 0.52094261833372 0.5119317299998632 0 0 2
4 4 - 78 - 0.4697059063328197 0.42965932566645887 0 1 0
4 4 - 79 - 0.5051118086663943 0.5104202140003812 0 0 2
4 4 - 80 - 0.5284504389998498 0.5320323669996773 0 0 2
4 4 - 81 - 0.5307580689999062 0.49186645066644513 0 0 2
4 4 - 82 - 0.515125414666727 0.40220061966677656 0 1 0
4 4 - 83 - 0.49881661833357305 0.5047498769999947 0 0 2
4 4 - 84 - 0.5754403696664667 0.5159988463337868 1 0 1
4 4 - 85 - 0.544899015999969 0.5226255569999315 0 0 2
4 4 - 86 - 0.47970523466665327 0.4524595326662772 0 1 0
4 4 - 87 - 0.497715266000038 0.6721258440002202 0 1 0
4 4 - 88 - 0.537376037666642 0.4588816556670281 0 1 0
4 4 - 89 - 0.5079337193334746 0.5279417579995425 0 0 2
4 4 - 90 - 0.5123360846667614 0.40500475400009844 0 1 0
4 4 - 91 - 0.5933888263334666 0.5260543233331797 0 0 2
4 4 - 92 - 0.5371542196665663 0.524174835000243 0 0 2
4 4 - 93 - 0.40680488233344175 0.5134989106669915 1 0 1
4 4 - 94 - 0.5339204956668862 0.54487733800003 0 0 2
4 4 - 95 - 0.548808593666763 0.5245404029998705 0 0 2
4 4 - 96 - 0.552924636333349 0.6149170530003781 0 0 2
4 4 - 97 - 0.5944985053335282 0.5149149920004371 1 0 1
4 4 - 98 - 0.4790488693336859 1.8154048526669915 0 1 0
4 4 - 99 - 0.5002879903331632 0.5706665353336575 0 0 2
8 1 - 0 - 0.08677404099974714 0.08205182766657042 0 1 0
8 1 - 1 - 0.08495137233330752 0.08085165033329153 0 0 2
8 1 - 2 - 0.08982717233357107 0.0754280370001652 0 1 0
8 1 - 3 - 0.0905937560003925 0.09367925966671464 0 1 0
8 1 - 4 - 0.07843936933356115 0.07933141033360395 0 1 0
8 1 - 5 - 0.07274129166671628 0.06901155933367893 0 0 2
8 1 - 6 - 0.0946423843336864 0.09264911533318809 0 1 0
8 1 - 7 - 0.0831540279999293 0.08177887299946937 0 0 2
8 1 - 8 - 0.07023970566660864 0.08044107266596257 0 0 2
8 1 - 9 - 0.07931496466668855 0.0894922860003741 0 1 0
8 1 - 10 - 0.08770775233339614 0.0700808359997609 0 1 0
8 1 - 11 - 0.08047949733342345 0.08293748933313813 0 0 2
8 1 - 12 - 0.09481220299979516 0.08797066966659865 0 1 0
8 1 - 13 - 0.09812544866660271 0.07914461200016376 0 1 0
8 1 - 14 - 0.09674445733344328 0.08946814566661487 0 0 2
8 1 - 15 - 0.09231439433339499 0.09721080466685332 0 1 0
8 1 - 16 - 0.08627183499963091 0.0890276863337931 0 0 2
8 1 - 17 - 0.09416428866673716 0.1063457613333109 0 1 0
8 1 - 18 - 0.07969507899997552 0.07060802166688518 0 1 0
8 1 - 19 - 0.08374036433360743 0.08518614833337779 0 1 0
8 1 - 20 - 0.08829912900061268 0.09413290566650781 0 0 2
8 1 - 21 - 0.08401328899981308 0.08527061266674232 0 0 2
8 1 - 22 - 0.0930986923334179 0.07294063599996055 0 1 0
8 1 - 23 - 0.09596280499984763 0.10286750333307282 0 0 2
8 1 - 24 - 0.08008498000011362 0.08109114966646302 0 1 0
8 1 - 25 - 0.09105979866671987 0.07332900533310749 0 1 0
8 1 - 26 - 0.09112571366646686 0.07412904433355531 0 1 0
8 1 - 27 - 0.09254712800005412 0.09349297833341552 0 0 2
8 1 - 28 - 0.09360456466674805 0.09885916866642219 0 1 0
8 1 - 29 - 0.08403745599995698 0.097346579667222 0 1 0
8 1 - 30 - 0.10074908199961403 0.07649505600056727 0 1 0
8 1 - 31 - 0.09809319166682447 0.10119186933328213 0 1 0
8 1 - 32 - 0.07695011966704139 0.08451549499962616 1 0 1
8 1 - 33 - 0.07622449299985116 0.08883479200024644 0 1 0
8 1 - 34 - 0.0884241420001975 0.10186908733309488 0 0 2
8 1 - 35 - 0.08106732633344411 0.08323382166690863 0 1 0
8 1 - 36 - 0.09397021399975833 0.09195093899931332 0 1 0
8 1 - 37 - 0.08987961933356321 0.08561229766686058 0 0 2
8 1 - 38 - 0.0944177699999879 0.09318014233303984 0 0 2
8 1 - 39 - 0.09694126133369234 0.08043304866684291 0 1 0
8 1 - 40 - 0.08102972733346783 0.0635338040001443 0 1 0
8 1 - 41 - 0.07627429666687628 0.061424602666496256 0 1 0
8 1 - 42 - 0.08341236133310304 0.0675797153332193 0 1 0
8 1 - 43 - 0.1026059560002371 0.10624049300076877 0 1 0
8 1 - 44 - 0.09148286833321133 0.09610994033331129 0 1 0
8 1 - 45 - 0.08433695766689198 0.08858277733300686 0 1 0
8 1 - 46 - 0.10266462266675566 0.08383976599967961 0 1 0
8 1 - 47 - 0.08326756466643322 0.08336706899990531 0 1 0
8 1 - 48 - 0.07815681100025054 0.09424626066659887 0 1 0
8 1 - 49 - 0.08345915899978233 0.06805876899973858 0 1 0
8 1 - 50 - 0.10667519800002385 0.10658870766656037 0 0 2
8 1 - 51 - 0.09857074566692367 0.10831910533306655 0 1 0
8 1 - 52 - 0.1064410053334844 0.11686375899989798 0 0 2
8 1 - 53 - 0.09439993633319925 0.07690392199977698 0 1 0
8 1 - 54 - 0.08934655666659334 0.08979135633338349 0 0 2
8 1 - 55 - 0.09017478866644524 0.08813418733340464 0 1 0
8 1 - 56 - 0.08449314666662153 0.09035723033351437 0 1 0
8 1 - 57 - 0.09941799233335283 0.09943670999988777 0 1 0
8 1 - 58 - 0.09682849733326293 0.07639001899951836 0 1 0
8 1 - 59 - 0.0914823649994408 0.09055612166685023 0 0 2
8 1 - 60 - 0.09752658900015376 0.10962904600031227 0 1 0
8 1 - 61 - 0.09283480766680441 0.07320012233321904 0 1 0
8 1 - 62 - 0.08278840200000559 0.06705339666738534 0 1 0
8 1 - 63 - 0.09244432966655343 0.09361291899980036 0 0 2
8 1 - 64 - 0.10138670466676558 0.11556705200018769 0 0 2
8 1 - 65 - 0.09514719066676966 0.09979885233375778 0 1 0
8 1 - 66 - 0.085792531333027 0.08709283366624732 0 1 0
8 1 - 67 - 0.08995776066664499 0.08057728866666972 0 1 0
8 1 - 68 - 0.08910842500002522 0.10070285866671233 0 1 0
8 1 - 69 - 0.09690438799983288 0.09755815300013637 0 0 2
8 1 - 70 - 0.08664535500004907 0.07036822800000664 0 1 0
8 1 - 71 - 0.09032883500003663 0.07373988100031663 0 1 0
8 1 - 72 - 0.09247528666674043 0.0940677369999321 0 1 0
8 1 - 73 - 0.09772660733324301 0.07708568300010181 0 1 0
8 1 - 74 - 0.07711657433355867 0.06454889633278071 0 1 0
8 1 - 75 - 0.0860700533336664 0.07069728100001764 0 1 0
8 1 - 76 - 0.09669889633308534 0.09908010533308698 0 0 2
8 1 - 77 - 0.09993234899987632 0.10080919599992437 0 0 2
8 1 - 78 - 0.08329650200024237 0.0665378906666471 0 1 0
8 1 - 79 - 0.06914352600051643 0.07038055433379971 0 1 0
8 1 - 80 - 0.10659027599983043 0.11584624066714846 0 0 2
8 1 - 81 - 0.08925965733366563 0.0937852669997786 0 1 0
8 1 - 82 - 0.08202610533317056 0.08098357633358926 0 0 2
8 1 - 83 - 0.08306748599958762 0.0675333163335381 0 1 0
8 1 - 84 - 0.08491775533335992 0.0936456403333068 0 1 0
8 1 - 85 - 0.0980166673337711 0.10129545733313232 0 0 2
8 1 - 86 - 0.08980229966649252 0.07370933233354056 0 1 0
8 1 - 87 - 0.088792035666908 0.06816586066634045 0 1 0
8 1 - 88 - 0.08858499699999811 0.09105530599996806 0 0 2
8 1 - 89 - 0.09370184033347566 0.10481315866642642 0 1 0
8 1 - 90 - 0.09543716533304784 0.10258907466686651 0 1 0
8 1 - 91 - 0.08211631233310375 0.06731137266645722 0 1 0
8 1 - 92 - 0.09379645233336002 0.10496730366655053 0 0 2
8 1 - 93 - 0.07807066833356657 0.07780414199987717 0 0 2
8 1 - 94 - 0.09303219200016126 0.0768659526668974 0 1 0
8 1 - 95 - 0.10145159399993038 0.10749781933373015 0 1 0
8 1 - 96 - 0.08216256366692201 0.08324242666640203 0 0 2
8 1 - 97 - 0.0872190599999764 0.0904507640001005 0 1 0
8 1 - 98 - 0.09633752133292242 0.10600148066684292 0 0 2
8 1 - 99 - 0.09148984166707426 0.09316724966720358 0 1 0
8 2 - 0 - 0.45579346166687174 0.5075208886664768 0 0 2
8 2 - 1 - 0.45783766266686143 0.4723241646664368 0 0 2
8 2 - 2 - 0.45610204866685916 0.24888018566677297 0 1 0
8 2 - 3 - 0.5395622533336184 0.5432383656667904 0 0 2
8 2 - 4 - 0.503289681000145 0.5099199299996446 0 0 2
8 2 - 5 - 0.47657023366688617 0.4307534396666597 0 0 2
8 2 - 6 - 0.4987861569998131 0.5691217526670395 0 0 2
8 2 - 7 - 0.4543319803333361 0.4692203020000913 0 0 2
8 2 - 8 - 0.5542882156666262 0.4775526823332257 0 0 2
8 2 - 9 - 0.4561831346666925 0.6993793956665589 0 1 0
8 2 - 10 - 0.47868441166671494 0.296877335999549 0 1 0
8 2 - 11 - 0.5221090573328789 0.5099414929997389 0 0 2
8 2 - 12 - 0.431889685666647 0.657148062333969 0 1 0
8 2 - 13 - 0.5169937723333836 0.3077152896663998 0 1 0
8 2 - 14 - 0.5292690706664871 0.4967873393328167 0 0 2
8 2 - 15 - 0.5171559806667574 0.5398259283329025 0 0 2
8 2 - 16 - 0.4641901876666452 0.5425439133332475 0 0 2
8 2 - 17 - 0.48749231933349313 0.6002586323335588 0 0 2
8 2 - 18 - 0.4590675520000028 0.26605522866611864 0 1 0
8 2 - 19 - 0.45519049233371334 0.5115216776663752 0 0 2
8 2 - 20 - 0.5261587563333403 0.5547650649999317 0 0 2
8 2 - 21 - 0.5040563689999544 0.5133496003339436 0 0 2
8 2 - 22 - 0.4766780096667086 0.27756615933352197 0 1 0
8 2 - 23 - 0.5103040123331084 0.49572764233319805 0 0 2
8 2 - 24 - 0.49098097966664983 0.6118021943332982 0 0 2
8 2 - 25 - 0.5036118336665822 0.25488460733322427 0 1 0
8 2 - 26 - 0.46760268233326013 0.2893574586660179 0 1 0
8 2 - 27 - 0.5139156886665054 0.5205240126664042 0 0 2
8 2 - 28 - 0.5227164343332333 0.7109640283333647 0 0 2
8 2 - 29 - 0.5524159070000678 0.7529414189997018 0 1 0
8 2 - 30 - 0.4444230216665043 0.2569344106668723 0 1 0
8 2 - 31 - 0.44284366300022765 0.46544581266698515 0 0 2
8 2 - 32 - 0.5906173330001063 0.4383041993326818 0 0 2
8 2 - 33 - 0.4955812390001787 0.6401796106665643 0 1 0
8 2 - 34 - 0.4890067360001922 0.5964155729998311 0 0 2
8 2 - 35 - 0.4561416639999152 0.5947901336670233 0 0 2
8 2 - 36 - 0.4406410783334043 0.4457791143331633 0 0 2
8 2 - 37 - 0.5182858269999997 0.5029378559996378 0 0 2
8 2 - 38 - 0.5307045120001324 0.5338227656663245 0 0 2
8 2 - 39 - 0.43630692233333923 0.2751429490005345 0 1 0
8 2 - 40 - 0.4666261416665899 0.23115828433310526 0 1 0
8 2 - 41 - 0.4520677869998811 0.2631343246666802 0 1 0
8 2 - 42 - 0.4788090433333613 0.24150459066731855 0 1 0
8 2 - 43 - 0.4545091489999322 0.5579061106667117 0 0 2
8 2 - 44 - 0.4850044479999269 0.5710117130004922 0 0 2
8 2 - 45 - 0.5032702473329967 0.48418086666636856 0 0 2
8 2 - 46 - 0.48910463133294496 0.3380048653337629 0 1 0
8 2 - 47 - 0.410139730333564 0.4450427209994814 0 0 2
8 2 - 48 - 0.472763675000048 0.9154962036667106 0 1 0
8 2 - 49 - 0.41999209700012824 0.2758397319997433 0 1 0
8 2 - 50 - 0.4601899503334911 0.5799227123337307 0 0 2
8 2 - 51 - 0.47911501933352457 0.6414841823331395 0 0 2
8 2 - 52 - 0.5187422739997297 0.6472569360000003 0 0 2
8 2 - 53 - 0.45834359333305963 0.32837104633381387 0 1 0
8 2 - 54 - 0.47315119666685257 0.48590735100060556 0 0 2
8 2 - 55 - 0.48422799633347796 0.44897178533301485 0 0 2
8 2 - 56 - 0.5264413533332117 0.6719277873332127 0 0 2
8 2 - 57 - 0.5416133526669 0.6044791476667039 0 0 2
8 2 - 58 - 0.5289528653329398 0.28337625766622904 0 1 0
8 2 - 59 - 0.49284680933305935 0.4534093026662352 0 0 2
8 2 - 60 - 0.4513809456666422 0.568950432000141 0 0 2
8 2 - 61 - 0.5294118866665183 0.2668257393330956 0 1 0
8 2 - 62 - 0.4786977800000992 0.23946969999997236 0 1 0
8 2 - 63 - 0.5429333106664368 0.4648548136668372 0 0 2
8 2 - 64 - 0.4761303393330915 0.6467121176662355 0 0 2
8 2 - 65 - 0.5221338740002466 0.520870960666798 0 0 2
8 2 - 66 - 0.5254131813335334 0.5575740269999491 0 0 2
8 2 - 67 - 0.4674278596670168 0.3229921736668378 0 1 0
8 2 - 68 - 0.44653413233330264 0.4793804736667274 0 0 2
8 2 - 69 - 0.4543976636665926 0.5092675006665862 0 0 2
8 2 - 70 - 0.38562339566669834 0.3341328500003632 0 1 0
8 2 - 71 - 0.5032033463330663 0.25881811799930193 0 1 0
8 2 - 72 - 0.46232158033338544 0.49163913466630527 0 0 2
8 2 - 73 - 0.5084949850000461 0.2567730910001652 0 1 0
8 2 - 74 - 0.4155936743333465 0.24844915600048506 0 1 0
8 2 - 75 - 0.5110524983335077 0.2647285026669124 0 1 0
8 2 - 76 - 0.4783432123334327 0.4818129716668409 0 0 2
8 2 - 77 - 0.45676934933362645 0.5725728909998604 0 0 2
8 2 - 78 - 0.42900269033331523 0.26149098066647036 0 1 0
8 2 - 79 - 0.40799033100059506 0.5899218573331382 0 1 0
8 2 - 80 - 0.4962255223332856 0.5038372056666655 0 0 2
8 2 - 81 - 0.49828241033325565 0.48258701466662995 0 0 2
8 2 - 82 - 0.4792800836667084 0.4968843483332724 0 0 2
8 2 - 83 - 0.49920652300018753 0.30228140166612627 0 1 0
8 2 - 84 - 0.5044838600003155 0.5191482329998204 0 0 2
8 2 - 85 - 0.5428078193329686 0.5633980650000012 0 0 2
8 2 - 86 - 0.4723346493334854 0.26373663899994426 0 1 0
8 2 - 87 - 0.4664461483331858 0.2764762216665986 0 1 0
8 2 - 88 - 0.4523326226665934 0.4826231203329977 0 0 2
8 2 - 89 - 0.519152681333253 0.4835491856671676 0 0 2
8 2 - 90 - 0.5160960173331356 0.6351607179998003 0 0 2
8 2 - 91 - 0.46995506533342757 0.2916331309997986 0 1 0
8 2 - 92 - 0.49097194466685323 0.45710134066666797 0 0 2
8 2 - 93 - 0.4586575216665854 0.4467976653331789 0 0 2
8 2 - 94 - 0.4258879109999422 0.32071874399995676 0 1 0
8 2 - 95 - 0.4690020569999736 0.47247127033339587 0 0 2
8 2 - 96 - 0.5029863383333577 0.5230513076664162 0 0 2
8 2 - 97 - 0.46460835100000014 0.8746665653331244 0 0 2
8 2 - 98 - 0.5055069616667728 0.6924937429997348 0 0 2
8 2 - 99 - 0.45841841000007355 0.5007435536666284 0 0 2
8 4 - 0 - 4.884990546999991 6.031664175667174 0 0 2
8 4 - 1 - 5.127024611333278 5.917585190666917 0 0 2
8 4 - 2 - 3.722985177999969 1.1115519113336632 0 1 0
8 4 - 3 - 4.228002310333371 4.058739308333315 0 0 2
8 4 - 4 - 5.551103202667036 6.154230675332352 0 0 2
8 4 - 5 - 4.6162156043337745 5.589538535666482 0 0 2
8 4 - 6 - 3.6623654366673386 4.7152441456667775 0 0 2
8 4 - 7 - 5.706103900332286 5.717916351000289 0 0 2
8 4 - 8 - 5.800354745000126 4.4444365850001 0 0 2
8 4 - 9 - 4.66869470533311 4.392827964666746 0 0 2
8 4 - 10 - 5.342192415999913 1.056125440666316 0 1 0
8 4 - 11 - 4.450447762334079 3.2697648733325573 0 0 2
8 4 - 12 - 2.7485319296665693 2.6205977179997717 0 0 2
8 4 - 13 - 3.707582141666838 1.5913337736674293 0 1 0
8 4 - 14 - 4.872386235666757 5.087525222333473 0 0 2
8 4 - 15 - 4.538300053000057 4.167423981667525 0 0 2
8 4 - 16 - 5.316261489000681 6.5976846743336255 0 0 2
8 4 - 17 - 5.353571633332953 4.514521304000179 0 0 2
8 4 - 18 - 5.416845543333087 1.6380631086655437 0 1 0
8 4 - 19 - 4.772943903999476 5.377542604333333 0 0 2
8 4 - 20 - 4.015340478332897 2.9712457969999377 0 0 2
8 4 - 21 - 4.060334004333224 4.430954613000116 0 0 2
8 4 - 22 - 2.546041721666673 1.252339575333584 0 1 0
8 4 - 23 - 3.987970335333254 4.611744594666258 0 0 2
8 4 - 24 - 4.98541623566598 7.072155165332637 0 0 2
8 4 - 25 - 3.796627559000626 1.1349277543340577 0 1 0
8 4 - 26 - 3.7837962736660606 1.2432426766657347 0 1 0
8 4 - 27 - 4.368436464333475 4.4553240196661745 0 0 2
8 4 - 28 - 4.005559242000042 5.422940446666568 0 0 2
8 4 - 29 - 4.925439303333405 6.1817078470000215 0 0 2
8 4 - 30 - 2.78240961533326 1.0983597666672722 0 1 0
8 4 - 31 - 2.615823075000056 2.3937190039996494 0 0 2
8 4 - 32 - 5.0469178533330705 4.745890257000307 0 0 2
8 4 - 33 - 5.143322265000582 7.058853177333124 0 1 0
8 4 - 34 - 5.296870545000274 6.316437116667051 0 0 2
8 4 - 35 - 5.070311160666582 5.711531590667316 0 0 2
8 4 - 36 - 3.8988340279999343 3.4647952286656314 0 0 2
8 4 - 37 - 5.41727889766662 5.850311859332578 0 0 2
8 4 - 38 - 3.8546266663336914 5.975889744332259 0 0 2
8 4 - 39 - 2.219046749666935 1.0842334966667597 0 1 0
8 4 - 40 - 5.272746240333315 0.9978547396670668 0 1 0
8 4 - 41 - 4.714531373000378 2.7093449173335102 0 1 0
8 4 - 42 - 5.0237070856661985 0.9973518296653007 0 1 0
8 4 - 43 - 2.630605914999857 2.7646463866670574 0 0 2
8 4 - 44 - 5.3643360506666795 5.394836497000142 0 0 2
8 4 - 45 - 4.59816284633295 4.497441300666955 0 0 2
8 4 - 46 - 3.605333952999596 1.4780172949995176 0 1 0
8 4 - 47 - 4.621187671333852 5.354517709001206 0 0 2
8 4 - 48 - 5.224355118666305 5.483412603999872 0 0 2
8 4 - 49 - 4.226183643667052 1.0064159653332656 0 1 0
8 4 - 50 - 3.7370830509995963 3.5230257510011143 0 0 2
8 4 - 51 - 3.3924985110000607 4.33231343333379 0 0 2
8 4 - 52 - 3.353434077665952 3.041368190333742 0 0 2
8 4 - 53 - 2.4637872003343846 1.6720005466662164 0 1 0
8 4 - 54 - 5.026461342666759 5.8785856140008645 0 0 2
8 4 - 55 - 4.356093325666734 5.302521054333434 0 0 2
8 4 - 56 - 4.980860888999208 5.750990224667476 0 0 2
8 4 - 57 - 4.207721022666495 4.839328682332658 0 0 2
8 4 - 58 - 4.762179651666884 1.7152636936668084 0 1 0
8 4 - 59 - 2.667034040999473 2.681345338666991 0 0 2
8 4 - 60 - 3.0542068276663485 4.619035889000467 0 0 2
8 4 - 61 - 4.1860092499997945 1.0757315193350223 0 1 0
8 4 - 62 - 5.197651518333563 1.0649407030001992 0 1 0
8 4 - 63 - 3.6134424016666644 3.6688536106654888 0 0 2
8 4 - 64 - 3.8632685893341354 3.8464897533340263 0 0 2
8 4 - 65 - 3.0681540319995597 4.317149636666727 0 0 2
8 4 - 66 - 4.9584069019996 6.17236460300046 0 0 2
8 4 - 67 - 3.5103108310001216 1.6760165283333965 0 1 0
8 4 - 68 - 4.508449081666792 4.891619211332606 0 0 2
8 4 - 69 - 3.650818359000065 5.154328058333098 0 0 2
8 4 - 70 - 4.159052295667304 1.7073027876661704 0 1 0
8 4 - 71 - 4.0585820719995045 1.2093858309999632 0 1 0
8 4 - 72 - 4.693197320333638 4.930278980333242 0 0 2
8 4 - 73 - 4.415952524333382 1.1365728713329493 0 1 0
8 4 - 74 - 4.27448622300047 2.277534323333991 0 1 0
8 4 - 75 - 5.265692041000269 1.062820393001554 0 1 0
8 4 - 76 - 3.3753906689998985 2.023080723665771 0 0 2
8 4 - 77 - 4.096616649333251 3.680961843666713 0 0 2
8 4 - 78 - 5.00847185466652 1.374158239332246 0 1 0
8 4 - 79 - 5.014913996333538 8.395370312000523 0 1 0
8 4 - 80 - 2.5954192910000224 2.239477198666767 0 0 2
8 4 - 81 - 5.4584453616668425 7.328426611666146 0 0 2
8 4 - 82 - 4.320561887666676 4.4749291580004265 0 0 2
8 4 - 83 - 5.149539629333958 2.396244759000183 0 1 0
8 4 - 84 - 5.842153868999958 4.680889769332376 0 0 2
8 4 - 85 - 4.797970535667142 5.222568208000666 0 0 2
8 4 - 86 - 3.360796721333221 1.217231365000771 0 1 0
8 4 - 87 - 4.3400814913335735 1.3867440793334633 0 1 0
8 4 - 88 - 3.183477896999951 3.391858200332839 0 0 2
8 4 - 89 - 4.357637267999962 4.7851925316681445 0 0 2
8 4 - 90 - 4.382801814666284 4.592628505665441 0 0 2
8 4 - 91 - 5.072868671333102 1.5547284789997016 0 1 0
8 4 - 92 - 2.4561331123337977 3.5165200439993596 0 0 2
8 4 - 93 - 4.64048567233355 4.393023208334246 0 0 2
8 4 - 94 - 1.9533066780004447 1.37937438733267 0 1 0
8 4 - 95 - 3.5888346083332485 3.563085134666229 0 0 2
8 4 - 96 - 5.441069802333004 5.816646576001101 0 0 2
8 4 - 97 - 5.022416950666108 5.889579513999706 0 0 2
8 4 - 98 - 4.568856093332822 5.127608397332854 0 0 2
8 4 - 99 - 4.677894485999786 5.2243128480010155 0 0 2
8 8 - 0 - 58.69822217766705 65.1861953493341 0 0 2
8 8 - 1 - 62.390399996333144 67.50780344166742 0 0 2
8 8 - 2 - 48.11489046666611 5.805709561665935 0 1 0
8 8 - 3 - 56.51160471266667 53.68821566166722 0 0 2
8 8 - 4 - 64.63564342566679 68.83085940600056 0 0 2
8 8 - 5 - 68.01593211733295 74.02284454800065 0 0 2
8 8 - 6 - 47.72687905533227 52.50624037199971 0 0 2
8 8 - 7 - 69.61157078466688 71.86895839733309 0 0 2
8 8 - 8 - 45.561684610999386 53.05430405399966 0 0 2
8 8 - 9 - 53.95074949766664 74.56120508800025 0 0 2
8 8 - 10 - 61.24469093966703 13.340944711665847 0 1 0
8 8 - 11 - 51.85384330500044 58.4232393680001 0 0 2
8 8 - 12 - 51.20919378333383 55.06068070533305 0 0 2
8 8 - 13 - 56.08030345466735 21.893655959667132 0 1 0
8 8 - 14 - 64.22045358199952 64.78551193900057 0 0 2
8 8 - 15 - 62.70033410233312 60.09021734900004 0 0 2
8 8 - 16 - 62.29949941500006 81.9518681619999 0 0 2
8 8 - 17 - 73.18773638766713 69.9483139990019 0 0 2
8 8 - 18 - 48.12752597466655 25.600777951333534 0 1 0
8 8 - 19 - 57.68850275366519 55.472108861333254 0 0 2
8 8 - 20 - 47.61578763933237 52.41709614133409 0 0 2
8 8 - 21 - 51.5610219500001 47.874521452332075 0 0 2
8 8 - 22 - 60.38504354433462 7.352864835334913 0 1 0
8 8 - 23 - 57.67805348133455 51.78413745199941 0 0 2
8 8 - 24 - 64.1494807563334 63.16780608733461 0 0 2
8 8 - 25 - 52.965966867667404 6.3976876663315725 0 1 0
8 8 - 26 - 48.620811355666476 43.33594916133249 0 1 0
8 8 - 27 - 67.48495817733298 65.03521081266688 0 0 2
8 8 - 28 - 53.39330291866645 64.85971007033488 0 0 2
8 8 - 29 - 40.46692154600047 60.0683636303329 0 0 2
8 8 - 30 - 41.90562063766629 10.416818108332032 0 1 0
8 8 - 31 - 64.01763904866675 45.82108156933464 0 0 2
8 8 - 32 - 50.99460533299983 47.521554781999534 0 0 2
8 8 - 33 - 56.95479015666691 79.23871899966737 0 0 2
8 8 - 34 - 57.544103153001444 60.01075977599976 0 0 2
8 8 - 35 - 57.87939454033282 62.23980210199928 0 0 2
8 8 - 36 - 63.7147531586658 69.28124470799835 0 0 2
8 8 - 37 - 66.60982757533323 80.39320835900071 0 0 2
8 8 - 38 - 60.25789463899976 75.78333259766563 0 0 2
8 8 - 39 - 47.037476928000004 8.455038240332215 0 1 0
8 8 - 40 - 54.86241704999944 6.1819918203315565 0 1 0
8 8 - 41 - 53.9363538973339 32.78282613799941 0 1 0
8 8 - 42 - 47.27615130333288 7.083892932667368 0 1 0
8 8 - 43 - 39.193714671332906 43.32246249066642 0 0 2
8 8 - 44 - 61.68954164866591 46.73175567766642 0 0 2
8 8 - 45 - 49.32948556233411 50.19295124266622 0 0 2
8 8 - 46 - 61.219343855000865 18.099381116667548 0 1 0
8 8 - 47 - 61.16486450500088 64.59713076733412 0 0 2
8 8 - 48 - 58.042158900999006 65.40379669200047 0 0 2
8 8 - 49 - 42.15618787866697 5.875852956998036 0 1 0
8 8 - 50 - 47.34139384566637 51.84461336566892 0 0 2
8 8 - 51 - 53.64369268100078 63.158964003331974 0 0 2
8 8 - 52 - 53.5789157216653 58.37339631566768 0 0 2
8 8 - 53 - 55.964155144333446 14.658051803666847 0 1 0
8 8 - 54 - 57.790021621667016 69.03492046999963 0 0 2
8 8 - 55 - 48.190593134999894 45.28462941533386 0 0 2
8 8 - 56 - 60.82031057533459 69.73311603499921 0 0 2
8 8 - 57 - 71.83887986800012 73.72437627833521 0 0 2
8 8 - 58 - 59.9478046643344 37.879056382998286 0 1 0
8 8 - 59 - 56.03502714899878 51.585888022001505 0 0 2
8 8 - 60 - 52.95218701299988 50.31816511000094 0 0 2
8 8 - 61 - 52.40466280999923 9.54774470533448 0 1 0
8 8 - 62 - 55.55353456133404 7.906573123000271 0 1 0
8 8 - 63 - 56.17824678033261 58.84950643200136 0 0 2
8 8 - 64 - 51.43321067799965 61.52388441900136 0 0 2
8 8 - 65 - 64.12666958466798 49.723798944001224 0 0 2
8 8 - 66 - 50.37764776966651 62.73067632400125 0 0 2
8 8 - 67 - 47.176072419667136 22.865284430336033 0 1 0
8 8 - 68 - 52.05901089866529 59.14986810766519 0 0 2
8 8 - 69 - 49.91376856733284 53.0110744829993 0 0 2
8 8 - 70 - 48.35262599966639 24.283475474667892 0 1 0
8 8 - 71 - 59.45185776733221 6.0510185803335235 0 1 0
8 8 - 72 - 61.026023043001864 65.30762340233439 0 0 2
8 8 - 73 - 53.32298224666738 7.204763446328191 0 1 0
8 8 - 74 - 58.39315708866586 30.390974038668595 0 1 0
8 8 - 75 - 50.655462782667506 10.322829329331096 0 1 0
8 8 - 76 - 53.54361493999992 49.604777631999845 0 0 2
8 8 - 77 - 67.15387964199908 58.61433723932957 0 0 2
8 8 - 78 - 48.48304901033165 21.66408393733339 0 1 0
8 8 - 79 - 62.83581557266492 68.44163218299946 0 0 2
8 8 - 80 - 46.542587876332014 50.7733711089968 0 0 2
8 8 - 81 - 55.7380792473341 77.50184043133292 0 0 2
8 8 - 82 - 51.991808741331624 55.04509851433734 0 0 2
8 8 - 83 - 53.143928693333386 25.158363772997596 0 1 0
8 8 - 84 - 72.3597918366698 58.638395848332344 0 0 2
8 8 - 85 - 50.144618575664936 60.14689402033158 0 0 2
8 8 - 86 - 67.14867711166396 9.788750650996613 0 1 0
8 8 - 87 - 54.864463492000745 31.763997308664937 0 1 0
8 8 - 88 - 68.58551073966615 63.19850530166635 0 0 2
8 8 - 89 - 43.41771565666568 53.08077824199911 0 0 2
8 8 - 90 - 52.2398713006672 56.659049822000576 0 0 2
8 8 - 91 - 55.06171981633331 25.379220253331972 0 1 0
8 8 - 92 - 44.271755464333786 52.86399530833296 0 0 2
8 8 - 93 - 56.10882533266946 54.878545744664734 0 0 2
8 8 - 94 - 48.79925731233379 24.12033467366564 0 1 0
8 8 - 95 - 60.68641292366859 64.42580977899827 0 0 2
8 8 - 96 - 72.78292633699797 68.79655878900425 0 0 2
8 8 - 97 - 60.91089412899843 69.64297699400292 0 0 2
8 8 - 98 - 60.07943821366886 66.25564087733073 0 0 2
8 8 - 99 - 42.16694117100027 47.933282627998175 0 0 2
16 1 - 0 - 0.516552778002127 0.5979422436721507 0 1 0
16 1 - 1 - 0.3435045893323453 0.3559220020009283 0 1 0
16 1 - 2 - 0.449773561997669 0.2659939973382279 0 1 0
16 1 - 3 - 0.47127143699860125 0.5004485216680526 0 1 0
16 1 - 4 - 0.4998993829988952 0.26874308733143454 0 1 0
16 1 - 5 - 0.43348973166818416 0.453826357331612 0 1 0
16 1 - 6 - 0.5146650343328172 0.5309586689982098 0 1 0
16 1 - 7 - 0.4985963026653432 0.5816253256659062 0 1 0
16 1 - 8 - 0.4597574546666389 0.491736281333336 0 0 2
16 1 - 9 - 0.41973513700213516 0.4806596353300847 0 1 0
16 1 - 10 - 0.39831230633232434 0.2373404496659835 0 1 0
16 1 - 11 - 0.45080474666853354 0.4184190663315045 0 0 2
16 1 - 12 - 0.4479645546671236 0.4341714756640916 0 1 0
16 1 - 13 - 0.5132812813317287 0.5914109359994957 0 0 2
16 1 - 14 - 0.4810866550033097 0.5768642743302431 0 1 0
16 1 - 15 - 0.5071248123325253 0.5833348056694376 0 1 0
16 1 - 16 - 0.4632000453323902 0.5219470713321547 0 1 0
16 1 - 17 - 0.468817460333715 0.5295795276639789 0 1 0
16 1 - 18 - 0.46616238733501325 0.5220151849983571 0 1 0
16 1 - 19 - 0.47470563866469695 0.2598571359994821 0 1 0
16 1 - 20 - 0.5184458246706829 0.5733907819982657 0 1 0
16 1 - 21 - 0.5289553573335676 0.5645273323340613 0 1 0
16 1 - 22 - 0.46445265433188376 0.5088840926643267 0 1 0
16 1 - 23 - 0.46078709233794746 0.542710822664958 0 1 0
16 1 - 24 - 0.3901412789976651 0.4979962939954324 0 0 2
16 1 - 25 - 0.4543957096660355 0.45883026766872115 0 0 2
16 1 - 26 - 0.35329674166617525 0.39419201733592973 0 1 0
16 1 - 27 - 0.3709232200029267 0.45090232566872146 0 1 0
16 1 - 28 - 0.528014731668615 0.5354723213337518 0 1 0
16 1 - 29 - 0.4710495890006617 0.25736741300109617 0 1 0
16 1 - 30 - 0.4586612423324065 0.47923554133497726 0 0 2
16 1 - 31 - 0.4954275639999347 0.5456636783322514 0 1 0
16 1 - 32 - 0.5058139723332715 0.5699856356635186 0 1 0
16 1 - 33 - 0.40759041733448004 0.4207846443314338 0 1 0
16 1 - 34 - 0.4933283486631505 0.2743451213342875 0 1 0
16 1 - 35 - 0.4703250273353964 0.5610996706673177 0 1 0
16 1 - 36 - 0.4682067329971081 0.46487101599874825 0 1 0
16 1 - 37 - 0.4712532710012359 0.25732263466488803 0 1 0
16 1 - 38 - 0.5088660230030655 0.5330128756637957 0 1 0
16 1 - 39 - 0.435954144995776 0.24588725766564798 0 1 0
16 1 - 40 - 0.3944418759977756 0.3669253836681795 0 1 0
16 1 - 41 - 0.4882705523317175 0.26839769966560806 0 1 0
16 1 - 42 - 0.4137618203336994 0.45493605033213197 0 1 0
16 1 - 43 - 0.5348002856674914 0.2934763886635968 0 1 0
16 1 - 44 - 0.5423630753333176 0.5778511710038099 0 1 0
16 1 - 45 - 0.44396288266580086 0.48265152766543906 0 1 0
16 1 - 46 - 0.47822623933219194 0.5576544526653985 0 0 2
16 1 - 47 - 0.3651243166653634 0.4459605043302872 0 1 0
16 1 - 48 - 0.45212662366975565 0.49372964699675015 0 1 0
16 1 - 49 - 0.40265131733273546 0.47873599266555783 0 1 0
16 1 - 50 - 0.409848261331111 0.4505104823304767 0 1 0
16 1 - 51 - 0.5398072086682077 0.5506628206640016 0 1 0
16 1 - 52 - 0.4595814486650246 0.4800598903336019 0 0 2
16 1 - 53 - 0.3970855470009459 0.4241051066661991 0 1 0
16 1 - 54 - 0.43836716599859454 0.5799931476649363 0 1 0
16 1 - 55 - 0.47583795000052 0.5481475203341688 0 1 0
16 1 - 56 - 0.4226626126668028 0.23964287233441914 0 1 0
16 1 - 57 - 0.4208698173315497 0.47819005299728207 0 1 0
16 1 - 58 - 0.44451505833421834 0.2697422679993906 0 1 0
16 1 - 59 - 0.517093278664106 0.27333753933150245 0 1 0
16 1 - 60 - 0.544811226000699 0.6784641423340266 0 1 0
16 1 - 61 - 0.47530583432914375 0.5530866033368511 0 1 0
16 1 - 62 - 0.4759032229994773 0.5439422170020407 0 1 0
16 1 - 63 - 0.43835085033303284 0.4799240889988141 0 0 2
16 1 - 64 - 0.4479199279982519 0.47487458166870056 0 1 0
16 1 - 65 - 0.42031904533117387 0.255909028336949 0 1 0
16 1 - 66 - 0.5200811566634608 0.559949745669049 0 1 0
16 1 - 67 - 0.5053588286682498 0.5623247813321843 0 1 0
16 1 - 68 - 0.4214485289994627 0.4617955119999048 0 1 0
16 1 - 69 - 0.39039410333255853 0.4486845139981597 0 1 0
16 1 - 70 - 0.4125152223326344 0.48874421999547246 0 1 0
16 1 - 71 - 0.572583599666056 0.6444659176656085 0 0 2
16 1 - 72 - 0.5953227316689057 0.6514246296646888 0 0 2
16 1 - 73 - 0.43028927900013514 0.4844534019963855 0 1 0
16 1 - 74 - 0.4572405836661346 0.25234558633140597 0 1 0
16 1 - 75 - 0.36849203300274286 0.4121861893315023 0 1 0
16 1 - 76 - 0.5118518713352387 0.6068488456633835 0 1 0
16 1 - 77 - 0.5411123873321534 0.5326943256683687 0 1 0
16 1 - 78 - 0.4726599216640655 0.609321149000607 0 1 0
16 1 - 79 - 0.47065428499869694 0.5812850423341539 0 1 0
16 1 - 80 - 0.46506668933094863 0.6118029266654048 0 1 0
16 1 - 81 - 0.47633672066634364 0.27359773667073267 0 1 0
16 1 - 82 - 0.5048538103340737 0.28850295899853035 0 1 0
16 1 - 83 - 0.44100324533307383 0.5117996663369315 0 0 2
16 1 - 84 - 0.47317012699932093 0.26229045399668394 0 1 0
16 1 - 85 - 0.5592177923317649 0.5496893843349728 0 0 2
16 1 - 86 - 0.39861169233093585 0.5160057809989667 0 1 0
16 1 - 87 - 0.4260754849989704 0.24332720066740876 0 1 0
16 1 - 88 - 0.5521962746643112 0.7101433310017455 0 1 0
16 1 - 89 - 0.5451499503324158 0.6851459176638551 0 1 0
16 1 - 90 - 0.4881721679994371 0.5252863356678669 0 1 0
16 1 - 91 - 0.47070240433337557 0.5593740273325238 0 1 0
16 1 - 92 - 0.45295840099909884 0.23770546699718884 0 1 0
16 1 - 93 - 0.5633148933338816 0.6038125589984702 0 0 2
16 1 - 94 - 0.5158375463336901 0.6010856976669553 0 1 0
16 1 - 95 - 0.44564152833481785 0.45249656366650015 0 0 2
16 1 - 96 - 0.4343492643335291 0.5209878646637662 0 1 0
16 1 - 97 - 0.5012893803310969 0.6159133730009975 0 0 2
16 1 - 98 - 0.5370378383328595 0.6646935299941106 0 1 0
16 1 - 99 - 0.611998349003746 0.7223898333322722 0 0 2
16 2 - 0 - 3.7221648123352984 9.561682566665695 0 1 0
16 2 - 1 - 3.9843703130003023 6.699965937664578 0 1 0
16 2 - 2 - 3.896507987667671 2.5285792583357156 0 1 0
16 2 - 3 - 3.993971925662966 8.048625849667587 0 0 2
16 2 - 4 - 5.206433475332839 1.3362545713365157 0 1 0
16 2 - 5 - 4.117509863666783 6.93956328999775 0 1 0
16 2 - 6 - 3.7760500896644467 5.6445099590006675 0 0 2
16 2 - 7 - 4.512904554666117 5.4112059363275575 0 0 2
16 2 - 8 - 4.268378690331398 6.703550221332989 0 0 2
16 2 - 9 - 4.6097617216655635 6.556159067996001 0 1 0
16 2 - 10 - 3.935443833002258 1.1584526996666682 0 1 0
16 2 - 11 - 4.223007930670671 4.568139423667162 0 0 2
16 2 - 12 - 4.289098005002113 8.057986987667391 0 1 0
16 2 - 13 - 3.6360887993335687 7.488110737998795 0 0 2
16 2 - 14 - 4.536260764665107 7.170483450667234 0 0 2
16 2 - 15 - 5.006781316665487 5.796978553999604 0 0 2
16 2 - 16 - 4.180445613664536 8.016048190998845 0 0 2
16 2 - 17 - 4.078545108665518 7.386263558665329 0 1 0
16 2 - 18 - 3.300349993335355 8.381102240666223 0 1 0
16 2 - 19 - 3.503125181334326 2.973741114331157 0 1 0
16 2 - 20 - 4.287618288001492 5.402933645001516 0 0 2
16 2 - 21 - 5.082849156332182 8.057251027663977 0 0 2
16 2 - 22 - 4.253394771330932 6.980866113667919 0 0 2
16 2 - 23 - 4.178243641001851 7.99271406133145 0 0 2
16 2 - 24 - 4.405949524999111 4.446576180004437 0 0 2
16 2 - 25 - 3.9299622636681306 4.680217001997032 0 0 2
16 2 - 26 - 4.314300691332997 5.954051542665789 0 1 0
16 2 - 27 - 3.7293890023356653 5.015612426997298 0 1 0
16 2 - 28 - 4.465478878667151 6.913654520668691 0 0 2
16 2 - 29 - 4.310598263002854 2.232260123998761 0 1 0
16 2 - 30 - 4.746908479331371 6.60500831266836 0 0 2
16 2 - 31 - 3.8889077909989282 4.995558715997808 0 0 2
16 2 - 32 - 4.337330432329812 6.29993120933553 0 0 2
16 2 - 33 - 3.4260401036638846 4.843080154001655 0 0 2
16 2 - 34 - 4.028446930999053 1.0099823619990882 0 1 0
16 2 - 35 - 3.5884852956660325 6.986324528001812 0 0 2
16 2 - 36 - 4.436913769000967 5.505860450335604 0 0 2
16 2 - 37 - 4.699324155330639 0.9846643220031789 0 1 0
16 2 - 38 - 3.865178330001072 6.091073464997559 0 0 2
16 2 - 39 - 3.9072528373338478 1.7488456269954138 0 1 0
16 2 - 40 - 4.141709967002195 4.472289668003214 0 0 2
16 2 - 41 - 3.720421795000827 1.0206078826692342 0 1 0
16 2 - 42 - 3.756115550332955 5.738671242666896 0 0 2
16 2 - 43 - 4.116384988003119 1.2383956216678296 0 1 0
16 2 - 44 - 4.080367422332833 9.967543192006511 0 0 2
16 2 - 45 - 3.827121257333298 7.586907895332843 0 0 2
16 2 - 46 - 4.2916228966666194 4.595537248669038 0 0 2
16 2 - 47 - 4.359743814333342 7.442276474001119 0 1 0
16 2 - 48 - 3.730030393666918 7.984864683666577 0 1 0
16 2 - 49 - 4.138431664000867 11.345222713336018 0 1 0
16 2 - 50 - 3.8050688646665853 7.694747620659958 0 1 0
16 2 - 51 - 3.8227497363332077 7.409002242668066 0 0 2
16 2 - 52 - 4.851690587332996 4.837743922000906 0 0 2
16 2 - 53 - 4.393478676999318 7.027083269994667 0 1 0
16 2 - 54 - 3.8219973843345847 9.588588131666864 0 1 0
16 2 - 55 - 4.370000945333837 7.331117387666987 0 0 2
16 2 - 56 - 3.3368006349968105 2.4448534683324397 0 1 0
16 2 - 57 - 4.0563470063352725 5.906559627665653 0 0 2
16 2 - 58 - 4.653334903331901 2.5764594696690133 0 1 0
16 2 - 59 - 3.3461888113354994 1.8628631340009936 0 1 0
16 2 - 60 - 3.625352945668662 9.594548087668954 0 1 0
16 2 - 61 - 4.585087008667567 5.229525667333898 0 0 2
16 2 - 62 - 4.023986197001553 5.6849109830024345 0 0 2
16 2 - 63 - 4.109403055003591 4.357753879996986 0 0 2
16 2 - 64 - 4.75921421200231 5.380756824000855 0 0 2
16 2 - 65 - 4.18318854500103 2.516642170999451 0 1 0
16 2 - 66 - 3.7279584793335134 4.86701602266597 0 0 2
16 2 - 67 - 4.310809106330756 9.010971969335515 0 1 0
16 2 - 68 - 4.045847511001435 9.293101239997972 0 1 0
16 2 - 69 - 3.7240910136655048 5.130995741332299 0 0 2
16 2 - 70 - 3.740472427663917 11.128338401669074 0 1 0
16 2 - 71 - 4.2312592846622765 6.306437203665458 0 0 2
16 2 - 72 - 4.862134552332767 6.418812060001073 0 0 2
16 2 - 73 - 3.9524209350007973 6.607974599333829 0 0 2
16 2 - 74 - 3.930099977667851 2.1960104010019372 0 1 0
16 2 - 75 - 3.758547734665626 4.6999623926628065 0 0 2
16 2 - 76 - 3.628613291667231 10.203809123665753 0 1 0
16 2 - 77 - 3.887455278333315 5.4594677023366485 0 0 2
16 2 - 78 - 3.2014285066664647 7.971214615999391 0 1 0
16 2 - 79 - 3.897351229665219 7.430760405998929 0 0 2
16 2 - 80 - 3.6761399436654756 6.71153169600196 0 0 2
16 2 - 81 - 4.159198728334256 1.1813981996650302 0 1 0
16 2 - 82 - 4.5350682140003 2.251432996332975 0 1 0
16 2 - 83 - 3.8195211816661563 5.446819071672508 0 0 2
16 2 - 84 - 3.7540596779993693 2.1672896896658735 0 1 0
16 2 - 85 - 4.902930846665791 7.1545306706660385 0 0 2
16 2 - 86 - 4.644388807333598 5.5610749163364135 0 1 0
16 2 - 87 - 3.8811462739977287 2.5834973949968116 0 1 0
16 2 - 88 - 4.465420119001161 6.757430487668898 0 0 2
16 2 - 89 - 4.1738159339972 9.671267946333197 0 1 0
16 2 - 90 - 4.7820668039979255 6.2632332906650845 0 0 2
16 2 - 91 - 3.9438223636631546 9.834236419000566 0 0 2
16 2 - 92 - 4.270450421997035 1.7325586746640813 0 1 0
16 2 - 93 - 4.3024196436672355 5.126728949001214 0 0 2
16 2 - 94 - 4.981292361665207 8.103142270001019 0 0 2
16 2 - 95 - 4.911209079999631 4.809814660329721 0 0 2
16 2 - 96 - 4.208980964666504 9.467276293667965 0 1 0
16 2 - 97 - 4.380470532664427 5.365804505003325 0 0 2
16 2 - 98 - 4.328865003333097 7.061873205998078 0 0 2
16 2 - 99 - 4.909944069336538 6.031516911330982 0 0 2
16 4 - 0 - 34.575856130999455 75.26206510599634 0 0 2
16 4 - 1 - 68.09192956800447 142.6276914626651 0 0 2
16 4 - 2 - 29.902425706997747 15.816579210668957 0 1 0
16 4 - 3 - 33.081084455331926 80.6638384350008 0 0 2
16 4 - 4 - 66.34412946633529 5.439046430998133 0 1 0
16 4 - 5 - 41.313001752331424 71.25850402966898 0 0 2
16 4 - 6 - 34.998978074334445 61.817977369333676 0 0 2
16 4 - 7 - 36.291342304662976 74.31419849866263 0 0 2
16 4 - 8 - 46.904594948330974 55.644592907665356 0 0 2
16 4 - 9 - 77.05032406400278 103.23525400799797 0 0 2
16 4 - 10 - 54.57064963233279 7.775797803003419 0 1 0
16 4 - 11 - 67.83809679833453 55.70380783832904 0 0 2
16 4 - 12 - 82.80791493466434 120.35817393933151 0 0 2
16 4 - 13 - 44.95520725900133 55.55710887766812 0 0 2
16 4 - 14 - 55.27801473400177 75.37511872200169 0 0 2
16 4 - 15 - 44.12659596499725 68.34208857966829 0 0 2
16 4 - 16 - 74.98925249566673 96.54332943066643 0 0 2
16 4 - 17 - 36.058737974334996 81.18607009433859 0 0 2
