4 1 - 0 - 0.021424875669860434 0.01937076233055753 0 1 0
4 1 - 1 - 0.024011126333789434 0.02550177233448873 1 0 1
4 1 - 2 - 0.02501760466839187 0.026849755668081343 0 0 2
4 1 - 3 - 0.0255765156665196 0.024948975997782934 0 0 2
4 1 - 4 - 0.021808195332899533 0.022950905329101563 1 0 1
4 1 - 5 - 0.026645665001221158 0.026392929668266635 0 0 2
4 1 - 6 - 0.023370444670338962 0.02281620600115275 0 0 2
4 1 - 7 - 0.025172968998958822 0.025573507332107205 0 0 2
4 1 - 8 - 0.023334844336204696 0.02372464200501175 1 0 1
4 1 - 9 - 0.023911294330901 0.0223343809969568 0 1 0
4 1 - 10 - 0.02647327633652215 0.028103374330385122 0 0 2
4 1 - 11 - 0.02123836166720139 0.023409325995695934 0 1 0
4 1 - 12 - 0.027410197668359615 0.028137124000447027 1 0 1
4 1 - 13 - 0.026997546000833 0.02811405799972514 0 0 2
4 1 - 14 - 0.025389315999442868 0.025542517001061547 0 0 2
4 1 - 15 - 0.02467453499896995 0.022196746334278334 0 1 0
4 1 - 16 - 0.026406997999098774 0.024005166667241916 0 1 0
4 1 - 17 - 0.0207053333336565 0.02028601599643783 1 0 1
4 1 - 18 - 0.023431760996269684 0.024912408999322604 0 1 0
4 1 - 19 - 0.024935991001257207 0.02744731499842601 0 0 2
4 1 - 20 - 0.023043473333624814 0.02413437000116877 0 1 0
4 1 - 21 - 0.02132331399722413 0.02135271532946111 1 0 1
4 1 - 22 - 0.026997967666829936 0.02348691600248761 0 1 0
4 1 - 23 - 0.024917924665108636 0.0219935283336478 0 1 0
4 1 - 24 - 0.025902550667524338 0.022558834001150295 0 1 0
4 1 - 25 - 0.026047792666455887 0.023817363333364483 0 1 0
4 1 - 26 - 0.02621900000182601 0.02784246433293447 0 0 2
4 1 - 27 - 0.026618054335510045 0.02386042666330468 0 1 0
4 1 - 28 - 0.026947623666880343 0.02745536399985819 0 1 0
4 1 - 29 - 0.026428897001702957 0.02390216333393861 0 1 0
4 1 - 30 - 0.02740767966315616 0.027119378333736677 0 0 2
4 1 - 31 - 0.026089766334431868 0.027997333997821745 0 0 2
4 1 - 32 - 0.02684582499690199 0.02379303800262278 0 1 0
4 1 - 33 - 0.024085543331845354 0.025020469998707995 1 0 1
4 1 - 34 - 0.026790950668024983 0.02770244199928129 0 0 2
4 1 - 35 - 0.022115872998256236 0.0230790806672303 1 0 1
4 1 - 36 - 0.028343666000485733 0.028463330333276343 0 0 2
4 1 - 37 - 0.02535503066610545 0.022166723004678108 0 1 0
4 1 - 38 - 0.02514969833282521 0.022400847999961115 0 1 0
4 1 - 39 - 0.02149046333458197 0.02424445899669081 0 0 2
4 1 - 40 - 0.027698264668288175 0.029513936666868783 0 1 0
4 1 - 41 - 0.021058806999159668 0.02401346699965264 0 1 0
4 1 - 42 - 0.024285923665350612 0.025118348331792124 0 1 0
4 1 - 43 - 0.023516011334625848 0.020768682666433353 0 1 0
4 1 - 44 - 0.025318690333127353 0.026446582662174478 0 0 2
4 1 - 45 - 0.025971077668752212 0.023890989667658385 0 1 0
4 1 - 46 - 0.024701196668805398 0.02256177233357448 0 1 0
4 1 - 47 - 0.022640518000116572 0.023138822667533532 1 0 1
4 1 - 48 - 0.025026599333311122 0.02539273699706731 0 0 2
4 1 - 49 - 0.02980513066480247 0.030436747998464853 0 0 2
4 1 - 50 - 0.02206347666651709 0.023237280666459505 1 0 1
4 1 - 51 - 0.02446779433375923 0.02310643400414847 0 0 2
4 1 - 52 - 0.020560341001934525 0.01924514433630975 0 1 0
4 1 - 53 - 0.02646722933665539 0.02402559999851898 0 1 0
4 1 - 54 - 0.020975810000284884 0.02081481467030244 1 0 1
4 1 - 55 - 0.025007716001709923 0.0230726293399736 0 0 2
4 1 - 56 - 0.025499570331400417 0.0236820896655748 0 1 0
4 1 - 57 - 0.02212742767005693 0.02285812566212068 1 0 1
4 1 - 58 - 0.027973257330207463 0.02545708566564523 0 1 0
4 1 - 59 - 0.026196905666438397 0.023831078001724865 0 1 0
4 1 - 60 - 0.02192409199778922 0.022347704999750324 1 0 1
4 1 - 61 - 0.024100016666731488 0.024978112000098918 1 0 1
4 1 - 62 - 0.020849694665230345 0.02128318299946841 1 0 1
4 1 - 63 - 0.022904562334588263 0.023275043002892442 1 0 1
4 1 - 64 - 0.02194853966405693 0.023113558665500022 1 0 1
4 1 - 65 - 0.022645416000159457 0.0209156463315594 0 1 0
4 1 - 66 - 0.027775993335429423 0.02807747633535958 0 0 2
4 1 - 67 - 0.0226338096690597 0.02278784933150746 1 0 1
4 1 - 68 - 0.022850069666067913 0.023600236330821645 1 0 1
4 1 - 69 - 0.02873154033538109 0.028377229997810595 0 0 2
4 1 - 70 - 0.026705329000833444 0.024073662660763752 0 1 0
4 1 - 71 - 0.026892235667522375 0.026671543664027315 0 0 2
4 1 - 72 - 0.02342064166684092 0.022588459333443705 0 0 2
4 1 - 73 - 0.022081198667971574 0.022673165331070777 1 0 1
4 1 - 74 - 0.025250631998157285 0.025060034335183445 0 0 2
4 1 - 75 - 0.022744129336691305 0.020619256999149606 0 1 0
4 1 - 76 - 0.027023806001428362 0.026060406666753504 0 0 2
4 1 - 77 - 0.02683067199783788 0.026509357662386417 0 0 2
4 1 - 78 - 0.02326539066658976 0.020912071328590777 0 1 0
4 1 - 79 - 0.02601358966542951 0.028118347998921912 0 1 0
4 1 - 80 - 0.02716978533620325 0.027771431998795983 0 0 2
4 1 - 81 - 0.025391709665806655 0.026365545333343714 0 0 2
4 1 - 82 - 0.02234554133368268 0.021098532667868614 0 1 0
4 1 - 83 - 0.024446882664051373 0.02415003666828852 1 0 1
4 1 - 84 - 0.020980886663892306 0.020546555332354426 1 0 1
4 1 - 85 - 0.026065037003718317 0.02668386666967611 0 1 0
4 1 - 86 - 0.028475249666371383 0.025828633333730977 0 1 0
4 1 - 87 - 0.024165955665618334 0.02629508766646419 0 1 0
4 1 - 88 - 0.02495901233244998 0.022403347999594796 0 1 0
4 1 - 89 - 0.02381973666585206 0.024895043333041638 0 1 0
4 1 - 90 - 0.02720870699946924 0.0236168390038074 0 1 0
4 1 - 91 - 0.02672522500021538 0.02736756499749996 0 1 0
4 1 - 92 - 0.024829484997705244 0.026242008333307844 0 1 0
4 1 - 93 - 0.023357638999489914 0.023832337336595327 1 0 1
4 1 - 94 - 0.022767739331660174 0.024912106004194357 0 1 0
4 1 - 95 - 0.02409909200165809 0.023922534334512118 1 0 1
4 1 - 96 - 0.026756687667026803 0.028244760336140946 0 0 2
4 1 - 97 - 0.02209742066528027 0.023041872659329478 1 0 1
4 1 - 98 - 0.022916432666534092 0.024893085996154696 0 1 0
4 1 - 99 - 0.024314161002015076 0.028442346333273843 0 1 0
4 2 - 0 - 0.09631999299745075 0.0718516250005147 0 1 0
4 2 - 1 - 0.09983263566634075 0.10840527266312468 0 0 2
4 2 - 2 - 0.10289656567086543 0.12978457866605217 0 0 2
4 2 - 3 - 0.09845430200221017 0.10539853366935859 0 0 2
4 2 - 4 - 0.0790631999989273 0.10802329333576685 1 0 1
4 2 - 5 - 0.10111850433410532 0.11344320466499387 0 0 2
4 2 - 6 - 0.09760522433498409 0.10551750500114092 0 0 2
4 2 - 7 - 0.09732888566698723 0.10570834399792754 0 0 2
4 2 - 8 - 0.08151862533122767 0.10646863066358492 1 0 1
4 2 - 9 - 0.10126210166830181 0.07927573800407117 0 1 0
4 2 - 10 - 0.10810710566875059 0.11107722866775778 0 0 2
4 2 - 11 - 0.09322372666792944 0.14157896533288294 0 1 0
4 2 - 12 - 0.10483323733205907 0.11218281533607902 0 0 2
4 2 - 13 - 0.10450043699772019 0.11197543166296478 0 0 2
4 2 - 14 - 0.10722331033321097 0.11180915499911255 0 0 2
4 2 - 15 - 0.10417661966979115 0.07721479333607324 0 1 0
4 2 - 16 - 0.10609279299872773 0.08093233566372268 0 1 0
4 2 - 17 - 0.09213568200114727 0.10780245767091401 1 0 1
4 2 - 18 - 0.09472105266710666 0.117317443335196 0 0 2
4 2 - 19 - 0.101250519665579 0.11499620899849106 0 0 2
4 2 - 20 - 0.0939138073323799 0.17739569466599883 0 1 0
4 2 - 21 - 0.09514602733058078 0.09698185999635218 1 0 1
4 2 - 22 - 0.10356413633659636 0.08008033166697714 0 1 0
4 2 - 23 - 0.10007756300183246 0.07980030566492739 0 1 0
4 2 - 24 - 0.09533573466615053 0.0802783706652311 0 1 0
4 2 - 25 - 0.09965566866837132 0.07931569832968914 0 1 0
4 2 - 26 - 0.10044360333267832 0.1284471359977033 0 0 2
4 2 - 27 - 0.10298956533127543 0.08435714466516706 0 1 0
4 2 - 28 - 0.0976098136670771 0.12018089366756612 0 0 2
4 2 - 29 - 0.10005011633620597 0.08268593900235524 0 1 0
4 2 - 30 - 0.10216031800033913 0.10845371633574057 0 0 2
4 2 - 31 - 0.10583585199977581 0.11185397066340859 0 0 2
4 2 - 32 - 0.10702572433365276 0.08179910533120467 0 1 0
4 2 - 33 - 0.10039317199940949 0.10576873866860599 0 0 2
4 2 - 34 - 0.10062578033587972 0.12851821033351976 0 0 2
4 2 - 35 - 0.09516875533396765 0.10253727300005266 0 0 2
4 2 - 36 - 0.10755489533282041 0.10978554166892233 0 0 2
4 2 - 37 - 0.09536755999579327 0.07978837833555492 0 1 0
4 2 - 38 - 0.09739357999933418 0.07613831100024981 0 1 0
4 2 - 39 - 0.0977583996670243 0.13049612532874258 0 0 2
4 2 - 40 - 0.10743433966611822 0.14123388166384152 0 0 2
4 2 - 41 - 0.09553100399837906 0.1348686949980523 0 1 0
4 2 - 42 - 0.09896395167015726 0.19648150499900416 0 1 0
4 2 - 43 - 0.10073017199950603 0.07909644166647922 0 1 0
4 2 - 44 - 0.09985290233210738 0.1167601640020924 0 0 2
4 2 - 45 - 0.10246592133626109 0.07969034733590283 0 1 0
4 2 - 46 - 0.10118029066507006 0.080530218333782 0 1 0
4 2 - 47 - 0.07822971700079506 0.10749333200025528 1 0 1
4 2 - 48 - 0.1048856173316987 0.10503334433936592 0 0 2
4 2 - 49 - 0.11334460799844237 0.12148985699847496 0 0 2
4 2 - 50 - 0.08021963833258876 0.10866964866727358 1 0 1
4 2 - 51 - 0.09954364066409956 0.1057985819982908 0 0 2
4 2 - 52 - 0.09745091933533938 0.07296173733144921 0 1 0
4 2 - 53 - 0.10087825299948842 0.07951756333689748 0 1 0
4 2 - 54 - 0.1005719246653219 0.10435543499867588 1 0 1
4 2 - 55 - 0.09861767433418814 0.11866572733561043 0 0 2
4 2 - 56 - 0.10047147599834716 0.08034171799954493 0 1 0
4 2 - 57 - 0.07794404066711043 0.10746248999930685 1 0 1
4 2 - 58 - 0.10634071900130948 0.08340098166566652 0 1 0
4 2 - 59 - 0.09943269066570792 0.08455899167165626 0 1 0
4 2 - 60 - 0.09639438933421236 0.10144555467074194 1 0 1
4 2 - 61 - 0.09966517133337523 0.10457818300104312 0 0 2
4 2 - 62 - 0.07170722832961474 0.10024922266893554 1 0 1
4 2 - 63 - 0.10776201633173817 0.09949329699884402 1 0 1
4 2 - 64 - 0.09435349233293285 0.10277107000001706 1 0 1
4 2 - 65 - 0.09771085266644755 0.07685612999921432 0 1 0
4 2 - 66 - 0.10606603699852712 0.1181984800035328 0 0 2
4 2 - 67 - 0.10307758933292159 0.10272652499891896 0 0 2
4 2 - 68 - 0.07925655766545485 0.10854180966756152 1 0 1
4 2 - 69 - 0.10829156332814212 0.1163687733351253 0 0 2
4 2 - 70 - 0.10164321300302012 0.0846782063357144 0 1 0
4 2 - 71 - 0.10144261499954155 0.11249873433553148 0 0 2
4 2 - 72 - 0.10147579766635317 0.11485318599928482 0 0 2
4 2 - 73 - 0.08136678600324862 0.09972343833214836 1 0 1
4 2 - 74 - 0.09745799033650353 0.10176410066924291 0 0 2
4 2 - 75 - 0.09771951433261468 0.07573093900039869 0 1 0
4 2 - 76 - 0.10690174366512413 0.1087766749963824 0 0 2
4 2 - 77 - 0.10087715200158223 0.11154997599805938 0 0 2
4 2 - 78 - 0.0973031390021788 0.07833876933727879 0 1 0
4 2 - 79 - 0.1009355999995023 0.1103834016660888 0 0 2
4 2 - 80 - 0.10265705333343551 0.10966981099772966 0 0 2
4 2 - 81 - 0.10714946766529465 0.1102516503330359 0 0 2
4 2 - 82 - 0.09964493200095603 0.0752464790008768 0 1 0
4 2 - 83 - 0.09992308699778125 0.11238996433773232 0 0 2
4 2 - 84 - 0.09330995466492217 0.09799954133389596 1 0 1
4 2 - 85 - 0.10323436100103814 0.1065367786650313 0 0 2
4 2 - 86 - 0.10372004600018651 0.08472321033574796 0 1 0
4 2 - 87 - 0.09844395400189872 0.13687750932876952 0 1 0
4 2 - 88 - 0.10163183033485741 0.08023911333293654 0 1 0
4 2 - 89 - 0.09592182267078897 0.11150238899911831 0 0 2
4 2 - 90 - 0.10509368966449983 0.08130664833151968 0 1 0
4 2 - 91 - 0.1086141289997613 0.10695350466752036 0 0 2
4 2 - 92 - 0.1006446526638077 0.11228064566724547 0 0 2
4 2 - 93 - 0.08422624100300405 0.10237696133602488 1 0 1
4 2 - 94 - 0.09747992466873256 0.1179784286650829 0 0 2
4 2 - 95 - 0.10300850800073627 0.10254227833259695 0 0 2
4 2 - 96 - 0.102477299333259 0.11905023433791939 0 0 2
4 2 - 97 - 0.09792829199917227 0.09970305966756618 1 0 1
4 2 - 98 - 0.09533996666868916 0.2376897169985265 0 1 0
4 2 - 99 - 0.09766024066387521 0.10760904800069208 0 0 2
4 4 - 0 - 0.487690130668246 0.4401669566723285 0 1 0
4 4 - 1 - 0.5260198040001948 0.5079428896642639 0 0 2
4 4 - 2 - 0.4835625353322636 0.6025438829965424 0 0 2
4 4 - 3 - 0.49185577533110825 0.5552065176646768 0 0 2
4 4 - 4 - 0.37151929866862093 0.5238633643311914 1 0 1
4 4 - 5 - 0.5387264356662247 0.5192393796654262 0 0 2
4 4 - 6 - 0.5084952443357906 0.5299469993333332 0 0 2
4 4 - 7 - 0.49489645666714444 0.4767460916676403 0 0 2
4 4 - 8 - 0.38874428833514685 0.5018643746661837 1 0 1
4 4 - 9 - 0.5136664156646779 0.40848161199877114 0 1 0
4 4 - 10 - 0.5875545019977532 0.5887619743322526 0 0 2
4 4 - 11 - 0.5127688110005693 0.6650716793374158 0 1 0
4 4 - 12 - 0.5158184546671691 0.5790994413328008 0 0 2
4 4 - 13 - 0.5575044759995459 0.4997626633291172 0 0 2
4 4 - 14 - 0.5649471546663942 0.5953120263341892 0 0 2
4 4 - 15 - 0.4906949833336209 0.42501167166483356 0 1 0
4 4 - 16 - 0.472279057665825 0.3677870963316915 0 1 0
4 4 - 17 - 0.5538769710013488 0.5223211613313955 1 0 1
4 4 - 18 - 0.49662630966486176 0.5589292153332887 0 0 2
4 4 - 19 - 0.5048762856677058 0.5253135733364616 0 0 2
4 4 - 20 - 0.46719924799739 1.5345904663336114 0 1 0
4 4 - 21 - 0.6246236803320547 0.5233991079997699 1 0 1
4 4 - 22 - 0.5108943636660115 0.3794884169983561 0 1 0
4 4 - 23 - 0.5170906993347065 0.4240414646701538 0 1 0
4 4 - 24 - 0.4887755053350702 0.4127648690046044 0 1 0
4 4 - 25 - 0.5137660206649647 0.398276376996364 0 1 0
4 4 - 26 - 0.5149639059988355 0.5981134943309977 0 0 2
4 4 - 27 - 0.5155533633345234 0.4017323606628148 0 1 0
4 4 - 28 - 0.5587798839987954 0.6354694589972496 0 0 2
4 4 - 29 - 0.5122737599983036 0.40463533799872187 0 1 0
4 4 - 30 - 0.5192311826661655 0.5124271536672798 0 0 2
4 4 - 31 - 0.5169663166670944 0.5271362976709497 0 0 2
4 4 - 32 - 0.47034736500063445 0.36680464266828494 0 1 0
4 4 - 33 - 0.5256435353318617 0.5120577389995257 0 0 2
4 4 - 34 - 0.5140523736699834 0.6038154413326993 0 0 2
4 4 - 35 - 0.4957273946662705 0.4845427100008237 0 0 2
4 4 - 36 - 0.5594167850019099 0.5271658426693951 0 0 2
4 4 - 37 - 0.48533461599921185 0.41395552000176394 0 1 0
4 4 - 38 - 0.4714302360007423 0.36978594433458056 0 1 0
4 4 - 39 - 0.5235755986650474 0.5756362890000067 0 0 2
4 4 - 40 - 0.5287516153330216 0.5974057376685474 0 0 2
4 4 - 41 - 0.4814959156671345 0.6083781930016509 0 1 0
4 4 - 42 - 0.5469381756677951 0.49822374599898467 0 0 2
4 4 - 43 - 0.4946122059991467 0.3889015799989769 0 1 0
4 4 - 44 - 0.5078785076645242 0.5506924389968239 0 0 2
4 4 - 45 - 0.5118103183340281 0.37956975666505366 0 1 0
4 4 - 46 - 0.5297777453330733 0.4226909666661716 0 1 0
4 4 - 47 - 0.36995031899762887 0.5079596940001162 1 0 1
4 4 - 48 - 0.5459579346667548 0.567038611668977 0 0 2
4 4 - 49 - 0.5624092166641882 0.5694481476627212 0 0 2
4 4 - 50 - 0.37508844899760635 0.5298468246643704 1 0 1
4 4 - 51 - 0.5288657540004351 0.4984194466669578 0 0 2
4 4 - 52 - 0.5088731589979337 0.41669006732990965 0 1 0
4 4 - 53 - 0.504846006668231 0.3753375923333806 0 1 0
4 4 - 54 - 0.6106418916703357 0.5123542763346146 1 0 1
4 4 - 55 - 0.5615983890020289 0.5750732443339075 0 0 2
4 4 - 56 - 0.4867735163352336 0.40126830466275953 0 1 0
4 4 - 57 - 0.37092575599914807 0.5051476890002959 1 0 1
4 4 - 58 - 0.5018593173347957 0.3823834223318651 0 1 0
4 4 - 59 - 0.48338631633426604 0.40930144433514215 0 1 0
4 4 - 60 - 0.5386997683308437 0.5184332593344152 1 0 1
4 4 - 61 - 0.5286806669973885 0.5122385343299053 0 0 2
4 4 - 62 - 0.3600102139971568 0.4986469213326927 1 0 1
4 4 - 63 - 0.6046998036666386 0.4949906603384685 1 0 1
4 4 - 64 - 0.5351919323341765 0.49071410199879517 1 0 1
4 4 - 65 - 0.5050082516657616 0.3801936623325067 0 1 0
4 4 - 66 - 0.5517634643353329 0.5317092963377945 0 0 2
4 4 - 67 - 0.5474827589981335 0.569376855669058 0 0 2
4 4 - 68 - 0.3811167456660769 0.5379381500024465 1 0 1
4 4 - 69 - 0.5531558233318112 0.5803405860012086 0 0 2
4 4 - 70 - 0.5307546196660649 0.4049703670001084 0 1 0
4 4 - 71 - 0.5548974599999685 0.53475171533258 0 0 2
4 4 - 72 - 0.5143350376650536 0.528710874003688 0 0 2
4 4 - 73 - 0.3649031213353737 0.5286118163373127 1 0 1
4 4 - 74 - 0.4812812633341915 0.5115179043326256 0 0 2
4 4 - 75 - 0.48829981799644884 0.4110719766613329 0 1 0
4 4 - 76 - 0.5311999820017567 0.5558387553319335 0 0 2
4 4 - 77 - 0.5446979860013622 0.5260476416685075 0 0 2
4 4 - 78 - 0.4851858383335639 0.4501653890013889 0 1 0
4 4 - 79 - 0.5098471759968864 0.542382671662684 0 0 2
4 4 - 80 - 0.5041156350004409 0.5131925373328462 0 0 2
4 4 - 81 - 0.5083172870023797 0.4918804026674479 0 0 2
4 4 - 82 - 0.5268764100013262 0.4063074373383036 0 1 0
4 4 - 83 - 0.48890784666582476 0.49758273333524505 0 0 2
4 4 - 84 - 0.5494335946665767 0.49893931666883873 1 0 1
4 4 - 85 - 0.556717638001525 0.5135800313316091 0 0 2
4 4 - 86 - 0.5295838529976511 0.4200801606687795 0 1 0
4 4 - 87 - 0.47260030899875954 0.6775242283353388 0 1 0
4 4 - 88 - 0.526524913002504 0.4220468220034187 0 1 0
4 4 - 89 - 0.5199019353337159 0.523908914665905 0 0 2
4 4 - 90 - 0.5669611726698349 0.4542827473342186 0 1 0
4 4 - 91 - 0.5647442190020229 0.5294598526646344 0 0 2
4 4 - 92 - 0.501446765997874 0.5058457630026776 0 0 2
4 4 - 93 - 0.40316437233317026 0.5082885869972718 1 0 1
4 4 - 94 - 0.5605769346633073 0.5886128869994233 0 0 2
4 4 - 95 - 0.49439735966492054 0.49985961900044157 0 0 2
4 4 - 96 - 0.5460372100011833 0.5818287063302705 0 0 2
4 4 - 97 - 0.5585350100009236 0.4900309213383783 1 0 1
4 4 - 98 - 0.4788735630039203 2.693178879667054 0 1 0
4 4 - 99 - 0.5128068289996008 0.5667738403305217 0 0 2
8 1 - 0 - 0.08488013200015605 0.09566590799659025 0 0 2
8 1 - 1 - 0.08108019266607396 0.08414610599478087 1 0 1
8 1 - 2 - 0.09328067999740597 0.07398573533040084 0 1 0
8 1 - 3 - 0.09591642199908772 0.10972525566709616 0 1 0
8 1 - 4 - 0.08077065966790542 0.09017215932787319 0 1 0
8 1 - 5 - 0.07281094566618171 0.07266532033099793 0 0 2
8 1 - 6 - 0.093572214335533 0.10171119533333695 0 1 0
8 1 - 7 - 0.08383222533060082 0.08218726899455457 0 0 2
8 1 - 8 - 0.07129271133453585 0.07692411433284481 1 0 1
8 1 - 9 - 0.08442719533195486 0.0945753716659965 0 1 0
8 1 - 10 - 0.09003467366710538 0.07089719733145709 0 1 0
8 1 - 11 - 0.08345830833422951 0.07915580533396376 0 0 2
8 1 - 12 - 0.09271791133263226 0.10490178300339417 0 1 0
8 1 - 13 - 0.10062881733028917 0.07933534766925732 0 1 0
8 1 - 14 - 0.0840833263331054 0.09180945667321794 1 0 1
8 1 - 15 - 0.09633272399999744 0.10984333099622745 0 0 2
8 1 - 16 - 0.08352853800170124 0.09209570599584065 0 0 2
8 1 - 17 - 0.09692707366775721 0.11125636967093062 0 1 0
8 1 - 18 - 0.08253507066547172 0.07002413599548163 0 1 0
8 1 - 19 - 0.08523805666482076 0.08433926466871829 0 0 2
8 1 - 20 - 0.09887491333453606 0.09596457499962223 0 0 2
8 1 - 21 - 0.08177675733410676 0.08118766400002642 0 0 2
8 1 - 22 - 0.09302808866535392 0.07444753966653177 0 1 0
8 1 - 23 - 0.09051736200005205 0.09993495333522637 0 0 2
8 1 - 24 - 0.08252435100196939 0.0932558179993066 0 0 2
8 1 - 25 - 0.09468197966634762 0.07385934233510245 0 1 0
8 1 - 26 - 0.10125930100184632 0.07643598666375814 0 1 0
8 1 - 27 - 0.09552673399836446 0.0918667293371982 0 0 2
8 1 - 28 - 0.09297722566892237 0.11270926699702007 0 0 2
8 1 - 29 - 0.0855500870020478 0.09638603033333007 0 1 0
8 1 - 30 - 0.09806138666560098 0.07696715066413162 0 1 0
8 1 - 31 - 0.10215701166695604 0.10005592466768576 0 0 2
8 1 - 32 - 0.07676004400127567 0.08344882633294522 1 0 1
8 1 - 33 - 0.07425954133213963 0.09386108066731443 0 1 0
8 1 - 34 - 0.0903848986660402 0.0901929269991039 0 0 2
8 1 - 35 - 0.07612199499756873 0.09306098933302565 0 1 0
8 1 - 36 - 0.09658180499779216 0.1054458566698789 0 1 0
8 1 - 37 - 0.07971496133541223 0.08349214066887119 1 0 1
8 1 - 38 - 0.09446875099820318 0.09256695866497466 0 0 2
8 1 - 39 - 0.10248260866501369 0.08039126899529947 0 1 0
8 1 - 40 - 0.08235280866695878 0.06540346100033881 0 1 0
8 1 - 41 - 0.07345222100169242 0.06116137099888874 0 1 0
8 1 - 42 - 0.08558154466542571 0.06749149166474429 0 1 0
8 1 - 43 - 0.10019996966487572 0.11664390266863241 0 0 2
8 1 - 44 - 0.09128317866513194 0.10413889100163942 0 0 2
8 1 - 45 - 0.08635517933483546 0.08737020766905819 0 0 2
8 1 - 46 - 0.10576325232977979 0.0828551706702759 0 1 0
8 1 - 47 - 0.08132163100041603 0.0897572269993058 0 1 0
8 1 - 48 - 0.07970420733424059 0.10127737233657778 0 1 0
8 1 - 49 - 0.08486988133518025 0.06671905066711285 0 1 0
8 1 - 50 - 0.10977152633374013 0.10551020066244139 0 0 2
8 1 - 51 - 0.09954396433022339 0.11553875133540714 0 0 2
8 1 - 52 - 0.10947514899938444 0.12754425000215028 0 0 2
8 1 - 53 - 0.09072319166443776 0.0766792873328086 0 1 0
8 1 - 54 - 0.07874483799969312 0.0948909263315727 1 0 1
8 1 - 55 - 0.08964262899826281 0.09565444133477286 0 0 2
8 1 - 56 - 0.08764403299816574 0.10690621933463262 0 0 2
8 1 - 57 - 0.09934477133113737 0.10493945300064904 0 0 2
8 1 - 58 - 0.09564358700057103 0.07663351400212073 0 1 0
8 1 - 59 - 0.09443818566554305 0.09027792799800713 0 0 2
8 1 - 60 - 0.10497674599658544 0.11998223166786678 0 1 0
8 1 - 61 - 0.0913036023339373 0.0736274583323393 0 1 0
8 1 - 62 - 0.08735482233411554 0.06695316266753555 0 1 0
8 1 - 63 - 0.09250062233331846 0.09559194199876705 0 0 2
8 1 - 64 - 0.10517027266420578 0.11101924499719946 0 0 2
8 1 - 65 - 0.09307019633464127 0.10846692099585198 0 1 0
8 1 - 66 - 0.08801737733301707 0.0999458839990742 0 1 0
8 1 - 67 - 0.0909953429994251 0.07947686233577164 0 1 0
8 1 - 68 - 0.09362027266615769 0.10983559666541018 0 0 2
8 1 - 69 - 0.0984143413346222 0.09921609066562571 0 0 2
8 1 - 70 - 0.08365072300269578 0.069065873666356 0 1 0
8 1 - 71 - 0.09138333033479284 0.07395777633549491 0 1 0
8 1 - 72 - 0.09588279266608879 0.09791144033321568 0 0 2
8 1 - 73 - 0.09414288566525404 0.0766636050005521 0 1 0
8 1 - 74 - 0.07472396133380244 0.06430974833104604 0 1 0
8 1 - 75 - 0.09054128366551595 0.07009015433383561 0 1 0
8 1 - 76 - 0.10281213566486258 0.0989777939976193 0 0 2
8 1 - 77 - 0.09883386233317046 0.10351192132899693 0 0 2
8 1 - 78 - 0.0801559319976756 0.06652288600162137 0 1 0
8 1 - 79 - 0.07016876866691746 0.0811865646634639 0 1 0
8 1 - 80 - 0.10436514267106153 0.11313837800359276 0 0 2
8 1 - 81 - 0.08792130866398414 0.09676339833580035 0 0 2
8 1 - 82 - 0.08184362199972384 0.07930480033489098 0 0 2
8 1 - 83 - 0.08696228333428735 0.06783038833236787 0 1 0
8 1 - 84 - 0.08506602899675877 0.0898667426687704 0 0 2
8 1 - 85 - 0.09202303000104925 0.10245218066605352 0 0 2
8 1 - 86 - 0.08988164566835621 0.07080366099641347 0 1 0
8 1 - 87 - 0.08985247099917615 0.06700589800069187 0 1 0
8 1 - 88 - 0.09030078666546615 0.09238011766622853 0 0 2
8 1 - 89 - 0.09437553499932012 0.12063610966773315 0 1 0
8 1 - 90 - 0.10416232300243186 0.10560026299935998 0 0 2
8 1 - 91 - 0.08771364699835733 0.06728706300539973 0 1 0
8 1 - 92 - 0.09787221533285143 0.10217847133511289 0 0 2
8 1 - 93 - 0.07518590266651397 0.07231876466539688 0 0 2
8 1 - 94 - 0.09668711166644546 0.07649398033390753 0 1 0
8 1 - 95 - 0.102141518999512 0.1139161866667564 0 0 2
8 1 - 96 - 0.08047657800004042 0.08324731866741786 0 0 2
8 1 - 97 - 0.09544716266585358 0.1101777536678128 0 1 0
8 1 - 98 - 0.10041944099793909 0.10296462133313375 0 0 2
8 1 - 99 - 0.09886937433475396 0.10476767833461054 0 0 2
8 2 - 0 - 0.5062827296666608 0.4817643626714319 0 0 2
8 2 - 1 - 0.4787627629993949 0.5142744546659135 0 0 2
8 2 - 2 - 0.485181576332252 0.26604518566697755 0 1 0
8 2 - 3 - 0.5169499719995656 0.5749685069992363 0 0 2
8 2 - 4 - 0.4777104973351622 0.5611577196686994 0 0 2
8 2 - 5 - 0.48842916766928585 0.4659259853360709 0 0 2
8 2 - 6 - 0.5163900643359132 0.4565347776685182 0 0 2
8 2 - 7 - 0.47961141100192134 0.49538527700254537 0 0 2
8 2 - 8 - 0.5659846303339388 0.49802578166660777 0 0 2
8 2 - 9 - 0.474736724664884 1.2592450456674367 0 1 0
8 2 - 10 - 0.5146819756676753 0.28044324499690754 0 1 0
8 2 - 11 - 0.47471222499977256 0.45373393966777564 0 0 2
8 2 - 12 - 0.5134399093318885 0.5838424073347899 0 0 2
8 2 - 13 - 0.5183652516667886 0.32796856666633784 0 1 0
8 2 - 14 - 0.4931020756654713 0.5835602279985324 0 0 2
8 2 - 15 - 0.5068915366646252 0.6139149843268872 0 0 2
8 2 - 16 - 0.44805322766721173 0.5053035156670376 0 0 2
8 2 - 17 - 0.48047871533587266 0.5467839686655982 0 0 2
8 2 - 18 - 0.47390377333310124 0.2705365023308938 0 1 0
8 2 - 19 - 0.5044514609980979 0.5294431160024639 0 0 2
8 2 - 20 - 0.5624389193326351 0.5986853369977325 0 0 2
8 2 - 21 - 0.5057706870017379 0.5111592906687292 0 0 2
8 2 - 22 - 0.41687081800046144 0.2591260543316215 0 1 0
8 2 - 23 - 0.44826363233490457 0.543990638005198 0 0 2
8 2 - 24 - 0.4801108146639308 0.5575343013357875 0 0 2
8 2 - 25 - 0.5228901173298557 0.2631385220010998 0 1 0
8 2 - 26 - 0.4454959193317336 0.3304777103379214 0 1 0
8 2 - 27 - 0.5524385890021222 0.4705150669954795 0 0 2
8 2 - 28 - 0.5358887873323208 0.6272791079924598 0 0 2
8 2 - 29 - 0.44052780933270697 0.8543641633320174 0 1 0
8 2 - 30 - 0.48541803666982253 0.2646257506639813 0 1 0
8 2 - 31 - 0.4437070346660524 0.48678349766608636 0 0 2
8 2 - 32 - 0.5668625156661922 0.4571736416667894 0 0 2
8 2 - 33 - 0.455824989330722 0.7556710056645292 0 1 0
8 2 - 34 - 0.48085729199859395 0.5807931326659551 0 0 2
8 2 - 35 - 0.48910205366458587 0.6042039809981361 0 0 2
8 2 - 36 - 0.4586655336655288 0.5680796466719282 0 0 2
8 2 - 37 - 0.5624340906676176 0.5217342433340187 0 0 2
8 2 - 38 - 0.5085897396687263 0.5680544373341642 0 0 2
8 2 - 39 - 0.4413491109977864 0.2697557236654878 0 1 0
8 2 - 40 - 0.4988530446668544 0.22768743466682886 0 1 0
8 2 - 41 - 0.44004520399903413 0.24288122299428022 0 1 0
8 2 - 42 - 0.48018049266344554 0.24562095466778072 0 1 0
8 2 - 43 - 0.4355608346668305 0.5310665549938374 0 0 2
8 2 - 44 - 0.488379921996966 0.5250631953313132 0 0 2
8 2 - 45 - 0.4879922890007341 0.5130183820025801 0 0 2
8 2 - 46 - 0.5144618623356412 0.3632887143321568 0 1 0
8 2 - 47 - 0.4466910699993605 0.4842954033301794 0 0 2
8 2 - 48 - 0.5122953559985035 0.8943045259996628 0 0 2
8 2 - 49 - 0.4816764930001227 0.23713296200245773 0 1 0
8 2 - 50 - 0.4582044146688228 0.5008975166686772 0 0 2
8 2 - 51 - 0.531050006999673 0.7032441500001975 0 0 2
8 2 - 52 - 0.49068767766827176 0.5786068133359852 0 0 2
8 2 - 53 - 0.38701584400162875 0.3013131886643047 0 1 0
8 2 - 54 - 0.4300629756665633 0.5937824256664802 0 0 2
8 2 - 55 - 0.5020045623314218 0.5741547626676038 0 0 2
8 2 - 56 - 0.5097870139992059 0.603331032997327 0 0 2
8 2 - 57 - 0.50854467433237 0.5851716523296394 0 0 2
8 2 - 58 - 0.5113081326683945 0.28692237266659504 0 1 0
8 2 - 59 - 0.5013855729994248 0.49142143266605365 0 0 2
8 2 - 60 - 0.5059864323338843 0.5557796066665711 0 0 2
8 2 - 61 - 0.5110968953352615 0.2718870973355176 0 1 0
8 2 - 62 - 0.5162736529988857 0.23797655033316306 0 1 0
8 2 - 63 - 0.4993673449983665 0.5574306373334063 0 0 2
8 2 - 64 - 0.5135398193330426 0.6593147473346713 0 0 2
8 2 - 65 - 0.4991055016653263 0.5138712260013563 0 0 2
8 2 - 66 - 0.5170590946703063 0.5173284599998927 0 0 2
8 2 - 67 - 0.41316613999758073 0.3092039833306141 0 1 0
8 2 - 68 - 0.43812354533050285 0.5702103796696368 0 0 2
8 2 - 69 - 0.46397208166551235 0.5630891926654537 0 0 2
8 2 - 70 - 0.3777207956615409 0.28315793366831105 0 1 0
8 2 - 71 - 0.42967699266834336 0.2549994206662328 0 1 0
8 2 - 72 - 0.4025658263344667 0.48245267766954686 0 0 2
8 2 - 73 - 0.4599779740019585 0.2735263536669663 0 1 0
8 2 - 74 - 0.4577952006657142 0.2523309980024351 0 1 0
8 2 - 75 - 0.47905355566520785 0.24963390266202623 0 1 0
8 2 - 76 - 0.46350421099972056 0.4581636843310359 0 0 2
8 2 - 77 - 0.4646879586677339 0.48340699900048395 0 0 2
8 2 - 78 - 0.5105945573353285 0.2580117329998757 0 1 0
8 2 - 79 - 0.3712005113338819 0.7909363203386116 0 1 0
8 2 - 80 - 0.44601688133358647 0.5475387053326509 0 0 2
8 2 - 81 - 0.49369958533497993 0.5628584559987454 0 0 2
8 2 - 82 - 0.46442917933745775 0.5167317343317942 0 0 2
8 2 - 83 - 0.49816829566649784 0.2668560340001326 0 1 0
8 2 - 84 - 0.5211242563333751 0.5014474163350922 0 0 2
8 2 - 85 - 0.5279109793336829 0.5662252450007752 0 0 2
8 2 - 86 - 0.42829108900089824 0.25843393599643605 0 1 0
8 2 - 87 - 0.4638950243315776 0.25963321267045103 0 1 0
8 2 - 88 - 0.4796919789999568 0.4657502440022654 0 0 2
8 2 - 89 - 0.4988296846665132 0.575730444334719 0 0 2
8 2 - 90 - 0.532892389666813 0.5681585796677003 0 0 2
8 2 - 91 - 0.45950986633397406 0.271079988667528 0 1 0
8 2 - 92 - 0.4331364529983451 0.5196014123309093 0 0 2
8 2 - 93 - 0.4850861939994502 0.4290988286641853 0 0 2
8 2 - 94 - 0.4466483750002226 0.35663169100250036 0 1 0
8 2 - 95 - 0.49025217866680276 0.5487077036668779 0 0 2
8 2 - 96 - 0.5058415413319987 0.4777794673354947 0 0 2
8 2 - 97 - 0.5213731366651094 0.7861202703303813 0 0 2
8 2 - 98 - 0.5271503599991167 0.6524955726636108 0 0 2
8 2 - 99 - 0.4641280970002602 0.5407950936666264 0 0 2
8 4 - 0 - 4.917830422666157 5.268242760331001 0 0 2
8 4 - 1 - 4.89803347033497 4.799107155333331 0 0 2
8 4 - 2 - 3.0263206793363984 1.1115599080003449 0 1 0
8 4 - 3 - 4.165469427668238 3.76094675433463 0 0 2
8 4 - 4 - 5.7807281940016155 5.591770504999052 0 0 2
8 4 - 5 - 5.189504067998011 5.398371400003573 0 0 2
8 4 - 6 - 4.874765993331191 6.345402358662493 0 0 2
8 4 - 7 - 5.249197607331249 6.285812267999669 0 0 2
8 4 - 8 - 4.821668556333558 4.868572270999721 0 0 2
8 4 - 9 - 4.569645473001098 5.497383669001769 0 0 2
8 4 - 10 - 5.225296436665909 1.3049118636651351 0 1 0
8 4 - 11 - 4.418477974999405 3.991608758670433 0 0 2
8 4 - 12 - 2.1470796800009944 3.201488351000686 0 0 2
8 4 - 13 - 4.0783768566689105 1.7601829443350048 0 1 0
8 4 - 14 - 5.050434313998267 5.1457716449973905 0 0 2
8 4 - 15 - 4.961696571665622 5.143936745997053 0 0 2
8 4 - 16 - 5.106063574666526 6.277632378335207 0 0 2
8 4 - 17 - 5.85547225500098 6.059093851004339 0 0 2
8 4 - 18 - 4.028938200999012 2.2949795220022984 0 1 0
8 4 - 19 - 6.065867049997905 5.394160585002585 0 0 2
8 4 - 20 - 2.9338585256676497 4.379411886664457 0 0 2
8 4 - 21 - 4.249034850666551 5.916345708998658 0 0 2
8 4 - 22 - 2.7297799463340198 1.077906582332313 0 1 0
8 4 - 23 - 3.7727350190010234 4.7016574590040054 0 0 2
8 4 - 24 - 5.559643866666496 7.781253350331099 0 0 2
8 4 - 25 - 3.6543135226650825 1.1837465013377368 0 1 0
8 4 - 26 - 3.8265405249985633 1.5260694546668674 0 1 0
8 4 - 27 - 4.626241155997074 4.109035676665371 0 0 2
8 4 - 28 - 4.232378449334647 5.836998720997751 0 0 2
8 4 - 29 - 4.736450800002785 5.835547734328429 0 0 2
8 4 - 30 - 2.129529638000046 1.087999899997764 0 1 0
8 4 - 31 - 2.7786697596675367 2.105693414664226 0 0 2
8 4 - 32 - 5.3957660023321905 4.922333944664085 0 0 2
8 4 - 33 - 5.253624826334999 9.131900709997959 0 1 0
8 4 - 34 - 5.409589301333956 6.418051724336692 0 0 2
8 4 - 35 - 5.297198454999792 5.828905277667218 0 0 2
8 4 - 36 - 3.7593381393332193 4.121235469998888 0 0 2
8 4 - 37 - 5.254873469668382 6.511387417665295 0 0 2
8 4 - 38 - 4.758595219333074 5.306539430658934 0 0 2
8 4 - 39 - 2.481577420330723 1.0651948339970356 0 1 0
8 4 - 40 - 5.137438038999487 1.0335594550003104 0 1 0
8 4 - 41 - 4.557808612000372 1.642308821666423 0 1 0
8 4 - 42 - 4.058823748998596 1.047784364328739 0 1 0
8 4 - 43 - 2.075676979999116 3.0179393773311554 0 0 2
8 4 - 44 - 5.250075051333018 5.29378023466658 0 0 2
8 4 - 45 - 4.306823324334497 5.092552789998686 0 0 2
8 4 - 46 - 3.2587121763329683 1.5936115793301724 0 1 0
8 4 - 47 - 4.679045444332587 6.489207804998538 0 0 2
8 4 - 48 - 4.662930467001084 6.189078262997403 0 0 2
8 4 - 49 - 3.514302179333754 1.1699866096678306 0 1 0
8 4 - 50 - 2.9492690370000973 3.163202874003521 0 0 2
8 4 - 51 - 3.205058450999786 4.731631087670394 0 0 2
8 4 - 52 - 2.318957280331233 3.7218077293388583 0 0 2
8 4 - 53 - 3.7164057756623756 1.8363109840017084 0 1 0
8 4 - 54 - 4.818452997332012 7.591191451336878 0 0 2
8 4 - 55 - 3.895508100332033 4.4071704800007865 0 0 2
8 4 - 56 - 4.9793466629998875 7.168885329667925 0 0 2
8 4 - 57 - 4.717908220998652 5.217899502669752 0 0 2
8 4 - 58 - 4.464153606333032 1.7534857229960228 0 1 0
8 4 - 59 - 2.972326987003423 2.9087545576646034 0 0 2
8 4 - 60 - 3.3834504093344244 4.426842342332142 0 0 2
8 4 - 61 - 4.040547111665849 1.0426027150000057 0 1 0
8 4 - 62 - 5.5202943543336005 0.9796457499978715 0 1 0
8 4 - 63 - 4.588465555335763 2.92028973933581 0 0 2
8 4 - 64 - 3.8427446046674354 3.443091885999214 0 0 2
8 4 - 65 - 4.433753935336426 5.564865483664713 0 0 2
8 4 - 66 - 5.116105705332302 5.6965851349984105 0 0 2
8 4 - 67 - 3.3948571070019775 1.7561140039979364 0 1 0
8 4 - 68 - 3.9324960586673114 5.251125355668289 0 0 2
8 4 - 69 - 4.077553207001377 5.529288479997679 0 0 2
8 4 - 70 - 3.6224800549971405 1.7320022809993438 0 1 0
8 4 - 71 - 4.654572602332337 1.1258872746645163 0 1 0
8 4 - 72 - 3.8475140703327875 5.743765460334544 0 0 2
8 4 - 73 - 3.7392103216649657 1.1168133026658325 0 1 0
8 4 - 74 - 4.1004575633366285 1.7963496146646019 0 1 0
8 4 - 75 - 4.697879228328626 1.0574586213357784 0 1 0
8 4 - 76 - 3.146315119333546 3.5498056443345076 0 0 2
8 4 - 77 - 4.584408630003357 2.8169311499999217 0 0 2
8 4 - 78 - 4.817739562999729 1.5724936336652415 0 1 0
8 4 - 79 - 4.790077234002334 8.002525642994442 0 0 2
8 4 - 80 - 2.1632205573332612 2.559856491665414 0 0 2
8 4 - 81 - 5.25063984032992 5.905844969997513 0 0 2
8 4 - 82 - 4.1830805339996004 5.22394459600279 0 0 2
8 4 - 83 - 5.489179461668149 1.9283483100031542 0 1 0
8 4 - 84 - 5.786702883000544 5.903570152334092 0 0 2
8 4 - 85 - 5.075374340999891 4.956418661665035 0 0 2
8 4 - 86 - 3.354000579670052 1.3268190693343058 0 1 0
8 4 - 87 - 5.187824180667424 1.291090517004098 0 1 0
8 4 - 88 - 2.664027062666719 2.697658405001372 0 0 2
8 4 - 89 - 3.9133534650003035 4.793568919327905 0 0 2
8 4 - 90 - 4.49618733466438 5.463091279331517 0 0 2
8 4 - 91 - 5.409413745665612 1.3138265993378202 0 1 0
8 4 - 92 - 2.4144894640024477 2.923698088665939 0 0 2
8 4 - 93 - 4.682493679666853 4.424335386662278 0 0 2
8 4 - 94 - 3.26133698833534 1.8114790750017467 0 1 0
8 4 - 95 - 4.161077596669202 4.430381764667497 0 0 2
8 4 - 96 - 5.82884538666743 6.278388940666143 0 0 2
8 4 - 97 - 4.223246198666554 5.6274831850023475 0 0 2
8 4 - 98 - 5.095457870998265 4.42615327800498 0 0 2
8 4 - 99 - 4.287502340334565 4.988790328333077 0 0 2
8 8 - 0 - 60.189518206335684 73.64846273199751 0 0 2
8 8 - 1 - 67.15943400633114 67.88755628933723 0 0 2
8 8 - 2 - 48.988078979331476 6.523881168999651 0 1 0
8 8 - 3 - 59.104018928002915 58.71188500399876 0 0 2
8 8 - 4 - 74.06355063466376 64.35017833467282 0 0 2
8 8 - 5 - 65.43483120100184 69.59827565100568 0 0 2
8 8 - 6 - 48.922881355339385 61.68564126733205 0 0 2
8 8 - 7 - 62.89950240966088 66.75995721799457 0 0 2
8 8 - 8 - 42.456218311660145 45.933330549669336 0 0 2
8 8 - 9 - 54.59043337167047 73.87216817399408 0 0 2
8 8 - 10 - 60.19658701832426 13.370099965662424 0 1 0
8 8 - 11 - 56.57122143866339 52.04981719499725 0 0 2
8 8 - 12 - 49.14574030866788 56.29266142233488 0 0 2
8 8 - 13 - 53.162613486997245 18.835430125337247 0 1 0
8 8 - 14 - 62.58945158099717 63.351317548998246 0 0 2
8 8 - 15 - 64.67157502333673 57.51745180366561 0 0 2
8 8 - 16 - 57.303633429003334 76.37682445133396 0 0 2
8 8 - 17 - 65.17869234932975 61.52547323832308 0 0 2
8 8 - 18 - 53.757765765670534 32.00627965599415 0 1 0
8 8 - 19 - 69.38347541966748 57.639652586668184 0 0 2
8 8 - 20 - 40.64081609666755 47.8555420699995 0 0 2
8 8 - 21 - 46.5488645266693 38.37414113066916 0 0 2
8 8 - 22 - 53.94476301466542 5.645648118001796 0 1 0
8 8 - 23 - 55.90847156400074 52.16882855633351 0 0 2
8 8 - 24 - 54.497784469334874 78.36185777865951 0 0 2
8 8 - 25 - 56.02935332233028 6.904103616674547 0 1 0
8 8 - 26 - 45.72139424933024 10.751797258659886 0 1 0
8 8 - 27 - 74.41361470699971 61.68961801466745 0 0 2
8 8 - 28 - 61.89821221399568 68.7683138216768 0 0 2
8 8 - 29 - 38.89377006766638 66.28011728232377 0 0 2
8 8 - 30 - 52.98766157033484 10.263596197008155 0 1 0
8 8 - 31 - 51.56960086266433 59.53364917999231 0 0 2
8 8 - 32 - 52.266039622341246 44.31849864733037 0 0 2
8 8 - 33 - 56.761832776333904 77.86833133067314 0 0 2
8 8 - 34 - 64.5209064016623 63.2458281806709 0 0 2
8 8 - 35 - 62.90017098867005 66.64857799766469 0 0 2
8 8 - 36 - 65.64859213899763 51.489542212667104 0 0 2
8 8 - 37 - 75.73848678333161 65.40407092299817 0 0 2
8 8 - 38 - 80.4643205350003 70.77077783167383 0 0 2
8 8 - 39 - 46.83662708599877 6.558517072340086 0 1 0
8 8 - 40 - 57.5694002523281 5.823518600334258 0 1 0
8 8 - 41 - 53.62127485865979 25.52658016633844 0 1 0
8 8 - 42 - 56.733900901672314 6.401042787004068 0 1 0
8 8 - 43 - 36.15342136000012 50.011886211325574 0 0 2
8 8 - 44 - 64.20520302500032 46.97065124733975 0 0 2
8 8 - 45 - 60.57710282833432 48.18405990199244 0 0 2
8 8 - 46 - 51.33531846400001 8.911697103996023 0 1 0
8 8 - 47 - 62.28159602199837 68.65011897500274 0 0 2
8 8 - 48 - 67.62185033598992 67.55463213832991 0 0 2
8 8 - 49 - 38.43542292666583 7.6574612503269845 0 1 0
8 8 - 50 - 38.1810990239998 50.13871167899924 0 0 2
8 8 - 51 - 64.12730074100061 56.015192753999145 0 0 2
8 8 - 52 - 53.73471443567056 49.37772488299621 0 0 2
8 8 - 53 - 55.31978169366872 13.34784669232613 0 1 0
8 8 - 54 - 54.02760120733001 72.97404288699424 0 0 2
8 8 - 55 - 47.284408264327794 45.233033380000656 0 0 2
8 8 - 56 - 53.32517346633055 78.78622406233141 0 0 2
8 8 - 57 - 62.85179870533466 74.55919022299834 0 0 2
8 8 - 58 - 61.62703951666966 36.68272300132958 0 1 0
8 8 - 59 - 45.64113027300724 51.25998994900632 0 0 2
8 8 - 60 - 49.208460266663074 49.5793410903328 0 0 2
8 8 - 61 - 52.50319671633285 9.64071888633286 0 1 0
8 8 - 62 - 63.18382368000069 8.404255851666676 0 1 0
8 8 - 63 - 60.02344733366529 74.98037609633079 0 0 2
8 8 - 64 - 52.61592410733283 56.96825404200354 0 0 2
8 8 - 65 - 66.4204421826677 57.31284316366752 0 0 2
8 8 - 66 - 53.659297493000246 51.76057033799589 0 0 2
8 8 - 67 - 46.979400292329956 32.04662527467008 0 1 0
8 8 - 68 - 56.81165676533419 62.332930879657695 0 0 2
8 8 - 69 - 46.2224682503341 54.08794173999922 0 0 2
8 8 - 70 - 49.63406775433881 45.811206041000936 0 1 0
8 8 - 71 - 56.94950530766315 5.952515973661018 0 1 0
8 8 - 72 - 58.69953587165219 77.29930266533242 0 0 2
8 8 - 73 - 59.501512659665124 5.726648040998649 0 1 0
8 8 - 74 - 68.02001186167278 21.97548218535182 0 1 0
8 8 - 75 - 48.96021353799733 15.230584473339453 0 1 0
8 8 - 76 - 60.54208142966187 49.878227204986615 0 0 2
8 8 - 77 - 57.51765150533174 62.937076396658085 0 0 2
8 8 - 78 - 46.362189091994274 16.501509381332045 0 1 0
8 8 - 79 - 64.24001413432416 75.1557559169984 0 0 2
8 8 - 80 - 41.195037737673076 54.829861254673844 0 0 2
8 8 - 81 - 61.198894969003355 68.95894444467072 0 0 2
8 8 - 82 - 66.73429270233221 54.802803252978876 0 0 2
8 8 - 83 - 54.915126930660335 38.851694853675625 0 1 0
8 8 - 84 - 74.71228220166329 62.19779473467497 0 0 2
8 8 - 85 - 57.534008015994914 64.59181325633351 0 0 2
8 8 - 86 - 58.3230923480005 10.622120975021971 0 1 0
8 8 - 87 - 52.09425210032107 36.596839530665115 0 1 0
8 8 - 88 - 69.38748748099897 70.35063751800529 0 0 2
8 8 - 89 - 49.26348894564823 46.537524698661095 0 0 2
8 8 - 90 - 57.98347611633169 61.22799847099426 0 0 2
8 8 - 91 - 52.62946016334657 27.85591629766471 0 1 0
8 8 - 92 - 43.22909014634206 52.58076278367662 0 0 2
8 8 - 93 - 58.029459270668056 52.18138181500641 0 0 2
8 8 - 94 - 49.224279279665396 22.412580659321975 0 1 0
8 8 - 95 - 69.3107874619988 58.8290745630026 0 0 2
8 8 - 96 - 69.73453013166241 73.55903371300276 0 0 2
8 8 - 97 - 56.05534090166717 62.64965877099894 0 0 2
8 8 - 98 - 67.3057688883273 64.87546238267291 0 0 2
8 8 - 99 - 54.56164025133087 41.62896642867902 0 0 2
