4 1 0 0 3 0.000025 1
4 1 0 1 4 0.000035 0
4 1 0 2 4 0.000036 2
4 1 0 3 4 0.000036 2
4 1 0 4 4 0.000035 1
4 1 0 5 4 0.000037 2
4 1 0 6 2 0.000014 0
4 1 0 7 2 0.000014 0
4 1 0 8 4 0.000037 1
4 1 0 9 2 0.000017 0
4 1 0 10 4 0.000037 2
4 1 0 11 3 0.000019 0
4 1 0 12 4 0.000038 2
4 1 0 13 2 0.000018 2
4 1 0 14 4 0.000033 0
4 1 0 15 4 0.000031 0
4 1 0 16 2 0.000018 2
4 1 0 17 3 0.000023 0
4 1 0 18 2 0.000014 0
4 1 0 19 2 0.000018 2
4 1 0 20 2 0.000014 0
4 1 0 21 2 0.000014 0
4 1 0 22 4 0.000036 2
4 1 0 23 4 0.000035 0
4 1 0 24 4 0.000035 0
4 1 0 25 4 0.000034 0
4 1 0 26 4 0.000037 2
4 1 0 27 4 0.000037 2
4 1 0 28 4 0.000034 0
4 1 0 29 4 0.000039 2
4 1 0 30 4 0.000036 2
4 1 0 31 4 0.000029 0
4 1 0 32 2 0.000018 2
4 1 0 33 4 0.000029 0
4 1 0 34 4 0.000037 2
4 1 0 35 2 0.000018 0
4 1 0 36 4 0.000039 2
4 1 0 37 4 0.000035 0
4 1 0 38 2 0.000014 0
4 1 0 39 3 0.000025 1
4 1 0 40 4 0.000032 0
4 1 0 41 2 0.000014 0
4 1 0 42 2 0.000015 0
4 1 0 43 4 0.000034 2
4 1 0 44 2 0.000015 0
4 1 0 45 4 0.000038 2
4 1 0 46 4 0.000033 0
4 1 0 47 4 0.000036 1
4 1 0 48 4 0.000035 0
4 1 0 49 4 0.000039 0
4 1 0 50 4 0.000035 1
4 1 0 51 4 0.000034 0
4 1 0 52 3 0.000022 0
4 1 0 53 4 0.000037 2
4 1 0 54 3 0.000019 0
4 1 0 55 3 0.000026 2
4 1 0 56 4 0.000036 2
4 1 0 57 4 0.000035 1
4 1 0 58 4 0.000038 2
4 1 0 59 4 0.000037 2
4 1 0 60 4 0.000030 0
4 1 0 61 4 0.000028 0
4 1 0 62 2 0.000017 1
4 1 0 63 4 0.000027 0
4 1 0 64 4 0.000032 0
4 1 0 65 4 0.000029 0
4 1 0 66 4 0.000038 2
4 1 0 67 3 0.000022 0
4 1 0 68 4 0.000035 1
4 1 0 69 4 0.000031 0
4 1 0 70 4 0.000037 2
4 1 0 71 4 0.000037 2
4 1 0 72 3 0.000020 0
4 1 0 73 4 0.000035 1
4 1 0 74 4 0.000035 2
4 1 0 75 4 0.000036 1
4 1 0 76 4 0.000037 2
4 1 0 77 4 0.000037 2
4 1 0 78 4 0.000036 1
4 1 0 79 4 0.000029 0
4 1 0 80 4 0.000038 2
4 1 0 81 4 0.000035 2
4 1 0 82 3 0.000025 2
4 1 0 83 4 0.000031 0
4 1 0 84 2 0.000014 0
4 1 0 85 4 0.000027 0
4 1 0 86 4 0.000038 2
4 1 0 87 4 0.000028 0
4 1 0 88 4 0.000033 0
4 1 0 89 4 0.000027 0
4 1 0 90 4 0.000037 2
4 1 0 91 4 0.000029 0
4 1 0 92 4 0.000028 0
4 1 0 93 4 0.000036 1
4 1 0 94 2 0.000017 2
4 1 0 95 4 0.000034 0
4 1 0 96 4 0.000037 2
4 1 0 97 2 0.000014 0
4 1 0 98 4 0.000026 0
4 1 0 99 4 0.000028 0
4 2 0 0 1 0.000009 1
4 2 0 1 4 0.000038 0
4 2 0 2 3 0.000028 2
4 2 0 3 3 0.000029 2
4 2 0 4 3 0.000027 1
4 2 0 5 5 0.000049 2
4 2 0 6 2 0.000015 0
4 2 0 7 3 0.000030 2
4 2 0 8 5 0.000048 1
4 2 0 9 3 0.000028 0
4 2 0 10 5 0.000050 2
4 2 0 11 1 0.000008 0
4 2 0 12 5 0.000051 2
4 2 0 13 3 0.000029 2
4 2 0 14 3 0.000028 0
4 2 0 15 4 0.000038 2
4 2 0 16 3 0.000029 2
4 2 0 17 1 0.000008 0
4 2 0 18 3 0.000026 2
4 2 0 19 3 0.000028 2
4 2 0 20 3 0.000021 0
4 2 0 21 2 0.000014 0
4 2 0 22 5 0.000052 2
4 2 0 23 4 0.000038 0
4 2 0 24 3 0.000030 0
4 2 0 25 5 0.000050 2
4 2 0 26 5 0.000049 2
4 2 0 27 3 0.000029 2
4 2 0 28 5 0.000048 2
4 2 0 29 5 0.000050 2
4 2 0 30 4 0.000039 2
4 2 0 31 4 0.000032 0
4 2 0 32 3 0.000030 2
4 2 0 33 4 0.000030 0
4 2 0 34 5 0.000049 2
4 2 0 35 2 0.000017 0
4 2 0 36 5 0.000052 2
4 2 0 37 3 0.000028 0
4 2 0 38 3 0.000028 2
4 2 0 39 1 0.000009 1
4 2 0 40 5 0.000042 0
4 2 0 41 2 0.000014 0
4 2 0 42 3 0.000023 0
4 2 0 43 2 0.000017 2
4 2 0 44 3 0.000023 0
4 2 0 45 5 0.000051 2
4 2 0 46 3 0.000028 0
4 2 0 47 3 0.000027 1
4 2 0 48 3 0.000028 0
4 2 0 49 5 0.000055 0
4 2 0 50 3 0.000027 1
4 2 0 51 2 0.000017 0
4 2 0 52 1 0.000009 0
4 2 0 53 5 0.000049 2
4 2 0 54 1 0.000009 0
4 2 0 55 1 0.000010 2
4 2 0 56 4 0.000039 2
4 2 0 57 3 0.000027 1
4 2 0 58 5 0.000053 2
4 2 0 59 5 0.000051 2
4 2 0 60 3 0.000023 0
4 2 0 61 4 0.000030 0
4 2 0 62 2 0.000017 1
4 2 0 63 3 0.000023 0
4 2 0 64 3 0.000024 0
4 2 0 65 3 0.000024 0
4 2 0 66 5 0.000051 2
4 2 0 67 1 0.000011 0
4 2 0 68 3 0.000027 1
4 2 0 69 5 0.000044 0
4 2 0 70 4 0.000039 2
4 2 0 71 5 0.000051 2
4 2 0 72 1 0.000009 0
4 2 0 73 3 0.000027 1
4 2 0 74 3 0.000028 2
4 2 0 75 3 0.000027 1
4 2 0 76 3 0.000029 2
4 2 0 77 5 0.000049 2
4 2 0 78 3 0.000027 1
4 2 0 79 4 0.000032 0
4 2 0 80 4 0.000039 2
4 2 0 81 4 0.000038 2
4 2 0 82 1 0.000009 2
4 2 0 83 4 0.000039 2
4 2 0 84 2 0.000014 0
4 2 0 85 3 0.000023 0
4 2 0 86 5 0.000052 2
4 2 0 87 5 0.000037 0
4 2 0 88 3 0.000031 0
4 2 0 89 2 0.000015 0
4 2 0 90 5 0.000050 2
4 2 0 91 5 0.000040 0
4 2 0 92 3 0.000022 0
4 2 0 93 5 0.000048 1
4 2 0 94 2 0.000017 2
4 2 0 95 4 0.000037 2
4 2 0 96 5 0.000050 2
4 2 0 97 3 0.000026 0
4 2 0 98 3 0.000021 0
4 2 0 99 4 0.000032 0
4 4 0 0 1 0.000009 1
4 4 0 1 3 0.000028 0
4 4 0 2 3 0.000028 2
4 4 0 3 3 0.000028 2
4 4 0 4 3 0.000027 1
4 4 0 5 3 0.000029 2
4 4 0 6 1 0.000009 0
4 4 0 7 3 0.000028 2
4 4 0 8 5 0.000048 1
4 4 0 9 3 0.000030 0
4 4 0 10 5 0.000050 2
4 4 0 11 1 0.000008 0
4 4 0 12 5 0.000054 2
4 4 0 13 3 0.000029 2
4 4 0 14 3 0.000028 0
4 4 0 15 3 0.000028 2
4 4 0 16 3 0.000029 2
4 4 0 17 1 0.000009 0
4 4 0 18 1 0.000009 2
4 4 0 19 3 0.000028 2
4 4 0 20 3 0.000022 0
4 4 0 21 1 0.000008 0
4 4 0 22 3 0.000029 2
4 4 0 23 3 0.000028 0
4 4 0 24 3 0.000028 0
4 4 0 25 5 0.000052 2
4 4 0 26 5 0.000050 2
4 4 0 27 3 0.000029 2
4 4 0 28 5 0.000050 2
4 4 0 29 3 0.000029 2
4 4 0 30 3 0.000029 2
4 4 0 31 3 0.000025 0
4 4 0 32 3 0.000029 2
4 4 0 33 3 0.000023 0
4 4 0 34 5 0.000050 2
4 4 0 35 1 0.000009 0
4 4 0 36 5 0.000056 2
4 4 0 37 3 0.000029 0
4 4 0 38 3 0.000028 2
4 4 0 39 1 0.000009 1
4 4 0 40 5 0.000043 0
4 4 0 41 1 0.000008 0
4 4 0 42 3 0.000023 0
4 4 0 43 1 0.000009 2
4 4 0 44 3 0.000025 0
4 4 0 45 3 0.000030 2
4 4 0 46 3 0.000028 0
4 4 0 47 3 0.000027 1
4 4 0 48 3 0.000028 0
4 4 0 49 5 0.000057 0
4 4 0 50 3 0.000027 1
4 4 0 51 1 0.000009 0
4 4 0 52 1 0.000009 0
4 4 0 53 3 0.000029 2
4 4 0 54 1 0.000008 0
4 4 0 55 1 0.000009 2
4 4 0 56 3 0.000029 2
4 4 0 57 3 0.000027 1
4 4 0 58 5 0.000053 2
4 4 0 59 5 0.000050 2
4 4 0 60 3 0.000024 0
4 4 0 61 3 0.000023 0
4 4 0 62 1 0.000009 1
4 4 0 63 3 0.000022 0
4 4 0 64 3 0.000024 0
4 4 0 65 3 0.000024 0
4 4 0 66 5 0.000053 2
4 4 0 67 1 0.000009 0
4 4 0 68 3 0.000027 1
4 4 0 69 5 0.000043 0
4 4 0 70 3 0.000029 2
4 4 0 71 3 0.000030 2
4 4 0 72 1 0.000009 0
4 4 0 73 3 0.000026 1
4 4 0 74 3 0.000028 2
4 4 0 75 3 0.000028 1
4 4 0 76 3 0.000029 2
4 4 0 77 3 0.000029 2
4 4 0 78 3 0.000027 1
4 4 0 79 3 0.000024 0
4 4 0 80 3 0.000030 2
4 4 0 81 3 0.000028 2
4 4 0 82 1 0.000009 2
4 4 0 83 3 0.000028 2
4 4 0 84 1 0.000009 0
4 4 0 85 3 0.000023 0
4 4 0 86 5 0.000053 2
4 4 0 87 5 0.000037 0
4 4 0 88 3 0.000028 0
4 4 0 89 1 0.000009 0
4 4 0 90 5 0.000050 2
4 4 0 91 5 0.000041 0
4 4 0 92 3 0.000023 0
4 4 0 93 5 0.000048 1
4 4 0 94 1 0.000009 2
4 4 0 95 3 0.000028 2
4 4 0 96 5 0.000050 2
4 4 0 97 3 0.000024 0
4 4 0 98 3 0.000021 0
4 4 0 99 3 0.000023 0
8 1 0 0 7 0.000055 0
8 1 0 1 7 0.000062 0
8 1 0 2 8 0.000062 0
8 1 0 3 8 0.000061 0
8 1 0 4 7 0.000058 2
8 1 0 5 4 0.000029 0
8 1 0 6 7 0.000049 0
8 1 0 7 6 0.000039 0
8 1 0 8 5 0.000034 0
8 1 0 9 7 0.000045 0
8 1 0 10 8 0.000073 0
8 1 0 11 7 0.000048 0
8 1 0 12 8 0.000073 2
8 1 0 13 7 0.000066 2
8 1 0 14 8 0.000073 0
8 1 0 15 7 0.000063 2
8 1 0 16 7 0.000048 0
8 1 0 17 8 0.000064 0
8 1 0 18 8 0.000061 0
8 1 0 19 7 0.000061 2
8 1 0 20 8 0.000061 0
8 1 0 21 6 0.000053 0
8 1 0 22 8 0.000073 2
8 1 0 23 7 0.000065 2
8 1 0 24 7 0.000060 2
8 1 0 25 8 0.000074 2
8 1 0 26 8 0.000072 2
8 1 0 27 7 0.000059 0
8 1 0 28 8 0.000073 2
8 1 0 29 8 0.000071 0
8 1 0 30 7 0.000066 2
8 1 0 31 6 0.000058 2
8 1 0 32 7 0.000049 0
8 1 0 33 7 0.000052 0
8 1 0 34 6 0.000041 0
8 1 0 35 6 0.000038 0
8 1 0 36 8 0.000065 0
8 1 0 37 6 0.000039 0
8 1 0 38 7 0.000062 0
8 1 0 39 8 0.000077 2
8 1 0 40 6 0.000049 0
8 1 0 41 7 0.000058 0
8 1 0 42 6 0.000053 2
8 1 0 43 8 0.000059 0
8 1 0 44 6 0.000053 2
8 1 0 45 7 0.000062 0
8 1 0 46 8 0.000077 0
8 1 0 47 8 0.000052 0
8 1 0 48 6 0.000047 0
8 1 0 49 7 0.000062 2
8 1 0 50 8 0.000058 0
8 1 0 51 8 0.000075 2
8 1 0 52 8 0.000078 2
8 1 0 53 8 0.000068 0
8 1 0 54 8 0.000063 0
8 1 0 55 7 0.000047 0
8 1 0 56 7 0.000050 0
8 1 0 57 8 0.000074 2
8 1 0 58 8 0.000074 0
8 1 0 59 8 0.000073 0
8 1 0 60 8 0.000058 0
8 1 0 61 7 0.000064 2
8 1 0 62 6 0.000054 2
8 1 0 63 8 0.000065 0
8 1 0 64 8 0.000075 2
8 1 0 65 7 0.000064 2
8 1 0 66 8 0.000052 0
8 1 0 67 8 0.000074 0
8 1 0 68 8 0.000074 0
8 1 0 69 7 0.000051 0
8 1 0 70 7 0.000064 2
8 1 0 71 7 0.000065 2
8 1 0 72 7 0.000064 0
8 1 0 73 7 0.000065 0
8 1 0 74 7 0.000062 2
8 1 0 75 8 0.000073 0
8 1 0 76 8 0.000065 0
8 1 0 77 8 0.000075 2
8 1 0 78 8 0.000056 0
8 1 0 79 6 0.000048 0
8 1 0 80 8 0.000060 0
8 1 0 81 8 0.000071 2
8 1 0 82 6 0.000053 2
8 1 0 83 6 0.000052 2
8 1 0 84 7 0.000063 2
8 1 0 85 6 0.000042 0
8 1 0 86 8 0.000063 0
8 1 0 87 7 0.000061 2
8 1 0 88 8 0.000072 2
8 1 0 89 8 0.000055 0
8 1 0 90 8 0.000076 2
8 1 0 91 7 0.000053 0
8 1 0 92 7 0.000049 0
8 1 0 93 6 0.000054 0
8 1 0 94 8 0.000075 2
8 1 0 95 8 0.000074 2
8 1 0 96 6 0.000045 0
8 1 0 97 8 0.000071 2
8 1 0 98 8 0.000074 2
8 1 0 99 8 0.000059 0
8 2 0 0 8 0.000084 2
8 2 0 1 7 0.000066 0
8 2 0 2 7 0.000074 2
8 2 0 3 8 0.000078 0
8 2 0 4 4 0.000037 2
8 2 0 5 4 0.000035 2
8 2 0 6 9 0.000080 0
8 2 0 7 6 0.000048 0
8 2 0 8 5 0.000037 0
8 2 0 9 8 0.000057 0
8 2 0 10 7 0.000075 0
8 2 0 11 6 0.000044 0
8 2 0 12 7 0.000071 2
8 2 0 13 9 0.000110 2
8 2 0 14 8 0.000083 0
8 2 0 15 8 0.000086 2
8 2 0 16 8 0.000067 0
8 2 0 17 8 0.000087 2
8 2 0 18 7 0.000073 0
8 2 0 19 6 0.000059 2
8 2 0 20 9 0.000096 2
8 2 0 21 5 0.000046 0
8 2 0 22 9 0.000100 2
8 2 0 23 8 0.000093 2
8 2 0 24 4 0.000038 2
8 2 0 25 6 0.000064 2
8 2 0 26 8 0.000088 2
8 2 0 27 9 0.000099 0
8 2 0 28 10 0.000108 2
8 2 0 29 9 0.000101 2
8 2 0 30 8 0.000093 2
8 2 0 31 7 0.000077 2
8 2 0 32 7 0.000066 2
8 2 0 33 8 0.000086 2
8 2 0 34 7 0.000072 2
8 2 0 35 7 0.000050 0
8 2 0 36 10 0.000108 0
8 2 0 37 7 0.000069 0
8 2 0 38 8 0.000091 0
8 2 0 39 10 0.000115 2
8 2 0 40 6 0.000056 0
8 2 0 41 7 0.000064 2
8 2 0 42 7 0.000069 2
8 2 0 43 9 0.000086 0
8 2 0 44 7 0.000071 2
8 2 0 45 8 0.000076 0
8 2 0 46 10 0.000123 0
8 2 0 47 6 0.000047 0
8 2 0 48 7 0.000071 2
8 2 0 49 6 0.000054 2
8 2 0 50 8 0.000072 0
8 2 0 51 10 0.000111 2
8 2 0 52 10 0.000124 2
8 2 0 53 9 0.000108 0
8 2 0 54 8 0.000082 2
8 2 0 55 7 0.000053 0
8 2 0 56 9 0.000092 2
8 2 0 57 7 0.000077 2
8 2 0 58 10 0.000113 0
8 2 0 59 7 0.000072 0
8 2 0 60 10 0.000098 0
8 2 0 61 9 0.000096 2
8 2 0 62 7 0.000070 2
8 2 0 63 9 0.000093 2
8 2 0 64 10 0.000114 2
8 2 0 65 8 0.000089 2
8 2 0 66 7 0.000055 0
8 2 0 67 9 0.000111 2
8 2 0 68 9 0.000100 0
8 2 0 69 9 0.000080 0
8 2 0 70 8 0.000092 2
8 2 0 71 8 0.000090 2
8 2 0 72 8 0.000090 0
8 2 0 73 8 0.000088 0
8 2 0 74 8 0.000082 2
8 2 0 75 8 0.000085 0
8 2 0 76 8 0.000086 2
8 2 0 77 9 0.000105 2
8 2 0 78 9 0.000089 2
8 2 0 79 6 0.000055 2
8 2 0 80 10 0.000101 0
8 2 0 81 8 0.000085 2
8 2 0 82 6 0.000059 2
8 2 0 83 5 0.000050 2
8 2 0 84 8 0.000086 2
8 2 0 85 6 0.000051 0
8 2 0 86 7 0.000073 0
8 2 0 87 7 0.000072 2
8 2 0 88 5 0.000048 2
8 2 0 89 8 0.000071 0
8 2 0 90 8 0.000085 2
8 2 0 91 7 0.000072 2
8 2 0 92 8 0.000071 0
8 2 0 93 7 0.000067 0
8 2 0 94 10 0.000114 2
8 2 0 95 9 0.000103 2
8 2 0 96 5 0.000047 2
8 2 0 97 9 0.000093 2
8 2 0 98 9 0.000103 2
8 2 0 99 7 0.000074 0
8 4 0 0 8 0.000094 2
8 4 0 1 6 0.000065 0
8 4 0 2 10 0.000130 2
8 4 0 3 9 0.000108 0
8 4 0 4 4 0.000039 2
8 4 0 5 3 0.000030 2
8 4 0 6 11 0.000118 0
8 4 0 7 5 0.000043 0
8 4 0 8 5 0.000049 2
8 4 0 9 7 0.000058 0
8 4 0 10 9 0.000113 0
8 4 0 11 7 0.000073 0
8 4 0 12 9 0.000114 2
8 4 0 13 11 0.000164 2
8 4 0 14 9 0.000111 0
8 4 0 15 9 0.000118 2
8 4 0 16 7 0.000062 0
8 4 0 17 9 0.000117 2
8 4 0 18 9 0.000110 0
8 4 0 19 6 0.000065 2
8 4 0 20 10 0.000127 2
8 4 0 21 6 0.000063 0
8 4 0 22 10 0.000129 2
8 4 0 23 10 0.000131 2
8 4 0 24 5 0.000052 2
8 4 0 25 8 0.000107 2
8 4 0 26 9 0.000118 2
8 4 0 27 10 0.000126 0
8 4 0 28 11 0.000149 2
8 4 0 29 11 0.000142 2
8 4 0 30 9 0.000122 2
8 4 0 31 9 0.000124 2
8 4 0 32 8 0.000087 2
8 4 0 33 9 0.000105 2
8 4 0 34 8 0.000096 2
8 4 0 35 5 0.000041 0
8 4 0 36 11 0.000148 0
8 4 0 37 6 0.000067 0
8 4 0 38 9 0.000113 0
8 4 0 39 12 0.000176 2
8 4 0 40 6 0.000066 0
8 4 0 41 6 0.000060 2
8 4 0 42 6 0.000066 2
8 4 0 43 10 0.000126 0
8 4 0 44 8 0.000096 2
8 4 0 45 7 0.000077 0
8 4 0 46 12 0.000193 0
8 4 0 47 7 0.000060 0
8 4 0 48 9 0.000102 2
8 4 0 49 7 0.000076 2
8 4 0 50 11 0.000139 0
8 4 0 51 11 0.000150 2
8 4 0 52 13 0.000208 2
8 4 0 53 11 0.000159 0
8 4 0 54 9 0.000102 2
8 4 0 55 8 0.000072 0
8 4 0 56 9 0.000105 2
8 4 0 57 10 0.000138 2
8 4 0 58 11 0.000164 0
8 4 0 59 9 0.000113 0
8 4 0 60 12 0.000157 0
8 4 0 61 9 0.000118 2
8 4 0 62 7 0.000077 2
8 4 0 63 10 0.000121 2
8 4 0 64 11 0.000163 2
8 4 0 65 8 0.000103 2
8 4 0 66 8 0.000073 0
8 4 0 67 12 0.000189 2
8 4 0 68 10 0.000134 0
8 4 0 69 8 0.000080 0
8 4 0 70 9 0.000112 2
8 4 0 71 9 0.000117 2
8 4 0 72 10 0.000131 0
8 4 0 73 9 0.000120 0
8 4 0 74 7 0.000076 2
8 4 0 75 10 0.000123 0
8 4 0 76 11 0.000149 2
8 4 0 77 10 0.000138 2
8 4 0 78 10 0.000117 2
8 4 0 79 5 0.000046 2
8 4 0 80 12 0.000166 0
8 4 0 81 9 0.000111 2
8 4 0 82 6 0.000063 2
8 4 0 83 6 0.000068 2
8 4 0 84 7 0.000078 2
8 4 0 85 8 0.000087 0
8 4 0 86 9 0.000105 0
8 4 0 87 7 0.000081 2
8 4 0 88 7 0.000081 2
8 4 0 89 9 0.000099 0
8 4 0 90 11 0.000151 2
8 4 0 91 8 0.000091 2
8 4 0 92 8 0.000080 0
8 4 0 93 6 0.000059 0
8 4 0 94 12 0.000165 2
8 4 0 95 11 0.000156 2
8 4 0 96 5 0.000051 2
8 4 0 97 9 0.000112 2
8 4 0 98 11 0.000164 2
8 4 0 99 9 0.000110 0
8 8 0 0 7 0.000081 2
8 8 0 1 5 0.000055 0
8 8 0 2 7 0.000090 2
8 8 0 3 7 0.000086 0
8 8 0 4 3 0.000029 2
8 8 0 5 3 0.000028 2
8 8 0 6 11 0.000128 0
8 8 0 7 5 0.000044 0
8 8 0 8 5 0.000050 2
8 8 0 9 5 0.000043 0
8 8 0 10 7 0.000086 0
8 8 0 11 5 0.000053 0
8 8 0 12 7 0.000087 2
8 8 0 13 11 0.000174 2
8 8 0 14 7 0.000086 0
8 8 0 15 7 0.000087 2
8 8 0 16 7 0.000068 0
8 8 0 17 7 0.000088 2
8 8 0 18 9 0.000113 0
8 8 0 19 5 0.000055 2
8 8 0 20 9 0.000121 2
8 8 0 21 5 0.000055 0
8 8 0 22 9 0.000123 2
8 8 0 23 7 0.000087 2
8 8 0 24 5 0.000054 2
8 8 0 25 7 0.000087 2
8 8 0 26 7 0.000087 2
8 8 0 27 9 0.000123 0
8 8 0 28 11 0.000152 2
8 8 0 29 11 0.000142 2
8 8 0 30 9 0.000128 2
8 8 0 31 9 0.000128 2
8 8 0 32 7 0.000077 2
8 8 0 33 9 0.000105 2
8 8 0 34 7 0.000086 2
8 8 0 35 5 0.000041 0
8 8 0 36 9 0.000121 0
8 8 0 37 5 0.000055 0
8 8 0 38 9 0.000122 0
8 8 0 39 11 0.000174 2
8 8 0 40 5 0.000053 0
8 8 0 41 5 0.000050 2
8 8 0 42 5 0.000054 2
8 8 0 43 9 0.000110 0
8 8 0 44 7 0.000087 2
8 8 0 45 5 0.000055 0
8 8 0 46 11 0.000181 0
8 8 0 47 7 0.000061 0
8 8 0 48 5 0.000056 2
8 8 0 49 7 0.000082 2
8 8 0 50 11 0.000147 0
8 8 0 51 9 0.000128 2
8 8 0 52 13 0.000227 2
8 8 0 53 9 0.000127 0
8 8 0 54 5 0.000055 2
8 8 0 55 7 0.000068 0
8 8 0 56 9 0.000106 2
8 8 0 57 9 0.000127 2
8 8 0 58 11 0.000164 0
8 8 0 59 9 0.000123 0
8 8 0 60 11 0.000148 0
8 8 0 61 9 0.000121 2
8 8 0 62 5 0.000056 2
8 8 0 63 7 0.000086 2
8 8 0 64 9 0.000130 2
8 8 0 65 7 0.000087 2
8 8 0 66 5 0.000045 0
8 8 0 67 11 0.000173 2
8 8 0 68 9 0.000121 0
8 8 0 69 7 0.000074 0
8 8 0 70 7 0.000086 2
8 8 0 71 7 0.000088 2
8 8 0 72 9 0.000121 0
8 8 0 73 9 0.000127 0
8 8 0 74 7 0.000075 2
8 8 0 75 9 0.000113 0
8 8 0 76 9 0.000127 2
8 8 0 77 9 0.000129 2
8 8 0 78 9 0.000106 2
8 8 0 79 3 0.000028 2
8 8 0 80 11 0.000157 0
8 8 0 81 7 0.000088 2
8 8 0 82 5 0.000053 2
8 8 0 83 5 0.000054 2
8 8 0 84 7 0.000082 2
8 8 0 85 7 0.000072 0
8 8 0 86 7 0.000088 0
8 8 0 87 5 0.000055 2
8 8 0 88 7 0.000087 2
8 8 0 89 7 0.000072 0
8 8 0 90 11 0.000164 2
8 8 0 91 7 0.000087 2
8 8 0 92 7 0.000072 0
8 8 0 93 5 0.000051 0
8 8 0 94 9 0.000129 2
8 8 0 95 9 0.000127 2
8 8 0 96 5 0.000054 2
8 8 0 97 9 0.000113 2
8 8 0 98 11 0.000164 2
8 8 0 99 9 0.000115 0
16 1 0 0 15 0.000104 0
16 1 0 1 13 0.000113 2
16 1 0 2 15 0.000106 0
16 1 0 3 16 0.000109 0
16 1 0 4 15 0.000130 0
16 1 0 5 14 0.000092 0
16 1 0 6 16 0.000146 2
16 1 0 7 16 0.000146 2
16 1 0 8 15 0.000137 2
16 1 0 9 14 0.000091 0
16 1 0 10 15 0.000108 0
16 1 0 11 12 0.000099 0
16 1 0 12 11 0.000073 0
16 1 0 13 15 0.000123 0
16 1 0 14 16 0.000116 0
16 1 0 15 14 0.000094 0
16 1 0 16 15 0.000122 0
16 1 0 17 16 0.000135 0
16 1 0 18 16 0.000105 0
16 1 0 19 14 0.000098 0
16 1 0 20 16 0.000148 0
16 1 0 21 16 0.000122 0
16 1 0 22 14 0.000107 0
16 1 0 23 15 0.000108 0
16 1 0 24 12 0.000082 0
16 1 0 25 13 0.000106 0
16 1 0 26 11 0.000068 0
16 1 0 27 12 0.000093 0
16 1 0 28 15 0.000131 0
16 1 0 29 16 0.000109 0
16 1 0 30 14 0.000107 0
16 1 0 31 15 0.000103 0
16 1 0 32 13 0.000093 0
16 1 0 33 14 0.000109 0
16 1 0 34 15 0.000117 0
16 1 0 35 15 0.000104 0
16 1 0 36 15 0.000097 0
16 1 0 37 12 0.000085 0
16 1 0 38 15 0.000102 0
16 1 0 39 14 0.000096 0
16 1 0 40 12 0.000076 0
16 1 0 41 15 0.000124 0
16 1 0 42 15 0.000099 0
16 1 0 43 16 0.000125 0
16 1 0 44 16 0.000113 0
16 1 0 45 14 0.000123 2
16 1 0 46 15 0.000121 0
16 1 0 47 14 0.000096 0
16 1 0 48 15 0.000123 0
16 1 0 49 13 0.000085 0
16 1 0 50 13 0.000085 0
16 1 0 51 16 0.000148 2
16 1 0 52 15 0.000133 0
16 1 0 53 12 0.000099 0
16 1 0 54 15 0.000101 0
16 1 0 55 16 0.000125 0
16 1 0 56 15 0.000125 0
16 1 0 57 15 0.000100 0
16 1 0 58 15 0.000108 0
16 1 0 59 16 0.000117 0
16 1 0 60 16 0.000112 0
16 1 0 61 16 0.000109 0
16 1 0 62 16 0.000116 0
16 1 0 63 14 0.000102 0
16 1 0 64 14 0.000127 0
16 1 0 65 14 0.000095 0
16 1 0 66 16 0.000139 0
16 1 0 67 16 0.000111 0
16 1 0 68 14 0.000121 0
16 1 0 69 13 0.000103 0
16 1 0 70 14 0.000100 0
16 1 0 71 16 0.000143 0
16 1 0 72 16 0.000153 2
16 1 0 73 15 0.000101 0
16 1 0 74 16 0.000115 0
16 1 0 75 12 0.000075 0
16 1 0 76 15 0.000113 0
16 1 0 77 15 0.000102 0
16 1 0 78 15 0.000103 0
16 1 0 79 16 0.000107 0
16 1 0 80 16 0.000118 0
16 1 0 81 16 0.000146 0
16 1 0 82 16 0.000120 0
16 1 0 83 16 0.000132 0
16 1 0 84 15 0.000134 0
16 1 0 85 16 0.000117 0
16 1 0 86 15 0.000101 0
16 1 0 87 15 0.000135 0
16 1 0 88 16 0.000119 0
16 1 0 89 16 0.000115 0
16 1 0 90 16 0.000145 0
16 1 0 91 15 0.000103 0
16 1 0 92 15 0.000117 0
16 1 0 93 16 0.000122 0
16 1 0 94 16 0.000148 2
16 1 0 95 16 0.000107 0
16 1 0 96 14 0.000096 0
16 1 0 97 14 0.000132 0
16 1 0 98 16 0.000137 0
16 1 0 99 15 0.000142 0
16 2 0 0 16 0.000151 0
16 2 0 1 11 0.000108 2
16 2 0 2 14 0.000161 2
16 2 0 3 15 0.000131 0
16 2 0 4 17 0.000193 0
16 2 0 5 16 0.000134 0
16 2 0 6 15 0.000173 2
16 2 0 7 15 0.000172 2
16 2 0 8 16 0.000180 2
16 2 0 9 14 0.000114 0
16 2 0 10 15 0.000152 0
16 2 0 11 15 0.000159 2
16 2 0 12 14 0.000109 0
16 2 0 13 16 0.000191 2
16 2 0 14 17 0.000184 2
16 2 0 15 16 0.000135 0
16 2 0 16 17 0.000189 2
16 2 0 17 15 0.000162 0
16 2 0 18 16 0.000139 0
16 2 0 19 17 0.000189 0
16 2 0 20 18 0.000214 2
16 2 0 21 16 0.000195 0
16 2 0 22 14 0.000143 2
16 2 0 23 13 0.000152 2
16 2 0 24 13 0.000133 0
16 2 0 25 12 0.000132 2
16 2 0 26 13 0.000089 0
16 2 0 27 13 0.000146 2
16 2 0 28 18 0.000200 2
16 2 0 29 17 0.000182 0
16 2 0 30 13 0.000143 0
16 2 0 31 15 0.000132 0
16 2 0 32 14 0.000157 2
16 2 0 33 11 0.000105 0
16 2 0 34 16 0.000179 0
16 2 0 35 14 0.000125 0
16 2 0 36 14 0.000111 0
16 2 0 37 15 0.000162 0
16 2 0 38 15 0.000141 0
16 2 0 39 13 0.000144 2
16 2 0 40 11 0.000077 0
16 2 0 41 16 0.000179 2
16 2 0 42 15 0.000153 2
16 2 0 43 18 0.000217 2
16 2 0 44 18 0.000177 0
16 2 0 45 15 0.000152 2
16 2 0 46 15 0.000159 0
16 2 0 47 13 0.000129 2
16 2 0 48 15 0.000171 2
16 2 0 49 13 0.000103 0
16 2 0 50 15 0.000114 0
16 2 0 51 16 0.000194 2
16 2 0 52 15 0.000154 0
16 2 0 53 11 0.000110 2
16 2 0 54 17 0.000146 0
16 2 0 55 16 0.000183 2
16 2 0 56 15 0.000168 0
16 2 0 57 13 0.000107 0
16 2 0 58 16 0.000189 0
16 2 0 59 18 0.000207 2
16 2 0 60 17 0.000165 0
16 2 0 61 15 0.000139 0
16 2 0 62 15 0.000183 2
16 2 0 63 13 0.000148 0
16 2 0 64 15 0.000161 0
16 2 0 65 16 0.000176 0
16 2 0 66 16 0.000178 2
16 2 0 67 17 0.000158 0
16 2 0 68 15 0.000164 2
16 2 0 69 14 0.000136 0
16 2 0 70 14 0.000137 2
16 2 0 71 17 0.000210 0
16 2 0 72 17 0.000227 2
16 2 0 73 17 0.000180 2
16 2 0 74 14 0.000152 2
16 2 0 75 12 0.000088 0
16 2 0 76 17 0.000192 2
16 2 0 77 18 0.000162 0
16 2 0 78 16 0.000146 0
16 2 0 79 15 0.000129 0
16 2 0 80 16 0.000190 2
16 2 0 81 16 0.000185 0
16 2 0 82 17 0.000207 0
16 2 0 83 15 0.000170 2
16 2 0 84 17 0.000191 2
16 2 0 85 16 0.000199 2
16 2 0 86 18 0.000200 2
16 2 0 87 16 0.000168 0
16 2 0 88 18 0.000222 2
16 2 0 89 18 0.000178 0
16 2 0 90 15 0.000173 0
16 2 0 91 16 0.000183 2
16 2 0 92 15 0.000156 2
16 2 0 93 17 0.000215 2
16 2 0 94 17 0.000194 2
16 2 0 95 16 0.000133 0
16 2 0 96 14 0.000129 0
16 2 0 97 16 0.000195 0
16 2 0 98 16 0.000190 2
16 2 0 99 17 0.000219 2
16 4 0 0 19 0.000300 0
16 4 0 1 12 0.000140 2
16 4 0 2 16 0.000276 2
16 4 0 3 15 0.000190 0
16 4 0 4 19 0.000306 0
16 4 0 5 16 0.000176 0
16 4 0 6 17 0.000295 2
16 4 0 7 19 0.000331 2
16 4 0 8 19 0.000308 2
16 4 0 9 17 0.000200 0
16 4 0 10 17 0.000246 0
16 4 0 11 14 0.000180 2
16 4 0 12 15 0.000171 0
16 4 0 13 17 0.000300 2
16 4 0 14 18 0.000283 2
16 4 0 15 18 0.000224 0
16 4 0 16 17 0.000251 2
16 4 0 17 16 0.000261 0
16 4 0 18 17 0.000221 0
16 4 0 19 17 0.000256 0
16 4 0 20 20 0.000361 2
16 4 0 21 17 0.000289 0
16 4 0 22 15 0.000209 2
16 4 0 23 16 0.000287 2
16 4 0 24 14 0.000187 0
16 4 0 25 15 0.000242 2
16 4 0 26 10 0.000091 0
16 4 0 27 15 0.000232 2
16 4 0 28 19 0.000289 2
16 4 0 29 17 0.000264 0
16 4 0 30 15 0.000231 0
16 4 0 31 16 0.000225 0
16 4 0 32 17 0.000275 2
16 4 0 33 11 0.000130 0
16 4 0 34 18 0.000306 0
16 4 0 35 16 0.000218 0
16 4 0 36 15 0.000175 0
16 4 0 37 16 0.000233 0
16 4 0 38 18 0.000274 0
16 4 0 39 16 0.000237 2
16 4 0 40 11 0.000086 0
16 4 0 41 15 0.000234 2
16 4 0 42 15 0.000203 2
16 4 0 43 21 0.000401 2
16 4 0 44 18 0.000301 0
16 4 0 45 15 0.000209 2
16 4 0 46 15 0.000220 0
16 4 0 47 14 0.000177 2
16 4 0 48 18 0.000317 2
16 4 0 49 13 0.000152 0
16 4 0 50 14 0.000148 0
16 4 0 51 20 0.000374 2
16 4 0 52 16 0.000225 0
16 4 0 53 14 0.000179 2
16 4 0 54 17 0.000213 0
16 4 0 55 18 0.000296 2
16 4 0 56 18 0.000288 0
16 4 0 57 15 0.000188 0
16 4 0 58 20 0.000373 0
16 4 0 59 17 0.000307 2
16 4 0 60 19 0.000315 0
16 4 0 61 18 0.000270 0
16 4 0 62 19 0.000363 2
16 4 0 63 15 0.000248 2
16 4 0 64 16 0.000230 0
16 4 0 65 17 0.000276 0
16 4 0 66 17 0.000279 2
16 4 0 67 20 0.000308 0
16 4 0 68 16 0.000239 2
16 4 0 69 12 0.000128 0
16 4 0 70 16 0.000198 2
16 4 0 71 20 0.000398 0
16 4 0 72 21 0.000443 2
16 4 0 73 16 0.000216 2
16 4 0 74 16 0.000246 2
16 4 0 75 12 0.000116 0
16 4 0 76 17 0.000271 2
16 4 0 77 18 0.000270 0
16 4 0 78 17 0.000243 0
16 4 0 79 16 0.000186 0
16 4 0 80 18 0.000324 2
16 4 0 81 19 0.000326 0
16 4 0 82 20 0.000373 0
16 4 0 83 18 0.000298 2
16 4 0 84 17 0.000272 2
16 4 0 85 20 0.000381 2
16 4 0 86 20 0.000299 2
16 4 0 87 17 0.000249 0
16 4 0 88 19 0.000341 2
16 4 0 89 19 0.000340 0
16 4 0 90 19 0.000314 0
16 4 0 91 19 0.000322 2
16 4 0 92 17 0.000241 2
16 4 0 93 20 0.000406 2
16 4 0 94 19 0.000313 2
16 4 0 95 18 0.000201 0
16 4 0 96 15 0.000220 0
16 4 0 97 19 0.000353 0
16 4 0 98 19 0.000339 2
16 4 0 99 20 0.000432 2
16 8 0 0 22 0.000585 0
16 8 0 1 13 0.000187 2
16 8 0 2 19 0.000464 2
16 8 0 3 19 0.000410 0
16 8 0 4 22 0.000567 0
16 8 0 5 18 0.000296 0
16 8 0 6 20 0.000520 2
16 8 0 7 22 0.000590 2
16 8 0 8 21 0.000502 2
16 8 0 9 16 0.000295 0
16 8 0 10 19 0.000383 0
16 8 0 11 17 0.000336 2
16 8 0 12 15 0.000228 0
16 8 0 13 21 0.000569 2
16 8 0 14 21 0.000481 2
16 8 0 15 19 0.000395 0
16 8 0 16 20 0.000439 2
16 8 0 17 19 0.000460 0
16 8 0 18 21 0.000386 0
16 8 0 19 19 0.000452 0
16 8 0 20 25 0.000782 2
16 8 0 21 22 0.000659 0
16 8 0 22 17 0.000348 2
16 8 0 23 19 0.000455 2
16 8 0 24 14 0.000246 0
16 8 0 25 17 0.000385 2
16 8 0 26 11 0.000123 0
16 8 0 27 16 0.000317 2
16 8 0 28 22 0.000562 2
16 8 0 29 22 0.000543 0
16 8 0 30 17 0.000351 0
16 8 0 31 20 0.000451 0
16 8 0 32 19 0.000481 2
16 8 0 33 12 0.000188 0
16 8 0 34 19 0.000477 0
16 8 0 35 19 0.000384 0
16 8 0 36 16 0.000263 0
16 8 0 37 17 0.000368 0
16 8 0 38 19 0.000425 0
16 8 0 39 17 0.000338 2
16 8 0 40 11 0.000120 0
16 8 0 41 19 0.000491 2
16 8 0 42 17 0.000306 2
16 8 0 43 25 0.000832 2
16 8 0 44 24 0.000674 0
16 8 0 45 18 0.000366 2
16 8 0 46 17 0.000371 0
16 8 0 47 14 0.000217 2
16 8 0 48 19 0.000446 2
16 8 0 49 15 0.000238 0
16 8 0 50 15 0.000221 0
16 8 0 51 23 0.000658 2
16 8 0 52 19 0.000398 0
16 8 0 53 13 0.000211 2
16 8 0 54 18 0.000377 0
16 8 0 55 23 0.000610 2
16 8 0 56 20 0.000403 0
16 8 0 57 17 0.000291 0
16 8 0 58 24 0.000680 0
16 8 0 59 22 0.000620 2
16 8 0 60 24 0.000657 0
16 8 0 61 21 0.000468 0
16 8 0 62 21 0.000576 2
16 8 0 63 17 0.000363 2
16 8 0 64 19 0.000399 0
16 8 0 65 19 0.000443 0
16 8 0 66 20 0.000472 2
16 8 0 67 25 0.000659 0
16 8 0 68 18 0.000583 2
16 8 0 69 14 0.000214 0
16 8 0 70 15 0.000250 2
16 8 0 71 25 0.000823 0
16 8 0 72 27 0.000954 2
16 8 0 73 18 0.000356 2
16 8 0 74 19 0.000413 2
16 8 0 75 13 0.000166 0
16 8 0 76 21 0.000543 2
16 8 0 77 23 0.000595 0
16 8 0 78 21 0.000470 0
16 8 0 79 19 0.000363 0
16 8 0 80 21 0.000572 2
16 8 0 81 23 0.000632 0
16 8 0 82 24 0.000781 0
16 8 0 83 21 0.000481 2
16 8 0 84 21 0.000544 2
16 8 0 85 25 0.000822 2
16 8 0 86 23 0.000538 2
16 8 0 87 17 0.000343 0
16 8 0 88 24 0.000812 2
16 8 0 89 25 0.000785 0
16 8 0 90 20 0.000514 0
16 8 0 91 22 0.000594 2
16 8 0 92 19 0.000381 2
16 8 0 93 24 0.000835 2
16 8 0 94 23 0.000623 2
16 8 0 95 19 0.000352 0
16 8 0 96 18 0.000389 0
16 8 0 97 21 0.000544 0
16 8 0 98 21 0.000605 2
16 8 0 99 25 0.000947 2
32 1 0 0 31 0.000222 0
32 1 0 1 30 0.000221 0
32 1 0 2 31 0.000231 0
32 1 0 3 31 0.000213 0
32 1 0 4 31 0.000218 0
32 1 0 5 31 0.000214 0
32 1 0 6 31 0.000224 0
32 1 0 7 25 0.000161 0
32 1 0 8 29 0.000207 0
32 1 0 9 31 0.000248 0
32 1 0 10 27 0.000191 0
32 1 0 11 30 0.000264 0
32 1 0 12 27 0.000185 0
32 1 0 13 29 0.000207 0
32 1 0 14 28 0.000191 0
32 1 0 15 30 0.000233 0
32 1 0 16 31 0.000301 2
32 1 0 17 28 0.000273 0
32 1 0 18 30 0.000207 0
32 1 0 19 32 0.000256 0
32 1 0 20 26 0.000189 0
32 1 0 21 31 0.000220 0
32 1 0 22 32 0.000260 0
32 1 0 23 29 0.000217 0
32 1 0 24 29 0.000200 0
32 1 0 25 31 0.000206 0
32 1 0 26 31 0.000223 0
32 1 0 27 27 0.000211 0
32 1 0 28 32 0.000281 0
32 1 0 29 31 0.000233 0
32 1 0 30 30 0.000248 0
32 1 0 31 32 0.000245 0
32 1 0 32 28 0.000200 0
32 1 0 33 29 0.000233 0
32 1 0 34 31 0.000249 0
32 1 0 35 29 0.000204 0
32 1 0 36 32 0.000220 0
32 1 0 37 29 0.000226 0
32 1 0 38 31 0.000266 0
32 1 0 39 23 0.000153 0
32 1 0 40 31 0.000225 0
32 1 0 41 31 0.000227 0
32 1 0 42 31 0.000233 0
32 1 0 43 32 0.000319 2
32 1 0 44 28 0.000243 0
32 1 0 45 31 0.000297 0
32 1 0 46 29 0.000258 0
32 1 0 47 29 0.000211 0
32 1 0 48 26 0.000174 0
32 1 0 49 31 0.000276 0
32 1 0 50 30 0.000210 0
32 1 0 51 29 0.000193 0
32 1 0 52 31 0.000235 0
32 1 0 53 27 0.000203 0
32 1 0 54 29 0.000233 0
32 1 0 55 28 0.000189 0
32 1 0 56 30 0.000213 0
32 1 0 57 30 0.000284 2
32 1 0 58 32 0.000237 0
32 1 0 59 28 0.000186 0
32 1 0 60 31 0.000224 0
32 1 0 61 29 0.000215 0
32 1 0 62 32 0.000239 0
32 1 0 63 29 0.000229 0
32 1 0 64 32 0.000229 0
32 1 0 65 30 0.000266 0
32 1 0 66 28 0.000214 0
32 1 0 67 31 0.000289 0
32 1 0 68 27 0.000178 0
32 1 0 69 29 0.000200 0
32 1 0 70 27 0.000205 0
32 1 0 71 31 0.000215 0
32 1 0 72 31 0.000219 0
32 1 0 73 30 0.000213 0
32 1 0 74 30 0.000212 0
32 1 0 75 31 0.000237 0
32 1 0 76 31 0.000212 0
32 1 0 77 32 0.000223 0
32 1 0 78 30 0.000239 0
32 1 0 79 31 0.000213 0
32 1 0 80 29 0.000195 0
32 1 0 81 32 0.000253 0
32 1 0 82 31 0.000214 0
32 1 0 83 29 0.000220 0
32 1 0 84 31 0.000229 0
32 1 0 85 29 0.000224 0
32 1 0 86 32 0.000215 0
32 1 0 87 28 0.000193 0
32 1 0 88 30 0.000215 0
32 1 0 89 31 0.000217 0
32 1 0 90 31 0.000246 0
32 1 0 91 32 0.000295 0
32 1 0 92 27 0.000185 0
32 1 0 93 28 0.000192 0
32 1 0 94 31 0.000287 2
32 1 0 95 26 0.000184 0
32 1 0 96 30 0.000207 0
32 1 0 97 29 0.000204 0
32 1 0 98 31 0.000232 0
32 1 0 99 31 0.000225 0
32 2 0 0 31 0.000368 2
32 2 0 1 30 0.000344 2
32 2 0 2 29 0.000342 0
32 2 0 3 31 0.000278 0
32 2 0 4 30 0.000276 0
32 2 0 5 33 0.000362 2
32 2 0 6 31 0.000342 0
32 2 0 7 25 0.000188 0
32 2 0 8 30 0.000283 0
32 2 0 9 33 0.000327 0
32 2 0 10 28 0.000330 2
32 2 0 11 30 0.000380 0
32 2 0 12 31 0.000317 0
32 2 0 13 30 0.000295 0
32 2 0 14 28 0.000268 0
32 2 0 15 31 0.000383 2
32 2 0 16 31 0.000397 2
32 2 0 17 30 0.000372 0
32 2 0 18 31 0.000285 0
32 2 0 19 33 0.000443 0
32 2 0 20 28 0.000336 2
32 2 0 21 32 0.000378 2
32 2 0 22 32 0.000409 0
32 2 0 23 31 0.000380 2
32 2 0 24 33 0.000371 2
32 2 0 25 29 0.000259 0
32 2 0 26 33 0.000399 2
32 2 0 27 27 0.000273 0
32 2 0 28 33 0.000416 0
32 2 0 29 33 0.000429 0
32 2 0 30 30 0.000351 2
32 2 0 31 33 0.000382 2
32 2 0 32 25 0.000280 0
32 2 0 33 28 0.000299 0
32 2 0 34 28 0.000350 2
32 2 0 35 31 0.000346 0
32 2 0 36 33 0.000306 0
32 2 0 37 27 0.000300 0
32 2 0 38 30 0.000348 2
32 2 0 39 24 0.000190 0
32 2 0 40 30 0.000336 2
32 2 0 41 28 0.000317 0
32 2 0 42 31 0.000353 2
32 2 0 43 30 0.000356 2
32 2 0 44 29 0.000319 0
32 2 0 45 33 0.000432 0
32 2 0 46 30 0.000359 2
32 2 0 47 31 0.000318 0
32 2 0 48 27 0.000269 0
32 2 0 49 29 0.000350 0
32 2 0 50 33 0.000393 2
32 2 0 51 28 0.000244 0
32 2 0 52 29 0.000308 0
32 2 0 53 29 0.000291 0
32 2 0 54 25 0.000282 2
32 2 0 55 30 0.000312 2
32 2 0 56 27 0.000327 2
32 2 0 57 30 0.000388 2
32 2 0 58 33 0.000407 2
32 2 0 59 28 0.000302 2
32 2 0 60 31 0.000326 0
32 2 0 61 27 0.000317 2
32 2 0 62 31 0.000354 2
32 2 0 63 29 0.000319 2
32 2 0 64 29 0.000336 0
32 2 0 65 32 0.000387 2
32 2 0 66 30 0.000647 2
32 2 0 67 33 0.000381 0
32 2 0 68 25 0.000219 0
32 2 0 69 29 0.000264 0
32 2 0 70 25 0.000267 2
32 2 0 71 30 0.000350 0
32 2 0 72 33 0.000368 2
32 2 0 73 32 0.000310 0
32 2 0 74 29 0.000343 2
32 2 0 75 28 0.000308 2
32 2 0 76 32 0.000307 0
32 2 0 77 32 0.000305 0
32 2 0 78 28 0.000310 0
32 2 0 79 32 0.000355 2
32 2 0 80 28 0.000236 0
32 2 0 81 32 0.000388 2
32 2 0 82 32 0.000302 0
32 2 0 83 31 0.000333 2
32 2 0 84 31 0.000400 0
32 2 0 85 27 0.000319 2
32 2 0 86 31 0.000285 0
32 2 0 87 29 0.000316 2
32 2 0 88 30 0.000339 2
32 2 0 89 30 0.000349 2
32 2 0 90 31 0.000372 0
32 2 0 91 32 0.000400 2
32 2 0 92 29 0.000309 2
32 2 0 93 29 0.000251 0
32 2 0 94 26 0.000311 2
32 2 0 95 26 0.000258 0
32 2 0 96 32 0.000296 0
32 2 0 97 28 0.000267 0
32 2 0 98 32 0.000420 2
32 2 0 99 32 0.000387 2
32 4 0 0 34 0.000608 2
32 4 0 1 32 0.000531 2
32 4 0 2 31 0.000584 0
32 4 0 3 31 0.000488 0
32 4 0 4 32 0.000495 0
32 4 0 5 32 0.000506 2
32 4 0 6 33 0.000633 2
32 4 0 7 21 0.000213 0
32 4 0 8 26 0.000396 0
32 4 0 9 33 0.000562 0
32 4 0 10 29 0.000534 2
32 4 0 11 32 0.000762 0
32 4 0 12 31 0.000550 2
32 4 0 13 34 0.000632 0
32 4 0 14 30 0.000476 0
32 4 0 15 33 0.000642 2
32 4 0 16 34 0.000721 2
32 4 0 17 30 0.000612 0
32 4 0 18 32 0.000494 0
32 4 0 19 35 0.000852 0
32 4 0 20 30 0.000552 2
32 4 0 21 35 0.000631 2
32 4 0 22 33 0.000742 0
32 4 0 23 33 0.000583 2
32 4 0 24 30 0.000480 2
32 4 0 25 30 0.000415 0
32 4 0 26 35 0.000652 2
32 4 0 27 29 0.000432 0
32 4 0 28 35 0.000748 0
32 4 0 29 33 0.000776 0
32 4 0 30 31 0.000563 2
32 4 0 31 33 0.000609 2
32 4 0 32 28 0.000439 0
32 4 0 33 31 0.000460 0
32 4 0 34 31 0.000674 2
32 4 0 35 32 0.000549 0
32 4 0 36 34 0.000549 0
32 4 0 37 28 0.000476 0
32 4 0 38 33 0.000620 2
32 4 0 39 29 0.000343 0
32 4 0 40 33 0.000550 2
32 4 0 41 31 0.000518 0
32 4 0 42 34 0.000591 2
32 4 0 43 32 0.000574 2
32 4 0 44 31 0.000558 2
32 4 0 45 32 0.000761 0
32 4 0 46 33 0.000675 2
32 4 0 47 29 0.000530 0
32 4 0 48 28 0.000356 0
32 4 0 49 33 0.000684 0
32 4 0 50 32 0.000631 2
32 4 0 51 29 0.000421 0
32 4 0 52 31 0.000498 0
32 4 0 53 33 0.000565 2
32 4 0 54 27 0.000429 2
32 4 0 55 31 0.000420 2
32 4 0 56 31 0.000621 2
32 4 0 57 32 0.000670 2
32 4 0 58 36 0.000721 2
32 4 0 59 29 0.000461 2
32 4 0 60 35 0.000712 0
32 4 0 61 32 0.000601 2
32 4 0 62 33 0.000598 2
32 4 0 63 29 0.000461 2
32 4 0 64 33 0.000595 0
32 4 0 65 34 0.000647 2
32 4 0 66 31 0.000558 2
32 4 0 67 32 0.000593 0
32 4 0 68 25 0.000379 0
32 4 0 69 32 0.000474 0
32 4 0 70 27 0.000433 2
32 4 0 71 32 0.000590 2
32 4 0 72 30 0.000522 2
32 4 0 73 34 0.000607 0
32 4 0 74 32 0.000590 2
32 4 0 75 32 0.000521 2
32 4 0 76 31 0.000545 0
32 4 0 77 35 0.000551 0
32 4 0 78 31 0.000498 0
32 4 0 79 33 0.000563 2
32 4 0 80 28 0.000381 0
32 4 0 81 36 0.000707 2
32 4 0 82 34 0.000579 0
32 4 0 83 29 0.000428 2
32 4 0 84 33 0.000730 0
32 4 0 85 31 0.000559 2
32 4 0 86 29 0.000404 0
32 4 0 87 31 0.000464 2
32 4 0 88 33 0.000523 2
32 4 0 89 32 0.000522 2
32 4 0 90 34 0.000643 0
32 4 0 91 36 0.000723 2
32 4 0 92 31 0.000453 2
32 4 0 93 29 0.000418 0
32 4 0 94 30 0.000553 2
32 4 0 95 23 0.000309 2
32 4 0 96 32 0.000513 0
32 4 0 97 32 0.000524 0
32 4 0 98 35 0.000798 2
32 4 0 99 34 0.000640 2
32 8 0 0 34 0.001217 2
32 8 0 1 34 0.001095 2
32 8 0 2 36 0.001423 0
32 8 0 3 35 0.001215 0
32 8 0 4 33 0.001078 0
32 8 0 5 35 0.001061 2
32 8 0 6 37 0.001477 2
32 8 0 7 26 0.000450 0
32 8 0 8 32 0.000973 0
32 8 0 9 36 0.001219 0
32 8 0 10 33 0.001259 2
32 8 0 11 38 0.002029 0
32 8 0 12 32 0.001045 2
32 8 0 13 37 0.001410 0
32 8 0 14 31 0.000998 0
32 8 0 15 37 0.001501 2
32 8 0 16 38 0.001784 2
32 8 0 17 36 0.001553 0
32 8 0 18 37 0.001182 0
32 8 0 19 41 0.002334 0
32 8 0 20 37 0.001375 2
32 8 0 21 36 0.001393 2
32 8 0 22 37 0.001920 0
32 8 0 23 37 0.001357 2
32 8 0 24 35 0.001011 2
32 8 0 25 31 0.000893 0
32 8 0 26 37 0.001475 2
32 8 0 27 30 0.000946 0
32 8 0 28 40 0.001671 0
32 8 0 29 40 0.002161 0
32 8 0 30 34 0.001124 2
32 8 0 31 39 0.001352 2
32 8 0 32 28 0.000736 0
32 8 0 33 32 0.000841 0
32 8 0 34 37 0.001687 2
32 8 0 35 34 0.001058 0
32 8 0 36 40 0.001405 0
32 8 0 37 35 0.001057 0
32 8 0 38 39 0.001435 2
32 8 0 39 26 0.000567 0
32 8 0 40 36 0.001045 2
32 8 0 41 34 0.001181 0
32 8 0 42 35 0.001280 2
32 8 0 43 36 0.001257 2
32 8 0 44 31 0.001084 2
32 8 0 45 38 0.001861 0
32 8 0 46 36 0.001520 2
32 8 0 47 32 0.001224 0
32 8 0 48 26 0.000534 0
32 8 0 49 36 0.001543 0
32 8 0 50 38 0.001446 2
32 8 0 51 31 0.000878 0
32 8 0 52 32 0.000961 0
32 8 0 53 33 0.001131 2
32 8 0 54 32 0.001006 2
32 8 0 55 31 0.000608 2
32 8 0 56 35 0.001482 2
32 8 0 57 38 0.001775 2
32 8 0 58 39 0.001697 2
32 8 0 59 31 0.000893 2
32 8 0 60 38 0.001818 0
32 8 0 61 35 0.001305 2
32 8 0 62 37 0.001388 2
32 8 0 63 31 0.000931 2
32 8 0 64 36 0.001347 0
32 8 0 65 37 0.001372 2
32 8 0 66 32 0.001147 2
32 8 0 67 35 0.001204 0
32 8 0 68 27 0.000696 0
32 8 0 69 32 0.000902 0
32 8 0 70 28 0.000831 2
32 8 0 71 35 0.001286 2
32 8 0 72 33 0.001011 2
32 8 0 73 38 0.001534 0
32 8 0 74 34 0.001170 2
32 8 0 75 33 0.000973 2
32 8 0 76 35 0.001466 0
32 8 0 77 38 0.001305 0
32 8 0 78 34 0.001036 0
32 8 0 79 36 0.001294 2
32 8 0 80 31 0.000889 0
32 8 0 81 36 0.001408 2
32 8 0 82 36 0.001346 0
32 8 0 83 30 0.000859 2
32 8 0 84 37 0.001950 0
32 8 0 85 33 0.001214 2
32 8 0 86 33 0.001032 0
32 8 0 87 34 0.000945 2
32 8 0 88 31 0.000915 2
32 8 0 89 33 0.001071 2
32 8 0 90 36 0.001387 0
32 8 0 91 39 0.001659 2
32 8 0 92 27 0.000728 2
32 8 0 93 32 0.000830 0
32 8 0 94 35 0.001286 2
32 8 0 95 27 0.000590 2
32 8 0 96 36 0.001313 0
32 8 0 97 34 0.001144 0
32 8 0 98 38 0.001977 2
32 8 0 99 37 0.001457 2
