4 1 0 0 3 0.000094 0
4 1 0 1 4 0.000096 1
4 1 0 2 4 0.000098 0
4 1 0 3 4 0.000102 2
4 1 0 4 4 0.000087 1
4 1 0 5 4 0.000105 2
4 1 0 6 2 0.000091 2
4 1 0 7 2 0.000116 2
4 1 0 8 4 0.000090 1
4 1 0 9 2 0.000115 2
4 1 0 10 4 0.000112 2
4 1 0 11 3 0.000077 0
4 1 0 12 4 0.000113 2
4 1 0 13 2 0.000117 2
4 1 0 14 4 0.000096 2
4 1 0 15 4 0.000091 0
4 1 0 16 2 0.000116 2
4 1 0 17 3 0.000110 1
4 1 0 18 2 0.000098 0
4 1 0 19 2 0.000117 2
4 1 0 20 2 0.000070 0
4 1 0 21 2 0.000089 1
4 1 0 22 4 0.000101 0
4 1 0 23 4 0.000108 2
4 1 0 24 4 0.000107 2
4 1 0 25 4 0.000113 2
4 1 0 26 4 0.000112 2
4 1 0 27 4 0.000101 0
4 1 0 28 4 0.000098 0
4 1 0 29 4 0.000108 0
4 1 0 30 4 0.000104 2
4 1 0 31 4 0.000108 2
4 1 0 32 2 0.000116 2
4 1 0 33 4 0.000095 2
4 1 0 34 4 0.000113 2
4 1 0 35 2 0.000100 2
4 1 0 36 4 0.000105 2
4 1 0 37 4 0.000103 2
4 1 0 38 2 0.000089 0
4 1 0 39 3 0.000108 0
4 1 0 40 4 0.000111 2
4 1 0 41 2 0.000069 0
4 1 0 42 2 0.000090 0
4 1 0 43 4 0.000091 0
4 1 0 44 2 0.000116 2
4 1 0 45 4 0.000100 0
4 1 0 46 4 0.000108 2
4 1 0 47 4 0.000090 1
4 1 0 48 4 0.000098 2
4 1 0 49 4 0.000115 2
4 1 0 50 4 0.000087 1
4 1 0 51 4 0.000098 2
4 1 0 52 3 0.000073 0
4 1 0 53 4 0.000101 0
4 1 0 54 3 0.000097 1
4 1 0 55 3 0.000107 0
4 1 0 56 4 0.000100 0
4 1 0 57 4 0.000087 1
4 1 0 58 4 0.000114 2
4 1 0 59 4 0.000116 2
4 1 0 60 4 0.000102 1
4 1 0 61 4 0.000095 2
4 1 0 62 2 0.000072 1
4 1 0 63 4 0.000108 1
4 1 0 64 4 0.000102 1
4 1 0 65 4 0.000079 0
4 1 0 66 4 0.000108 2
4 1 0 67 3 0.000109 2
4 1 0 68 4 0.000087 1
4 1 0 69 4 0.000114 2
4 1 0 70 4 0.000104 2
4 1 0 71 4 0.000104 2
4 1 0 72 3 0.000098 2
4 1 0 73 4 0.000091 1
4 1 0 74 4 0.000103 2
4 1 0 75 4 0.000108 0
4 1 0 76 4 0.000103 2
4 1 0 77 4 0.000103 2
4 1 0 78 4 0.000099 0
4 1 0 79 4 0.000109 2
4 1 0 80 4 0.000103 2
4 1 0 81 4 0.000102 2
4 1 0 82 3 0.000094 0
4 1 0 83 4 0.000103 2
4 1 0 84 2 0.000098 1
4 1 0 85 4 0.000097 2
4 1 0 86 4 0.000117 2
4 1 0 87 4 0.000083 0
4 1 0 88 4 0.000107 2
4 1 0 89 4 0.000097 2
4 1 0 90 4 0.000114 2
4 1 0 91 4 0.000099 2
4 1 0 92 4 0.000099 2
4 1 0 93 4 0.000090 1
4 1 0 94 2 0.000099 0
4 1 0 95 4 0.000104 1
4 1 0 96 4 0.000099 0
4 1 0 97 2 0.000115 1
4 1 0 98 4 0.000085 0
4 1 0 99 4 0.000108 2
4 2 0 0 1 0.000052 2
4 2 0 1 4 0.000181 2
4 2 0 2 3 0.000131 2
4 2 0 3 3 0.000241 2
4 2 0 4 3 0.000101 1
4 2 0 5 5 0.000377 2
4 2 0 6 2 0.000075 2
4 2 0 7 3 0.000146 2
4 2 0 8 5 0.000165 1
4 2 0 9 3 0.000153 2
4 2 0 10 5 0.000445 2
4 2 0 11 1 0.000034 0
4 2 0 12 5 0.000446 2
4 2 0 13 3 0.000149 2
4 2 0 14 3 0.000189 2
4 2 0 15 4 0.000220 0
4 2 0 16 3 0.000151 2
4 2 0 17 1 0.000059 1
4 2 0 18 3 0.000126 0
4 2 0 19 3 0.000146 2
4 2 0 20 3 0.000079 0
4 2 0 21 2 0.000073 1
4 2 0 22 5 0.000382 2
4 2 0 23 4 0.000333 2
4 2 0 24 3 0.000150 2
4 2 0 25 5 0.000449 2
4 2 0 26 5 0.000445 2
4 2 0 27 3 0.000157 2
4 2 0 28 5 0.000293 0
4 2 0 29 5 0.000385 2
4 2 0 30 4 0.000205 2
4 2 0 31 4 0.000334 2
4 2 0 32 3 0.000151 2
4 2 0 33 4 0.000139 2
4 2 0 34 5 0.000445 2
4 2 0 35 2 0.000083 2
4 2 0 36 5 0.000379 2
4 2 0 37 3 0.000151 2
4 2 0 38 3 0.000118 0
4 2 0 39 1 0.000059 2
4 2 0 40 5 0.000379 2
4 2 0 41 2 0.000054 0
4 2 0 42 3 0.000124 2
4 2 0 43 2 0.000097 2
4 2 0 44 3 0.000150 2
4 2 0 45 5 0.000378 2
4 2 0 46 3 0.000271 2
4 2 0 47 3 0.000085 1
4 2 0 48 3 0.000131 2
4 2 0 49 5 0.000451 2
4 2 0 50 3 0.000100 1
4 2 0 51 2 0.000095 2
4 2 0 52 1 0.000035 0
4 2 0 53 5 0.000377 2
4 2 0 54 1 0.000052 1
4 2 0 55 1 0.000060 2
4 2 0 56 4 0.000210 2
4 2 0 57 3 0.000084 1
4 2 0 58 5 0.000452 2
4 2 0 59 5 0.000451 2
4 2 0 60 3 0.000240 1
4 2 0 61 4 0.000137 2
4 2 0 62 2 0.000057 1
4 2 0 63 3 0.000155 1
4 2 0 64 3 0.000151 1
4 2 0 65 3 0.000095 0
4 2 0 66 5 0.000364 2
4 2 0 67 1 0.000059 2
4 2 0 68 3 0.000101 1
4 2 0 69 5 0.000452 2
4 2 0 70 4 0.000202 2
4 2 0 71 5 0.000378 2
4 2 0 72 1 0.000052 2
4 2 0 73 3 0.000101 1
4 2 0 74 3 0.000152 2
4 2 0 75 3 0.000270 2
4 2 0 76 3 0.000243 2
4 2 0 77 5 0.000377 2
4 2 0 78 3 0.000155 2
4 2 0 79 4 0.000209 2
4 2 0 80 4 0.000327 2
4 2 0 81 4 0.000325 2
4 2 0 82 1 0.000052 2
4 2 0 83 4 0.000325 2
4 2 0 84 2 0.000084 1
4 2 0 85 3 0.000127 2
4 2 0 86 5 0.000451 2
4 2 0 87 5 0.000162 0
4 2 0 88 3 0.000270 2
4 2 0 89 2 0.000098 2
4 2 0 90 5 0.000449 2
4 2 0 91 5 0.000309 2
4 2 0 92 3 0.000129 2
4 2 0 93 5 0.000164 1
4 2 0 94 2 0.000084 0
4 2 0 95 4 0.000205 2
4 2 0 96 5 0.000306 2
4 2 0 97 3 0.000146 1
4 2 0 98 3 0.000081 0
4 2 0 99 4 0.000208 2
4 4 0 0 1 0.000052 2
4 4 0 1 3 0.000199 2
4 4 0 2 3 0.000198 2
4 4 0 3 3 0.000264 2
4 4 0 4 3 0.000105 1
4 4 0 5 3 0.000248 2
4 4 0 6 1 0.000052 2
4 4 0 7 3 0.000247 2
4 4 0 8 5 0.000191 1
4 4 0 9 3 0.000275 2
4 4 0 10 5 0.000649 2
4 4 0 11 1 0.000034 0
4 4 0 12 5 0.000652 2
4 4 0 13 3 0.000247 2
4 4 0 14 3 0.000199 2
4 4 0 15 3 0.000218 2
4 4 0 16 3 0.000276 2
4 4 0 17 1 0.000062 1
4 4 0 18 1 0.000059 2
4 4 0 19 3 0.000247 2
4 4 0 20 3 0.000104 0
4 4 0 21 1 0.000052 1
4 4 0 22 3 0.000276 2
4 4 0 23 3 0.000276 2
4 4 0 24 3 0.000275 2
4 4 0 25 5 0.000700 2
4 4 0 26 5 0.000648 2
4 4 0 27 3 0.000276 2
4 4 0 28 5 0.000421 2
4 4 0 29 3 0.000276 2
4 4 0 30 3 0.000248 2
4 4 0 31 3 0.000276 2
4 4 0 32 3 0.000277 2
4 4 0 33 3 0.000217 2
4 4 0 34 5 0.000650 2
4 4 0 35 1 0.000059 2
4 4 0 36 5 0.000552 2
4 4 0 37 3 0.000274 2
4 4 0 38 3 0.000219 2
4 4 0 39 1 0.000060 2
4 4 0 40 5 0.000597 2
4 4 0 41 1 0.000034 0
4 4 0 42 3 0.000217 2
4 4 0 43 1 0.000052 2
4 4 0 44 3 0.000275 2
4 4 0 45 3 0.000276 2
4 4 0 46 3 0.000275 2
4 4 0 47 3 0.000104 1
4 4 0 48 3 0.000199 2
4 4 0 49 5 0.000654 2
4 4 0 50 3 0.000104 1
4 4 0 51 1 0.000059 2
4 4 0 52 1 0.000034 0
4 4 0 53 3 0.000277 2
4 4 0 54 1 0.000051 1
4 4 0 55 1 0.000060 2
4 4 0 56 3 0.000277 2
4 4 0 57 3 0.000104 1
4 4 0 58 5 0.000703 2
4 4 0 59 5 0.000700 2
4 4 0 60 3 0.000244 1
4 4 0 61 3 0.000217 2
4 4 0 62 1 0.000035 1
4 4 0 63 3 0.000274 1
4 4 0 64 3 0.000246 1
4 4 0 65 3 0.000099 0
4 4 0 66 5 0.000554 2
4 4 0 67 1 0.000059 2
4 4 0 68 3 0.000108 1
4 4 0 69 5 0.000703 2
4 4 0 70 3 0.000276 2
4 4 0 71 3 0.000247 2
4 4 0 72 1 0.000052 2
4 4 0 73 3 0.000105 1
4 4 0 74 3 0.000246 2
4 4 0 75 3 0.000275 2
4 4 0 76 3 0.000247 2
4 4 0 77 3 0.000248 2
4 4 0 78 3 0.000274 2
4 4 0 79 3 0.000280 2
4 4 0 80 3 0.000248 2
4 4 0 81 3 0.000247 2
4 4 0 82 1 0.000052 2
4 4 0 83 3 0.000247 2
4 4 0 84 1 0.000059 1
4 4 0 85 3 0.000218 2
4 4 0 86 5 0.000704 2
4 4 0 87 5 0.000191 0
4 4 0 88 3 0.000275 2
4 4 0 89 1 0.000052 2
4 4 0 90 5 0.000700 2
4 4 0 91 5 0.000449 2
4 4 0 92 3 0.000217 2
4 4 0 93 5 0.000191 1
4 4 0 94 1 0.000059 2
4 4 0 95 3 0.000247 2
4 4 0 96 5 0.000423 2
4 4 0 97 3 0.000244 1
4 4 0 98 3 0.000102 0
4 4 0 99 3 0.000275 2
8 1 0 0 7 0.000223 2
8 1 0 1 7 0.000195 2
8 1 0 2 8 0.000217 0
8 1 0 3 8 0.000209 2
8 1 0 4 7 0.000197 0
8 1 0 5 4 0.000177 2
8 1 0 6 7 0.000210 2
8 1 0 7 6 0.000198 2
8 1 0 8 5 0.000224 2
8 1 0 9 7 0.000179 0
8 1 0 10 8 0.000194 0
8 1 0 11 7 0.000195 2
8 1 0 12 8 0.000206 0
8 1 0 13 7 0.000216 0
8 1 0 14 8 0.000205 2
8 1 0 15 7 0.000225 2
8 1 0 16 7 0.000193 2
8 1 0 17 8 0.000215 2
8 1 0 18 8 0.000185 0
8 1 0 19 7 0.000191 2
8 1 0 20 8 0.000226 2
8 1 0 21 6 0.000204 2
8 1 0 22 8 0.000206 2
8 1 0 23 7 0.000206 2
8 1 0 24 7 0.000213 0
8 1 0 25 8 0.000216 0
8 1 0 26 8 0.000215 2
8 1 0 27 7 0.000229 2
8 1 0 28 8 0.000231 2
8 1 0 29 8 0.000192 0
8 1 0 30 7 0.000223 2
8 1 0 31 6 0.000226 2
8 1 0 32 7 0.000219 2
8 1 0 33 7 0.000174 0
8 1 0 34 6 0.000228 2
8 1 0 35 6 0.000204 0
8 1 0 36 8 0.000211 2
8 1 0 37 6 0.000225 2
8 1 0 38 7 0.000215 2
8 1 0 39 8 0.000235 2
8 1 0 40 6 0.000189 2
8 1 0 41 7 0.000179 0
8 1 0 42 6 0.000196 2
8 1 0 43 8 0.000229 2
8 1 0 44 6 0.000231 2
8 1 0 45 7 0.000215 2
8 1 0 46 8 0.000221 0
8 1 0 47 8 0.000188 2
8 1 0 48 6 0.000216 0
8 1 0 49 7 0.000191 2
8 1 0 50 8 0.000235 2
8 1 0 51 8 0.000222 2
8 1 0 52 8 0.000242 2
8 1 0 53 8 0.000216 0
8 1 0 54 8 0.000202 2
8 1 0 55 7 0.000223 2
8 1 0 56 7 0.000230 2
8 1 0 57 8 0.000218 2
8 1 0 58 8 0.000234 2
8 1 0 59 8 0.000223 2
8 1 0 60 8 0.000223 2
8 1 0 61 7 0.000224 2
8 1 0 62 6 0.000190 2
8 1 0 63 8 0.000211 2
8 1 0 64 8 0.000228 2
8 1 0 65 7 0.000220 0
8 1 0 66 8 0.000206 2
8 1 0 67 8 0.000226 0
8 1 0 68 8 0.000212 2
8 1 0 69 7 0.000210 2
8 1 0 70 7 0.000195 0
8 1 0 71 7 0.000224 2
8 1 0 72 7 0.000233 2
8 1 0 73 7 0.000231 2
8 1 0 74 7 0.000171 0
8 1 0 75 8 0.000200 2
8 1 0 76 8 0.000218 2
8 1 0 77 8 0.000213 2
8 1 0 78 8 0.000175 0
8 1 0 79 6 0.000189 0
8 1 0 80 8 0.000230 2
8 1 0 81 8 0.000205 0
8 1 0 82 6 0.000183 2
8 1 0 83 6 0.000206 0
8 1 0 84 7 0.000191 2
8 1 0 85 6 0.000228 2
8 1 0 86 8 0.000221 2
8 1 0 87 7 0.000208 2
8 1 0 88 8 0.000222 2
8 1 0 89 8 0.000217 2
8 1 0 90 8 0.000207 2
8 1 0 91 7 0.000200 0
8 1 0 92 7 0.000219 2
8 1 0 93 6 0.000161 2
8 1 0 94 8 0.000223 2
8 1 0 95 8 0.000214 2
8 1 0 96 6 0.000191 2
8 1 0 97 8 0.000218 0
8 1 0 98 8 0.000228 2
8 1 0 99 8 0.000223 2
8 2 0 0 8 0.000247 2
8 2 0 1 7 0.000412 2
8 2 0 2 7 0.000491 2
8 2 0 3 8 0.000401 2
8 2 0 4 4 0.000173 2
8 2 0 5 4 0.000257 2
8 2 0 6 9 0.000334 2
8 2 0 7 6 0.000290 2
8 2 0 8 5 0.000305 2
8 2 0 9 8 0.000259 0
8 2 0 10 7 0.000275 2
8 2 0 11 6 0.000381 2
8 2 0 12 7 0.000435 2
8 2 0 13 9 0.000388 2
8 2 0 14 8 0.000369 2
8 2 0 15 8 0.000321 2
8 2 0 16 8 0.000236 2
8 2 0 17 8 0.000382 2
8 2 0 18 7 0.000422 2
8 2 0 19 6 0.000231 2
8 2 0 20 9 0.000432 2
8 2 0 21 5 0.000244 2
8 2 0 22 9 0.000406 2
8 2 0 23 8 0.000258 2
8 2 0 24 4 0.000232 2
8 2 0 25 6 0.000512 2
8 2 0 26 8 0.000329 2
8 2 0 27 9 0.000394 2
8 2 0 28 10 0.000481 2
8 2 0 29 9 0.000261 0
8 2 0 30 8 0.000350 2
8 2 0 31 7 0.000376 2
8 2 0 32 7 0.000416 2
8 2 0 33 8 0.000298 0
8 2 0 34 7 0.000237 2
8 2 0 35 7 0.000241 2
8 2 0 36 10 0.000361 2
8 2 0 37 7 0.000257 2
8 2 0 38 8 0.000396 2
8 2 0 39 10 0.000475 2
8 2 0 40 6 0.000237 2
8 2 0 41 7 0.000303 0
8 2 0 42 7 0.000314 2
8 2 0 43 9 0.000516 2
8 2 0 44 7 0.000281 2
8 2 0 45 8 0.000286 2
8 2 0 46 10 0.000470 2
8 2 0 47 6 0.000219 2
8 2 0 48 7 0.000414 2
8 2 0 49 6 0.000281 2
8 2 0 50 8 0.000656 2
8 2 0 51 10 0.000467 2
8 2 0 52 10 0.000617 2
8 2 0 53 9 0.000453 2
8 2 0 54 8 0.000237 2
8 2 0 55 7 0.000335 2
8 2 0 56 9 0.000408 2
8 2 0 57 7 0.000543 2
8 2 0 58 10 0.000484 2
8 2 0 59 7 0.000489 2
8 2 0 60 10 0.000437 2
8 2 0 61 9 0.000320 2
8 2 0 62 7 0.000487 2
8 2 0 63 9 0.000355 2
8 2 0 64 10 0.000440 2
8 2 0 65 8 0.000373 2
8 2 0 66 7 0.000245 2
8 2 0 67 9 0.000308 0
8 2 0 68 9 0.000287 2
8 2 0 69 9 0.000314 2
8 2 0 70 8 0.000298 2
8 2 0 71 8 0.000394 2
8 2 0 72 8 0.000267 2
8 2 0 73 8 0.000441 2
8 2 0 74 8 0.000195 0
8 2 0 75 8 0.000345 2
8 2 0 76 8 0.000434 2
8 2 0 77 9 0.000389 2
8 2 0 78 9 0.000284 0
8 2 0 79 6 0.000205 0
8 2 0 80 10 0.000464 2
8 2 0 81 8 0.000318 2
8 2 0 82 6 0.000382 2
8 2 0 83 5 0.000295 2
8 2 0 84 8 0.000230 2
8 2 0 85 6 0.000325 2
8 2 0 86 7 0.000501 2
8 2 0 87 7 0.000238 2
8 2 0 88 5 0.000373 2
8 2 0 89 8 0.000331 2
8 2 0 90 8 0.000493 2
8 2 0 91 7 0.000269 2
8 2 0 92 8 0.000332 2
8 2 0 93 7 0.000196 2
8 2 0 94 10 0.000472 2
8 2 0 95 9 0.000376 2
8 2 0 96 5 0.000274 2
8 2 0 97 9 0.000473 2
8 2 0 98 9 0.000494 2
8 2 0 99 7 0.000384 2
8 4 0 0 8 0.000931 2
8 4 0 1 6 0.000509 2
8 4 0 2 10 0.000851 2
8 4 0 3 9 0.000478 2
8 4 0 4 4 0.000214 2
8 4 0 5 3 0.000273 2
8 4 0 6 11 0.001098 2
8 4 0 7 5 0.000497 2
8 4 0 8 5 0.000469 2
8 4 0 9 7 0.000560 2
8 4 0 10 9 0.000664 2
8 4 0 11 7 0.000519 2
8 4 0 12 9 0.000620 2
8 4 0 13 11 0.001617 2
8 4 0 14 9 0.000785 2
8 4 0 15 9 0.000972 2
8 4 0 16 7 0.000661 2
8 4 0 17 9 0.000921 2
8 4 0 18 9 0.000676 2
8 4 0 19 6 0.000388 2
8 4 0 20 10 0.000818 2
8 4 0 21 6 0.000436 2
8 4 0 22 10 0.000947 2
8 4 0 23 10 0.001013 2
8 4 0 24 5 0.000401 2
8 4 0 25 8 0.000908 2
8 4 0 26 9 0.000649 2
8 4 0 27 10 0.001305 2
8 4 0 28 11 0.001100 2
8 4 0 29 11 0.000767 2
8 4 0 30 9 0.000793 2
8 4 0 31 9 0.000722 2
8 4 0 32 8 0.000912 2
8 4 0 33 9 0.000786 0
8 4 0 34 8 0.000898 2
8 4 0 35 5 0.000491 2
8 4 0 36 11 0.000765 2
8 4 0 37 6 0.000520 2
8 4 0 38 9 0.001095 2
8 4 0 39 12 0.001321 2
8 4 0 40 6 0.000367 2
8 4 0 41 6 0.000413 2
8 4 0 42 6 0.000481 2
8 4 0 43 10 0.000822 2
8 4 0 44 8 0.000827 2
8 4 0 45 7 0.000565 2
8 4 0 46 12 0.001344 2
8 4 0 47 7 0.000327 2
8 4 0 48 9 0.000818 2
8 4 0 49 7 0.000465 2
8 4 0 50 11 0.001128 2
8 4 0 51 11 0.001068 2
8 4 0 52 13 0.002068 2
8 4 0 53 11 0.001745 2
8 4 0 54 9 0.000562 2
8 4 0 55 8 0.000682 2
8 4 0 56 9 0.001192 2
8 4 0 57 10 0.000886 2
8 4 0 58 11 0.001122 2
8 4 0 59 9 0.000685 2
8 4 0 60 12 0.001286 2
8 4 0 61 9 0.000782 2
8 4 0 62 7 0.000840 2
8 4 0 63 10 0.000772 2
8 4 0 64 11 0.001039 2
8 4 0 65 8 0.000879 2
8 4 0 66 8 0.000564 2
8 4 0 67 12 0.001207 2
8 4 0 68 10 0.000869 2
8 4 0 69 8 0.000564 2
8 4 0 70 9 0.000673 2
8 4 0 71 9 0.001444 2
8 4 0 72 10 0.001140 2
8 4 0 73 9 0.001102 2
8 4 0 74 7 0.000401 2
8 4 0 75 10 0.000922 2
8 4 0 76 11 0.000854 2
8 4 0 77 10 0.000893 2
8 4 0 78 10 0.000641 2
8 4 0 79 5 0.000188 0
8 4 0 80 12 0.001298 2
8 4 0 81 9 0.000792 2
8 4 0 82 6 0.000403 2
8 4 0 83 6 0.000542 2
8 4 0 84 7 0.000656 2
8 4 0 85 8 0.000622 2
8 4 0 86 9 0.000788 2
8 4 0 87 7 0.000592 2
8 4 0 88 7 0.000529 2
8 4 0 89 9 0.000649 2
8 4 0 90 11 0.000836 2
8 4 0 91 8 0.000618 2
8 4 0 92 8 0.000602 2
8 4 0 93 6 0.000235 2
8 4 0 94 12 0.001154 2
8 4 0 95 11 0.001250 2
8 4 0 96 5 0.000375 2
8 4 0 97 9 0.000937 2
8 4 0 98 11 0.001750 2
8 4 0 99 9 0.001003 2
8 8 0 0 7 0.001419 2
8 8 0 1 5 0.000652 2
8 8 0 2 7 0.001508 2
8 8 0 3 7 0.001263 2
8 8 0 4 3 0.000248 2
8 8 0 5 3 0.000246 2
8 8 0 6 11 0.002568 2
8 8 0 7 5 0.000713 2
8 8 0 8 5 0.000648 2
8 8 0 9 5 0.000596 2
8 8 0 10 7 0.001507 2
8 8 0 11 5 0.000654 2
8 8 0 12 7 0.001425 2
8 8 0 13 11 0.004090 2
8 8 0 14 7 0.001267 2
8 8 0 15 7 0.001424 2
8 8 0 16 7 0.001064 2
8 8 0 17 7 0.001425 2
8 8 0 18 9 0.001711 2
8 8 0 19 5 0.000559 2
8 8 0 20 9 0.002717 2
8 8 0 21 5 0.000657 2
8 8 0 22 9 0.002253 2
8 8 0 23 7 0.001443 2
8 8 0 24 5 0.000654 2
8 8 0 25 7 0.001508 2
8 8 0 26 7 0.001517 2
8 8 0 27 9 0.002720 2
8 8 0 28 11 0.004788 2
8 8 0 29 11 0.001959 2
8 8 0 30 9 0.002857 2
8 8 0 31 9 0.002491 2
8 8 0 32 7 0.001417 2
8 8 0 33 9 0.001239 2
8 8 0 34 7 0.001263 2
8 8 0 35 5 0.000703 2
8 8 0 36 9 0.002167 2
8 8 0 37 5 0.000653 2
8 8 0 38 9 0.002162 2
8 8 0 39 11 0.004988 2
8 8 0 40 5 0.000602 2
8 8 0 41 5 0.000699 2
8 8 0 42 5 0.000704 2
8 8 0 43 9 0.002854 2
8 8 0 44 7 0.001435 2
8 8 0 45 5 0.000660 2
8 8 0 46 11 0.004994 2
8 8 0 47 7 0.000808 2
8 8 0 48 5 0.000653 2
8 8 0 49 7 0.001068 2
8 8 0 50 11 0.004981 2
8 8 0 51 9 0.002731 2
8 8 0 52 13 0.007852 2
8 8 0 53 9 0.002589 2
8 8 0 54 5 0.000659 2
8 8 0 55 7 0.001501 2
8 8 0 56 9 0.002704 2
8 8 0 57 9 0.002482 2
8 8 0 58 11 0.004984 2
8 8 0 59 9 0.002732 2
8 8 0 60 11 0.004070 2
8 8 0 61 9 0.002841 2
8 8 0 62 5 0.000710 2
8 8 0 63 7 0.001264 2
8 8 0 64 9 0.002733 2
8 8 0 65 7 0.001429 2
8 8 0 66 5 0.000703 2
8 8 0 67 11 0.004070 2
8 8 0 68 9 0.002168 2
8 8 0 69 7 0.001509 2
8 8 0 70 7 0.001335 2
8 8 0 71 7 0.001519 2
8 8 0 72 9 0.002721 2
8 8 0 73 9 0.002593 2
8 8 0 74 7 0.000802 2
8 8 0 75 9 0.001718 2
8 8 0 76 9 0.002488 2
8 8 0 77 9 0.002485 2
8 8 0 78 9 0.001292 2
8 8 0 79 3 0.000198 2
8 8 0 80 11 0.004647 2
8 8 0 81 7 0.001269 2
8 8 0 82 5 0.000552 2
8 8 0 83 5 0.000704 2
8 8 0 84 7 0.001006 2
8 8 0 85 7 0.001716 2
8 8 0 86 7 0.001507 2
8 8 0 87 5 0.000715 2
8 8 0 88 7 0.001426 2
8 8 0 89 7 0.001510 2
8 8 0 90 11 0.003428 2
8 8 0 91 7 0.001509 2
8 8 0 92 7 0.001508 2
8 8 0 93 5 0.000424 2
8 8 0 94 9 0.002867 2
8 8 0 95 9 0.002486 2
8 8 0 96 5 0.000558 2
8 8 0 97 9 0.002708 2
8 8 0 98 11 0.004818 2
8 8 0 99 9 0.002725 2
16 1 0 0 15 0.000399 0
16 1 0 1 13 0.000408 0
16 1 0 2 15 0.000384 0
16 1 0 3 16 0.000412 0
16 1 0 4 15 0.000459 2
16 1 0 5 14 0.000408 0
16 1 0 6 16 0.000408 0
16 1 0 7 16 0.000403 0
16 1 0 8 15 0.000409 2
16 1 0 9 14 0.000393 0
16 1 0 10 15 0.000391 0
16 1 0 11 12 0.000371 2
16 1 0 12 11 0.000411 0
16 1 0 13 15 0.000455 2
16 1 0 14 16 0.000424 2
16 1 0 15 14 0.000450 2
16 1 0 16 15 0.000423 0
16 1 0 17 16 0.000408 0
16 1 0 18 16 0.000394 0
16 1 0 19 14 0.000385 0
16 1 0 20 16 0.000466 2
16 1 0 21 16 0.000448 0
16 1 0 22 14 0.000394 0
16 1 0 23 15 0.000416 0
16 1 0 24 12 0.000378 2
16 1 0 25 13 0.000378 2
16 1 0 26 11 0.000392 0
16 1 0 27 12 0.000378 0
16 1 0 28 15 0.000406 0
16 1 0 29 16 0.000405 0
16 1 0 30 14 0.000445 2
16 1 0 31 15 0.000468 2
16 1 0 32 13 0.000459 2
16 1 0 33 14 0.000394 0
16 1 0 34 15 0.000447 2
16 1 0 35 15 0.000399 0
16 1 0 36 15 0.000438 2
16 1 0 37 12 0.000437 2
16 1 0 38 15 0.000446 2
16 1 0 39 14 0.000376 0
16 1 0 40 12 0.000366 2
16 1 0 41 15 0.000432 0
16 1 0 42 15 0.000416 0
16 1 0 43 16 0.000433 2
16 1 0 44 16 0.000429 0
16 1 0 45 14 0.000426 2
16 1 0 46 15 0.000441 2
16 1 0 47 14 0.000371 0
16 1 0 48 15 0.000428 0
16 1 0 49 13 0.000390 0
16 1 0 50 13 0.000385 0
16 1 0 51 16 0.000452 2
16 1 0 52 15 0.000426 2
16 1 0 53 12 0.000387 0
16 1 0 54 15 0.000375 0
16 1 0 55 16 0.000426 0
16 1 0 56 15 0.000392 0
16 1 0 57 15 0.000404 2
16 1 0 58 15 0.000479 2
16 1 0 59 16 0.000430 2
16 1 0 60 16 0.000395 0
16 1 0 61 16 0.000404 0
16 1 0 62 16 0.000437 2
16 1 0 63 14 0.000431 2
16 1 0 64 14 0.000423 2
16 1 0 65 14 0.000408 0
16 1 0 66 16 0.000431 2
16 1 0 67 16 0.000411 0
16 1 0 68 14 0.000401 0
16 1 0 69 13 0.000401 2
16 1 0 70 14 0.000389 0
16 1 0 71 16 0.000452 2
16 1 0 72 16 0.000453 2
16 1 0 73 15 0.000409 0
16 1 0 74 16 0.000393 0
16 1 0 75 12 0.000353 2
16 1 0 76 15 0.000407 0
16 1 0 77 15 0.000459 2
16 1 0 78 15 0.000430 0
16 1 0 79 16 0.000400 0
16 1 0 80 16 0.000450 2
16 1 0 81 16 0.000458 2
16 1 0 82 16 0.000432 0
16 1 0 83 16 0.000443 2
16 1 0 84 15 0.000383 0
16 1 0 85 16 0.000469 2
16 1 0 86 15 0.000446 0
16 1 0 87 15 0.000377 0
16 1 0 88 16 0.000471 2
16 1 0 89 16 0.000404 0
16 1 0 90 16 0.000431 2
16 1 0 91 15 0.000405 0
16 1 0 92 15 0.000400 0
16 1 0 93 16 0.000451 2
16 1 0 94 16 0.000453 2
16 1 0 95 16 0.000431 2
16 1 0 96 14 0.000394 0
16 1 0 97 14 0.000413 2
16 1 0 98 16 0.000450 0
16 1 0 99 15 0.000458 2
16 2 0 0 16 0.000669 2
16 2 0 1 11 0.000457 2
16 2 0 2 14 0.000516 0
16 2 0 3 15 0.000688 2
16 2 0 4 17 0.000700 2
16 2 0 5 16 0.000502 2
16 2 0 6 15 0.000825 2
16 2 0 7 15 0.000617 2
16 2 0 8 16 0.000498 2
16 2 0 9 14 0.000571 2
16 2 0 10 15 0.000488 0
16 2 0 11 15 0.000502 2
16 2 0 12 14 0.000545 2
16 2 0 13 16 0.000680 2
16 2 0 14 17 0.000553 2
16 2 0 15 16 0.000637 2
16 2 0 16 17 0.000538 2
16 2 0 17 15 0.000755 2
16 2 0 18 16 0.000507 2
16 2 0 19 17 0.000509 0
16 2 0 20 18 0.000781 2
16 2 0 21 16 0.000663 2
16 2 0 22 14 0.000736 2
16 2 0 23 13 0.000503 2
16 2 0 24 13 0.000571 2
16 2 0 25 12 0.000669 2
16 2 0 26 13 0.000519 2
16 2 0 27 13 0.000497 0
16 2 0 28 18 0.000601 2
16 2 0 29 17 0.000564 0
16 2 0 30 13 0.000542 2
16 2 0 31 15 0.000692 2
16 2 0 32 14 0.000591 2
16 2 0 33 11 0.000511 2
16 2 0 34 16 0.000725 2
16 2 0 35 14 0.000521 2
16 2 0 36 14 0.000550 2
16 2 0 37 15 0.000624 2
16 2 0 38 15 0.000573 2
16 2 0 39 13 0.000491 0
16 2 0 40 11 0.000514 2
16 2 0 41 16 0.000727 2
16 2 0 42 15 0.000587 2
16 2 0 43 18 0.000694 2
16 2 0 44 18 0.000752 2
16 2 0 45 15 0.000608 2
16 2 0 46 15 0.000671 2
16 2 0 47 13 0.000495 0
16 2 0 48 15 0.000711 0
16 2 0 49 13 0.000556 2
16 2 0 50 15 0.000504 2
16 2 0 51 16 0.000725 2
16 2 0 52 15 0.000617 2
16 2 0 53 11 0.000554 0
16 2 0 54 17 0.000599 2
16 2 0 55 16 0.000632 2
16 2 0 56 15 0.000484 0
16 2 0 57 13 0.000524 2
16 2 0 58 16 0.000766 2
16 2 0 59 18 0.000682 2
16 2 0 60 17 0.000572 2
16 2 0 61 15 0.000560 2
16 2 0 62 15 0.000629 2
16 2 0 63 13 0.000547 2
16 2 0 64 15 0.000704 2
16 2 0 65 16 0.000486 0
16 2 0 66 16 0.000610 2
16 2 0 67 17 0.000800 2
16 2 0 68 15 0.000654 0
16 2 0 69 14 0.000574 2
16 2 0 70 14 0.000738 2
16 2 0 71 17 0.000748 2
16 2 0 72 17 0.000629 2
16 2 0 73 17 0.000667 2
16 2 0 74 14 0.000571 2
16 2 0 75 12 0.000440 2
16 2 0 76 17 0.000665 0
16 2 0 77 18 0.000769 2
16 2 0 78 16 0.000626 2
16 2 0 79 15 0.000678 2
16 2 0 80 16 0.000621 2
16 2 0 81 16 0.000724 2
16 2 0 82 17 0.000646 2
16 2 0 83 15 0.000672 2
16 2 0 84 17 0.000625 0
16 2 0 85 16 0.000692 2
16 2 0 86 18 0.000712 0
16 2 0 87 16 0.000558 0
16 2 0 88 18 0.000735 2
16 2 0 89 18 0.000676 2
16 2 0 90 15 0.000657 2
16 2 0 91 16 0.000577 2
16 2 0 92 15 0.000677 2
16 2 0 93 17 0.000714 2
16 2 0 94 17 0.000803 2
16 2 0 95 16 0.000716 2
16 2 0 96 14 0.000555 2
16 2 0 97 16 0.000599 2
16 2 0 98 16 0.000730 2
16 2 0 99 17 0.000722 2
16 4 0 0 19 0.001495 2
16 4 0 1 12 0.000998 2
16 4 0 2 16 0.001064 2
16 4 0 3 15 0.001192 2
16 4 0 4 19 0.002083 2
16 4 0 5 16 0.000972 2
16 4 0 6 17 0.001303 2
16 4 0 7 19 0.000986 2
16 4 0 8 19 0.000859 2
16 4 0 9 17 0.001691 2
16 4 0 10 17 0.000839 2
16 4 0 11 14 0.001003 2
16 4 0 12 15 0.000889 2
16 4 0 13 17 0.001442 2
16 4 0 14 18 0.000933 2
16 4 0 15 18 0.001434 2
16 4 0 16 17 0.001143 2
16 4 0 17 16 0.000935 2
16 4 0 18 17 0.001191 2
16 4 0 19 17 0.001289 0
16 4 0 20 20 0.002163 2
16 4 0 21 17 0.001684 2
16 4 0 22 15 0.001186 2
16 4 0 23 16 0.000826 2
16 4 0 24 14 0.000791 2
16 4 0 25 15 0.001099 2
16 4 0 26 10 0.000802 2
16 4 0 27 15 0.000913 2
16 4 0 28 19 0.001396 2
16 4 0 29 17 0.000935 2
16 4 0 30 15 0.001117 2
16 4 0 31 16 0.001270 2
16 4 0 32 17 0.001199 2
16 4 0 33 11 0.000755 2
16 4 0 34 18 0.001326 2
16 4 0 35 16 0.001057 2
16 4 0 36 15 0.000890 2
16 4 0 37 16 0.001075 2
16 4 0 38 18 0.001062 2
16 4 0 39 16 0.000941 2
16 4 0 40 11 0.000603 2
16 4 0 41 15 0.001592 2
16 4 0 42 15 0.000794 2
16 4 0 43 21 0.001519 2
16 4 0 44 18 0.001720 2
16 4 0 45 15 0.001315 2
16 4 0 46 15 0.001178 2
16 4 0 47 14 0.000791 0
16 4 0 48 18 0.001313 2
16 4 0 49 13 0.000956 2
16 4 0 50 14 0.000776 2
16 4 0 51 20 0.001445 2
16 4 0 52 16 0.001115 2
16 4 0 53 14 0.001091 2
16 4 0 54 17 0.001344 2
16 4 0 55 18 0.001149 2
16 4 0 56 18 0.000902 2
16 4 0 57 15 0.001126 2
16 4 0 58 20 0.001442 2
16 4 0 59 17 0.001096 2
16 4 0 60 19 0.001217 2
16 4 0 61 18 0.001031 2
16 4 0 62 19 0.001022 2
16 4 0 63 15 0.000908 2
16 4 0 64 16 0.001143 2
16 4 0 65 17 0.000959 2
16 4 0 66 17 0.001132 2
16 4 0 67 20 0.001259 2
16 4 0 68 16 0.001901 0
16 4 0 69 12 0.000729 2
16 4 0 70 16 0.001295 2
16 4 0 71 20 0.001572 2
16 4 0 72 21 0.001562 2
16 4 0 73 16 0.002351 2
16 4 0 74 16 0.001014 2
16 4 0 75 12 0.000847 2
16 4 0 76 17 0.001457 2
16 4 0 77 18 0.002135 2
16 4 0 78 17 0.001563 2
16 4 0 79 16 0.001427 2
16 4 0 80 18 0.000893 2
16 4 0 81 19 0.001342 2
16 4 0 82 20 0.001778 2
16 4 0 83 18 0.000934 2
16 4 0 84 17 0.001886 2
16 4 0 85 20 0.001531 2
16 4 0 86 20 0.002170 0
16 4 0 87 17 0.000774 2
16 4 0 88 19 0.002088 2
16 4 0 89 19 0.001313 2
16 4 0 90 19 0.001501 2
16 4 0 91 19 0.000942 2
16 4 0 92 17 0.001432 2
16 4 0 93 20 0.002117 2
16 4 0 94 19 0.001414 2
16 4 0 95 18 0.001559 2
16 4 0 96 15 0.000821 2
16 4 0 97 19 0.001114 2
16 4 0 98 19 0.002054 2
16 4 0 99 20 0.001526 2
16 8 0 0 22 0.007491 2
16 8 0 1 13 0.002044 2
16 8 0 2 19 0.006367 2
16 8 0 3 19 0.003497 2
16 8 0 4 22 0.006023 2
16 8 0 5 18 0.002054 2
16 8 0 6 20 0.005896 2
16 8 0 7 22 0.004475 2
16 8 0 8 21 0.003135 2
16 8 0 9 16 0.003387 2
16 8 0 10 19 0.002673 2
16 8 0 11 17 0.002382 2
16 8 0 12 15 0.003071 2
16 8 0 13 21 0.004445 2
16 8 0 14 21 0.003594 2
16 8 0 15 19 0.003655 2
16 8 0 16 20 0.003080 2
16 8 0 17 19 0.004313 2
16 8 0 18 21 0.003381 2
16 8 0 19 19 0.004322 2
16 8 0 20 25 0.007213 2
16 8 0 21 22 0.004825 2
16 8 0 22 17 0.002929 2
16 8 0 23 19 0.005016 2
16 8 0 24 14 0.002003 2
16 8 0 25 17 0.004622 2
16 8 0 26 11 0.001384 2
16 8 0 27 16 0.002171 2
16 8 0 28 22 0.003605 2
16 8 0 29 22 0.003895 2
16 8 0 30 17 0.002646 2
16 8 0 31 20 0.005048 2
16 8 0 32 19 0.003296 2
16 8 0 33 12 0.001335 2
16 8 0 34 19 0.003207 2
16 8 0 35 19 0.002977 2
16 8 0 36 16 0.002357 2
16 8 0 37 17 0.002565 2
16 8 0 38 19 0.002917 2
16 8 0 39 17 0.003780 2
16 8 0 40 11 0.001347 2
16 8 0 41 19 0.003366 2
16 8 0 42 17 0.001985 2
16 8 0 43 25 0.005322 2
16 8 0 44 24 0.005384 2
16 8 0 45 18 0.003830 2
16 8 0 46 17 0.003767 2
16 8 0 47 14 0.002233 2
16 8 0 48 19 0.009605 2
16 8 0 49 15 0.002002 2
16 8 0 50 15 0.002343 2
16 8 0 51 23 0.006630 2
16 8 0 52 19 0.003214 2
16 8 0 53 13 0.002169 2
16 8 0 54 18 0.002291 2
16 8 0 55 23 0.006646 2
16 8 0 56 20 0.005964 2
16 8 0 57 17 0.003595 2
16 8 0 58 24 0.008066 2
16 8 0 59 22 0.004298 2
16 8 0 60 24 0.004641 2
16 8 0 61 21 0.003148 2
16 8 0 62 21 0.004260 2
16 8 0 63 17 0.003994 2
16 8 0 64 19 0.002823 2
16 8 0 65 19 0.004057 2
16 8 0 66 20 0.004569 2
16 8 0 67 25 0.006978 2
16 8 0 68 18 0.005211 2
16 8 0 69 14 0.001326 2
16 8 0 70 15 0.001624 2
16 8 0 71 25 0.007756 2
16 8 0 72 27 0.008934 2
16 8 0 73 18 0.003380 2
16 8 0 74 19 0.003856 2
16 8 0 75 13 0.001478 2
16 8 0 76 21 0.004452 2
16 8 0 77 23 0.006652 2
16 8 0 78 21 0.004879 2
16 8 0 79 19 0.002465 2
16 8 0 80 21 0.003699 2
16 8 0 81 23 0.006103 2
16 8 0 82 24 0.005354 2
16 8 0 83 21 0.004861 2
16 8 0 84 21 0.005555 2
16 8 0 85 25 0.010028 2
16 8 0 86 23 0.008113 2
16 8 0 87 17 0.002139 2
16 8 0 88 24 0.006326 2
16 8 0 89 25 0.005395 2
16 8 0 90 20 0.004973 2
16 8 0 91 22 0.003863 2
16 8 0 92 19 0.003263 2
16 8 0 93 24 0.005902 2
16 8 0 94 23 0.005664 2
16 8 0 95 19 0.002618 2
16 8 0 96 18 0.003084 2
16 8 0 97 21 0.004193 2
16 8 0 98 21 0.005662 2
16 8 0 99 25 0.007447 2
32 1 0 0 31 0.000894 2
32 1 0 1 30 0.000812 0
32 1 0 2 31 0.000838 0
32 1 0 3 31 0.000908 2
32 1 0 4 31 0.000806 0
32 1 0 5 31 0.000826 0
32 1 0 6 31 0.000821 0
32 1 0 7 25 0.000831 0
32 1 0 8 29 0.000877 2
32 1 0 9 31 0.000876 2
32 1 0 10 27 0.000852 0
32 1 0 11 30 0.000833 0
32 1 0 12 27 0.000814 0
32 1 0 13 29 0.000871 0
32 1 0 14 28 0.000846 0
32 1 0 15 30 0.000822 0
32 1 0 16 31 0.000847 0
32 1 0 17 28 0.000843 2
32 1 0 18 30 0.000862 0
32 1 0 19 32 0.000932 2
32 1 0 20 26 0.000911 0
32 1 0 21 31 0.000875 2
32 1 0 22 32 0.000904 0
32 1 0 23 29 0.000912 2
32 1 0 24 29 0.000893 0
32 1 0 25 31 0.000879 0
32 1 0 26 31 0.000941 2
32 1 0 27 27 0.000794 0
32 1 0 28 32 0.000911 2
32 1 0 29 31 0.000847 0
32 1 0 30 30 0.000839 0
32 1 0 31 32 0.000864 0
32 1 0 32 28 0.000781 0
32 1 0 33 29 0.000825 0
32 1 0 34 31 0.000906 2
32 1 0 35 29 0.000873 0
32 1 0 36 32 0.000920 2
32 1 0 37 29 0.000781 0
32 1 0 38 31 0.000858 2
32 1 0 39 23 0.000714 0
32 1 0 40 31 0.000799 0
32 1 0 41 31 0.000884 2
32 1 0 42 31 0.000892 2
32 1 0 43 32 0.000847 0
32 1 0 44 28 0.000825 0
32 1 0 45 31 0.000828 0
32 1 0 46 29 0.000928 2
32 1 0 47 29 0.000857 2
32 1 0 48 26 0.000788 0
32 1 0 49 31 0.000908 0
32 1 0 50 30 0.000800 0
32 1 0 51 29 0.000847 0
32 1 0 52 31 0.000834 0
32 1 0 53 27 0.000838 0
32 1 0 54 29 0.000761 0
32 1 0 55 28 0.000724 0
32 1 0 56 30 0.000834 0
32 1 0 57 30 0.000883 2
32 1 0 58 32 0.000909 2
32 1 0 59 28 0.000911 2
32 1 0 60 31 0.000922 2
32 1 0 61 29 0.000886 2
32 1 0 62 32 0.000847 0
32 1 0 63 29 0.000799 0
32 1 0 64 32 0.000742 0
32 1 0 65 30 0.000868 0
32 1 0 66 28 0.000803 0
32 1 0 67 31 0.000840 0
32 1 0 68 27 0.000855 0
32 1 0 69 29 0.000877 0
32 1 0 70 27 0.000736 0
32 1 0 71 31 0.000890 0
32 1 0 72 31 0.000833 0
32 1 0 73 30 0.000934 2
32 1 0 74 30 0.000752 0
32 1 0 75 31 0.000814 0
32 1 0 76 31 0.000905 2
32 1 0 77 32 0.000846 0
32 1 0 78 30 0.000836 0
32 1 0 79 31 0.000912 0
32 1 0 80 29 0.000831 2
32 1 0 81 32 0.000889 0
32 1 0 82 31 0.000807 0
32 1 0 83 29 0.000825 0
32 1 0 84 31 0.000915 2
32 1 0 85 29 0.000814 0
32 1 0 86 32 0.000907 2
32 1 0 87 28 0.000765 0
32 1 0 88 30 0.000839 2
32 1 0 89 31 0.000784 0
32 1 0 90 31 0.000790 0
32 1 0 91 32 0.000784 0
32 1 0 92 27 0.000850 2
32 1 0 93 28 0.000898 0
32 1 0 94 31 0.000892 0
32 1 0 95 26 0.000777 0
32 1 0 96 30 0.000874 2
32 1 0 97 29 0.000819 2
32 1 0 98 31 0.000928 2
32 1 0 99 31 0.000858 2
32 2 0 0 31 0.001087 2
32 2 0 1 30 0.001133 0
32 2 0 2 29 0.001162 2
32 2 0 3 31 0.001246 2
32 2 0 4 30 0.001202 2
32 2 0 5 33 0.001307 2
32 2 0 6 31 0.001207 2
32 2 0 7 25 0.001118 0
32 2 0 8 30 0.001082 2
32 2 0 9 33 0.001186 2
32 2 0 10 28 0.001127 0
32 2 0 11 30 0.001189 2
32 2 0 12 31 0.001088 2
32 2 0 13 30 0.001186 2
32 2 0 14 28 0.001128 2
32 2 0 15 31 0.001107 2
32 2 0 16 31 0.001170 2
32 2 0 17 30 0.001100 2
32 2 0 18 31 0.001075 2
32 2 0 19 33 0.001506 2
32 2 0 20 28 0.001219 2
32 2 0 21 32 0.001137 2
32 2 0 22 32 0.001490 2
32 2 0 23 31 0.001181 2
32 2 0 24 33 0.001233 2
32 2 0 25 29 0.001049 2
32 2 0 26 33 0.001249 2
32 2 0 27 27 0.001148 2
32 2 0 28 33 0.001264 2
32 2 0 29 33 0.001350 0
32 2 0 30 30 0.001125 2
32 2 0 31 33 0.001167 2
32 2 0 32 25 0.000973 2
32 2 0 33 28 0.001298 2
32 2 0 34 28 0.001227 2
32 2 0 35 31 0.001180 2
32 2 0 36 33 0.001355 2
32 2 0 37 27 0.000982 2
32 2 0 38 30 0.001093 2
32 2 0 39 24 0.001155 0
32 2 0 40 30 0.001075 0
32 2 0 41 28 0.001295 2
32 2 0 42 31 0.001153 2
32 2 0 43 30 0.001329 2
32 2 0 44 29 0.001177 2
32 2 0 45 33 0.001295 2
32 2 0 46 30 0.001293 2
32 2 0 47 31 0.001081 2
32 2 0 48 27 0.001044 0
32 2 0 49 29 0.001445 2
32 2 0 50 33 0.001079 0
32 2 0 51 28 0.001234 2
32 2 0 52 29 0.001320 2
32 2 0 53 29 0.001204 2
32 2 0 54 25 0.000935 0
32 2 0 55 30 0.001146 0
32 2 0 56 27 0.001115 0
32 2 0 57 30 0.001143 2
32 2 0 58 33 0.001309 2
32 2 0 59 28 0.001149 2
32 2 0 60 31 0.001331 2
32 2 0 61 27 0.001227 2
32 2 0 62 31 0.001155 2
32 2 0 63 29 0.001286 2
32 2 0 64 29 0.001094 2
32 2 0 65 32 0.001279 2
32 2 0 66 30 0.001045 2
32 2 0 67 33 0.001278 2
32 2 0 68 25 0.001113 2
32 2 0 69 29 0.001153 2
32 2 0 70 25 0.000996 2
32 2 0 71 30 0.001232 2
32 2 0 72 33 0.001076 0
32 2 0 73 32 0.001207 2
32 2 0 74 29 0.000987 0
32 2 0 75 28 0.001174 2
32 2 0 76 32 0.001192 2
32 2 0 77 32 0.001267 2
32 2 0 78 28 0.001222 2
32 2 0 79 32 0.001099 0
32 2 0 80 28 0.001241 2
32 2 0 81 32 0.001358 2
32 2 0 82 32 0.001172 2
32 2 0 83 31 0.001124 2
32 2 0 84 31 0.001320 2
32 2 0 85 27 0.001152 2
32 2 0 86 31 0.001417 2
32 2 0 87 29 0.001187 0
32 2 0 88 30 0.001295 2
32 2 0 89 30 0.000953 0
32 2 0 90 31 0.001037 2
32 2 0 91 32 0.001147 2
32 2 0 92 29 0.001283 2
32 2 0 93 29 0.001248 2
32 2 0 94 26 0.001171 2
32 2 0 95 26 0.001041 2
32 2 0 96 32 0.001252 2
32 2 0 97 28 0.001137 2
32 2 0 98 32 0.001180 2
32 2 0 99 32 0.001234 2
32 4 0 0 34 0.001893 2
32 4 0 1 32 0.002093 2
32 4 0 2 31 0.001901 2
32 4 0 3 31 0.001926 2
32 4 0 4 32 0.002004 2
32 4 0 5 32 0.003177 2
32 4 0 6 33 0.002153 2
32 4 0 7 21 0.001814 2
32 4 0 8 26 0.002156 2
32 4 0 9 33 0.002439 2
32 4 0 10 29 0.001653 2
32 4 0 11 32 0.002138 2
32 4 0 12 31 0.002001 2
32 4 0 13 34 0.002008 2
32 4 0 14 30 0.001646 2
32 4 0 15 33 0.001799 2
32 4 0 16 34 0.001847 2
32 4 0 17 30 0.001988 2
32 4 0 18 32 0.001727 2
32 4 0 19 35 0.002493 2
32 4 0 20 30 0.002338 2
32 4 0 21 35 0.002097 2
32 4 0 22 33 0.002366 2
32 4 0 23 33 0.002354 2
32 4 0 24 30 0.002299 2
32 4 0 25 30 0.001701 2
32 4 0 26 35 0.002153 2
32 4 0 27 29 0.001814 2
32 4 0 28 35 0.003269 2
32 4 0 29 33 0.002020 2
32 4 0 30 31 0.001844 2
32 4 0 31 33 0.001902 2
32 4 0 32 28 0.002220 2
32 4 0 33 31 0.002037 2
32 4 0 34 31 0.001949 2
32 4 0 35 32 0.001959 2
32 4 0 36 34 0.002594 2
32 4 0 37 28 0.001511 2
32 4 0 38 33 0.001566 2
32 4 0 39 29 0.001676 0
32 4 0 40 33 0.001720 2
32 4 0 41 31 0.001873 2
32 4 0 42 34 0.001750 2
32 4 0 43 32 0.001982 2
32 4 0 44 31 0.001918 2
32 4 0 45 32 0.002440 2
32 4 0 46 33 0.002075 2
32 4 0 47 29 0.002158 2
32 4 0 48 28 0.001505 2
32 4 0 49 33 0.002257 2
32 4 0 50 32 0.002029 2
32 4 0 51 29 0.001902 2
32 4 0 52 31 0.001984 2
32 4 0 53 33 0.002526 2
32 4 0 54 27 0.001575 2
32 4 0 55 31 0.002262 2
32 4 0 56 31 0.001671 2
32 4 0 57 32 0.002149 2
32 4 0 58 36 0.002409 2
32 4 0 59 29 0.001796 2
32 4 0 60 35 0.002641 2
32 4 0 61 32 0.001824 2
32 4 0 62 33 0.001896 2
32 4 0 63 29 0.002058 2
32 4 0 64 33 0.001965 2
32 4 0 65 34 0.003231 2
32 4 0 66 31 0.001712 2
32 4 0 67 32 0.002095 2
32 4 0 68 25 0.001649 2
32 4 0 69 32 0.001969 2
32 4 0 70 27 0.001511 2
32 4 0 71 32 0.002160 2
32 4 0 72 30 0.001669 2
32 4 0 73 34 0.002323 2
32 4 0 74 32 0.001526 0
32 4 0 75 32 0.001613 2
32 4 0 76 31 0.001985 2
32 4 0 77 35 0.002259 2
32 4 0 78 31 0.002005 2
32 4 0 79 33 0.001883 2
32 4 0 80 28 0.001908 2
32 4 0 81 36 0.002946 2
32 4 0 82 34 0.002219 2
32 4 0 83 29 0.001818 2
32 4 0 84 33 0.002205 2
32 4 0 85 31 0.001824 2
32 4 0 86 29 0.002458 2
32 4 0 87 31 0.001712 2
32 4 0 88 33 0.002301 2
32 4 0 89 32 0.001686 0
32 4 0 90 34 0.002254 2
32 4 0 91 36 0.002329 2
32 4 0 92 31 0.001798 2
32 4 0 93 29 0.002122 2
32 4 0 94 30 0.001733 2
32 4 0 95 23 0.001859 2
32 4 0 96 32 0.001741 2
32 4 0 97 32 0.001678 2
32 4 0 98 35 0.002034 2
32 4 0 99 34 0.001905 2
32 8 0 0 34 0.004891 2
32 8 0 1 34 0.005173 2
32 8 0 2 36 0.004726 2
32 8 0 3 35 0.004552 2
32 8 0 4 33 0.004117 2
32 8 0 5 35 0.005149 2
32 8 0 6 37 0.005801 2
32 8 0 7 26 0.003932 2
32 8 0 8 32 0.006858 2
32 8 0 9 36 0.005624 2
32 8 0 10 33 0.004019 2
32 8 0 11 38 0.004429 2
32 8 0 12 32 0.006556 2
32 8 0 13 37 0.006198 2
32 8 0 14 31 0.004606 2
32 8 0 15 37 0.005702 2
32 8 0 16 38 0.006844 2
32 8 0 17 36 0.006481 2
32 8 0 18 37 0.005343 2
32 8 0 19 41 0.008833 2
32 8 0 20 37 0.007638 2
32 8 0 21 36 0.004614 2
32 8 0 22 37 0.006255 2
32 8 0 23 37 0.005576 2
32 8 0 24 35 0.006087 2
32 8 0 25 31 0.003969 2
32 8 0 26 37 0.008570 2
32 8 0 27 30 0.004281 2
32 8 0 28 40 0.011217 2
32 8 0 29 40 0.005567 2
32 8 0 30 34 0.005917 2
32 8 0 31 39 0.006301 2
32 8 0 32 28 0.003849 2
32 8 0 33 32 0.005557 2
32 8 0 34 37 0.004638 2
32 8 0 35 34 0.004877 2
32 8 0 36 40 0.006404 2
32 8 0 37 35 0.003485 2
32 8 0 38 39 0.004080 2
32 8 0 39 26 0.004499 2
32 8 0 40 36 0.006271 2
32 8 0 41 34 0.004729 2
32 8 0 42 35 0.005077 2
32 8 0 43 36 0.006168 2
32 8 0 44 31 0.003707 2
32 8 0 45 38 0.007561 2
32 8 0 46 36 0.005974 2
32 8 0 47 32 0.004740 2
32 8 0 48 26 0.002214 2
32 8 0 49 36 0.007752 2
32 8 0 50 38 0.004314 2
32 8 0 51 31 0.005855 2
32 8 0 52 32 0.006627 2
32 8 0 53 33 0.006959 2
32 8 0 54 32 0.002630 2
32 8 0 55 31 0.004204 2
32 8 0 56 35 0.003980 2
32 8 0 57 38 0.005167 2
32 8 0 58 39 0.006574 2
32 8 0 59 31 0.003681 2
32 8 0 60 38 0.008189 2
32 8 0 61 35 0.006891 2
32 8 0 62 37 0.005615 2
32 8 0 63 31 0.003981 2
32 8 0 64 36 0.004843 2
32 8 0 65 37 0.006581 2
32 8 0 66 32 0.003610 2
32 8 0 67 35 0.008306 2
32 8 0 68 27 0.003217 2
32 8 0 69 32 0.007006 2
32 8 0 70 28 0.002560 2
32 8 0 71 35 0.007270 2
32 8 0 72 33 0.003747 2
32 8 0 73 38 0.005300 2
32 8 0 74 34 0.003891 2
32 8 0 75 33 0.004424 2
32 8 0 76 35 0.004380 2
32 8 0 77 38 0.007478 2
32 8 0 78 34 0.004558 2
32 8 0 79 36 0.004538 2
32 8 0 80 31 0.003607 2
32 8 0 81 36 0.007495 2
32 8 0 82 36 0.005879 2
32 8 0 83 30 0.003243 2
32 8 0 84 37 0.005330 2
32 8 0 85 33 0.004596 2
32 8 0 86 33 0.006360 2
32 8 0 87 34 0.003841 2
32 8 0 88 31 0.004857 2
32 8 0 89 33 0.003250 2
32 8 0 90 36 0.004423 2
32 8 0 91 39 0.005641 2
32 8 0 92 27 0.003873 2
32 8 0 93 32 0.004033 2
32 8 0 94 35 0.005021 2
32 8 0 95 27 0.003556 2
32 8 0 96 36 0.004685 2
32 8 0 97 34 0.004207 2
32 8 0 98 38 0.006693 2
32 8 0 99 37 0.006881 2
