4 1 0 0 3 0.000100 0
4 1 0 1 4 0.000113 1
4 1 0 2 4 0.000117 2
4 1 0 3 4 0.000124 2
4 1 0 4 4 0.000098 1
4 1 0 5 4 0.000125 2
4 1 0 6 2 0.000042 2
4 1 0 7 2 0.000045 2
4 1 0 8 4 0.000100 1
4 1 0 9 2 0.000044 2
4 1 0 10 4 0.000144 2
4 1 0 11 3 0.000084 0
4 1 0 12 4 0.000145 2
4 1 0 13 2 0.000046 2
4 1 0 14 4 0.000110 2
4 1 0 15 4 0.000110 0
4 1 0 16 2 0.000044 2
4 1 0 17 3 0.000095 1
4 1 0 18 2 0.000043 0
4 1 0 19 2 0.000045 2
4 1 0 20 2 0.000039 0
4 1 0 21 2 0.000042 1
4 1 0 22 4 0.000125 0
4 1 0 23 4 0.000128 2
4 1 0 24 4 0.000119 2
4 1 0 25 4 0.000147 2
4 1 0 26 4 0.000144 2
4 1 0 27 4 0.000126 0
4 1 0 28 4 0.000112 0
4 1 0 29 4 0.000129 2
4 1 0 30 4 0.000130 2
4 1 0 31 4 0.000131 2
4 1 0 32 2 0.000044 2
4 1 0 33 4 0.000107 2
4 1 0 34 4 0.000144 2
4 1 0 35 2 0.000042 1
4 1 0 36 4 0.000127 2
4 1 0 37 4 0.000120 2
4 1 0 38 2 0.000043 0
4 1 0 39 3 0.000095 2
4 1 0 40 4 0.000134 2
4 1 0 41 2 0.000038 0
4 1 0 42 2 0.000042 0
4 1 0 43 4 0.000106 0
4 1 0 44 2 0.000044 2
4 1 0 45 4 0.000126 0
4 1 0 46 4 0.000130 2
4 1 0 47 4 0.000100 1
4 1 0 48 4 0.000113 2
4 1 0 49 4 0.000146 2
4 1 0 50 4 0.000098 1
4 1 0 51 4 0.000112 2
4 1 0 52 3 0.000081 0
4 1 0 53 4 0.000126 0
4 1 0 54 3 0.000102 1
4 1 0 55 3 0.000094 2
4 1 0 56 4 0.000125 0
4 1 0 57 4 0.000099 1
4 1 0 58 4 0.000149 2
4 1 0 59 4 0.000147 2
4 1 0 60 4 0.000122 1
4 1 0 61 4 0.000108 2
4 1 0 62 2 0.000041 1
4 1 0 63 4 0.000130 1
4 1 0 64 4 0.000129 1
4 1 0 65 4 0.000090 0
4 1 0 66 4 0.000125 2
4 1 0 67 3 0.000094 1
4 1 0 68 4 0.000098 1
4 1 0 69 4 0.000148 2
4 1 0 70 4 0.000120 2
4 1 0 71 4 0.000125 2
4 1 0 72 3 0.000103 2
4 1 0 73 4 0.000099 1
4 1 0 74 4 0.000130 2
4 1 0 75 4 0.000129 2
4 1 0 76 4 0.000126 2
4 1 0 77 4 0.000125 2
4 1 0 78 4 0.000124 0
4 1 0 79 4 0.000134 2
4 1 0 80 4 0.000125 2
4 1 0 81 4 0.000124 2
4 1 0 82 3 0.000098 0
4 1 0 83 4 0.000124 2
4 1 0 84 2 0.000042 1
4 1 0 85 4 0.000114 2
4 1 0 86 4 0.000150 2
4 1 0 87 4 0.000093 0
4 1 0 88 4 0.000128 2
4 1 0 89 4 0.000113 2
4 1 0 90 4 0.000149 2
4 1 0 91 4 0.000116 2
4 1 0 92 4 0.000115 2
4 1 0 93 4 0.000102 1
4 1 0 94 2 0.000044 0
4 1 0 95 4 0.000129 1
4 1 0 96 4 0.000116 2
4 1 0 97 2 0.000045 1
4 1 0 98 4 0.000095 0
4 1 0 99 4 0.000132 2
4 2 0 0 1 0.000051 2
4 2 0 1 4 0.000161 2
4 2 0 2 3 0.000197 2
4 2 0 3 3 0.000247 2
4 2 0 4 3 0.000104 1
4 2 0 5 5 0.000387 2
4 2 0 6 2 0.000077 2
4 2 0 7 3 0.000142 2
4 2 0 8 5 0.000177 1
4 2 0 9 3 0.000135 2
4 2 0 10 5 0.000441 2
4 2 0 11 1 0.000033 0
4 2 0 12 5 0.000443 2
4 2 0 13 3 0.000143 2
4 2 0 14 3 0.000196 2
4 2 0 15 4 0.000218 0
4 2 0 16 3 0.000138 2
4 2 0 17 1 0.000058 1
4 2 0 18 3 0.000123 2
4 2 0 19 3 0.000142 2
4 2 0 20 3 0.000087 0
4 2 0 21 2 0.000077 1
4 2 0 22 5 0.000403 2
4 2 0 23 4 0.000364 2
4 2 0 24 3 0.000137 2
4 2 0 25 5 0.000475 2
4 2 0 26 5 0.000442 2
4 2 0 27 3 0.000275 2
4 2 0 28 5 0.000303 2
4 2 0 29 5 0.000418 2
4 2 0 30 4 0.000205 2
4 2 0 31 4 0.000366 2
4 2 0 32 3 0.000137 2
4 2 0 33 4 0.000149 2
4 2 0 34 5 0.000443 2
4 2 0 35 2 0.000119 2
4 2 0 36 5 0.000391 2
4 2 0 37 3 0.000137 2
4 2 0 38 3 0.000118 0
4 2 0 39 1 0.000058 2
4 2 0 40 5 0.000409 2
4 2 0 41 2 0.000058 0
4 2 0 42 3 0.000124 2
4 2 0 43 2 0.000101 2
4 2 0 44 3 0.000136 2
4 2 0 45 5 0.000406 2
4 2 0 46 3 0.000274 2
4 2 0 47 3 0.000104 1
4 2 0 48 3 0.000198 2
4 2 0 49 5 0.000447 2
4 2 0 50 3 0.000103 1
4 2 0 51 2 0.000164 2
4 2 0 52 1 0.000034 0
4 2 0 53 5 0.000404 2
4 2 0 54 1 0.000050 1
4 2 0 55 1 0.000058 2
4 2 0 56 4 0.000222 2
4 2 0 57 3 0.000104 1
4 2 0 58 5 0.000477 2
4 2 0 59 5 0.000475 2
4 2 0 60 3 0.000243 1
4 2 0 61 4 0.000149 2
4 2 0 62 2 0.000059 1
4 2 0 63 3 0.000273 1
4 2 0 64 3 0.000245 1
4 2 0 65 3 0.000098 0
4 2 0 66 5 0.000368 2
4 2 0 67 1 0.000058 2
4 2 0 68 3 0.000104 1
4 2 0 69 5 0.000482 2
4 2 0 70 4 0.000191 2
4 2 0 71 5 0.000388 2
4 2 0 72 1 0.000051 2
4 2 0 73 3 0.000103 1
4 2 0 74 3 0.000245 2
4 2 0 75 3 0.000274 2
4 2 0 76 3 0.000247 2
4 2 0 77 5 0.000388 2
4 2 0 78 3 0.000273 2
4 2 0 79 4 0.000221 2
4 2 0 80 4 0.000335 2
4 2 0 81 4 0.000334 2
4 2 0 82 1 0.000051 2
4 2 0 83 4 0.000334 2
4 2 0 84 2 0.000087 1
4 2 0 85 3 0.000140 2
4 2 0 86 5 0.000481 2
4 2 0 87 5 0.000176 0
4 2 0 88 3 0.000274 2
4 2 0 89 2 0.000101 2
4 2 0 90 5 0.000476 2
4 2 0 91 5 0.000344 2
4 2 0 92 3 0.000200 2
4 2 0 93 5 0.000176 1
4 2 0 94 2 0.000088 2
4 2 0 95 4 0.000203 2
4 2 0 96 5 0.000323 2
4 2 0 97 3 0.000142 1
4 2 0 98 3 0.000100 0
4 2 0 99 4 0.000219 2
4 4 0 0 1 0.000052 2
4 4 0 1 3 0.000199 2
4 4 0 2 3 0.000198 2
4 4 0 3 3 0.000248 2
4 4 0 4 3 0.000103 1
4 4 0 5 3 0.000248 2
4 4 0 6 1 0.000051 2
4 4 0 7 3 0.000246 2
4 4 0 8 5 0.000193 1
4 4 0 9 3 0.000274 2
4 4 0 10 5 0.000649 2
4 4 0 11 1 0.000033 0
4 4 0 12 5 0.000652 2
4 4 0 13 3 0.000247 2
4 4 0 14 3 0.000198 2
4 4 0 15 3 0.000217 2
4 4 0 16 3 0.000275 2
4 4 0 17 1 0.000058 1
4 4 0 18 1 0.000059 2
4 4 0 19 3 0.000246 2
4 4 0 20 3 0.000101 0
4 4 0 21 1 0.000053 1
4 4 0 22 3 0.000275 2
4 4 0 23 3 0.000275 2
4 4 0 24 3 0.000274 2
4 4 0 25 5 0.000700 2
4 4 0 26 5 0.000647 2
4 4 0 27 3 0.000275 2
4 4 0 28 5 0.000421 2
4 4 0 29 3 0.000275 2
4 4 0 30 3 0.000248 2
4 4 0 31 3 0.000275 2
4 4 0 32 3 0.000275 2
4 4 0 33 3 0.000216 2
4 4 0 34 5 0.000651 2
4 4 0 35 1 0.000058 2
4 4 0 36 5 0.000556 2
4 4 0 37 3 0.000273 2
4 4 0 38 3 0.000218 2
4 4 0 39 1 0.000058 2
4 4 0 40 5 0.000598 2
4 4 0 41 1 0.000033 0
4 4 0 42 3 0.000217 2
4 4 0 43 1 0.000051 2
4 4 0 44 3 0.000275 2
4 4 0 45 3 0.000277 2
4 4 0 46 3 0.000274 2
4 4 0 47 3 0.000103 1
4 4 0 48 3 0.000198 2
4 4 0 49 5 0.000653 2
4 4 0 50 3 0.000103 1
4 4 0 51 1 0.000058 2
4 4 0 52 1 0.000034 0
4 4 0 53 3 0.000276 2
4 4 0 54 1 0.000052 1
4 4 0 55 1 0.000058 2
4 4 0 56 3 0.000275 2
4 4 0 57 3 0.000104 1
4 4 0 58 5 0.000702 2
4 4 0 59 5 0.000698 2
4 4 0 60 3 0.000243 1
4 4 0 61 3 0.000216 2
4 4 0 62 1 0.000035 1
4 4 0 63 3 0.000273 1
4 4 0 64 3 0.000245 1
4 4 0 65 3 0.000098 0
4 4 0 66 5 0.000552 2
4 4 0 67 1 0.000059 2
4 4 0 68 3 0.000106 1
4 4 0 69 5 0.000704 2
4 4 0 70 3 0.000275 2
4 4 0 71 3 0.000247 2
4 4 0 72 1 0.000051 2
4 4 0 73 3 0.000104 1
4 4 0 74 3 0.000246 2
4 4 0 75 3 0.000275 2
4 4 0 76 3 0.000246 2
4 4 0 77 3 0.000248 2
4 4 0 78 3 0.000273 2
4 4 0 79 3 0.000275 2
4 4 0 80 3 0.000246 2
4 4 0 81 3 0.000246 2
4 4 0 82 1 0.000052 2
4 4 0 83 3 0.000246 2
4 4 0 84 1 0.000058 1
4 4 0 85 3 0.000217 2
4 4 0 86 5 0.000703 2
4 4 0 87 5 0.000191 0
4 4 0 88 3 0.000274 2
4 4 0 89 1 0.000051 2
4 4 0 90 5 0.000699 2
4 4 0 91 5 0.000450 2
4 4 0 92 3 0.000217 2
4 4 0 93 5 0.000192 1
4 4 0 94 1 0.000059 2
4 4 0 95 3 0.000246 2
4 4 0 96 5 0.000421 2
4 4 0 97 3 0.000245 1
4 4 0 98 3 0.000101 0
4 4 0 99 3 0.000275 2
8 1 0 0 7 0.000243 2
8 1 0 1 7 0.000252 1
8 1 0 2 8 0.000276 2
8 1 0 3 8 0.000263 2
8 1 0 4 7 0.000222 2
8 1 0 5 4 0.000128 2
8 1 0 6 7 0.000225 2
8 1 0 7 6 0.000238 2
8 1 0 8 5 0.000167 1
8 1 0 9 7 0.000239 0
8 1 0 10 8 0.000255 0
8 1 0 11 7 0.000240 2
8 1 0 12 8 0.000271 0
8 1 0 13 7 0.000252 0
8 1 0 14 8 0.000253 2
8 1 0 15 7 0.000241 2
8 1 0 16 7 0.000243 2
8 1 0 17 8 0.000271 2
8 1 0 18 8 0.000234 0
8 1 0 19 7 0.000218 2
8 1 0 20 8 0.000298 2
8 1 0 21 6 0.000201 2
8 1 0 22 8 0.000261 2
8 1 0 23 7 0.000261 2
8 1 0 24 7 0.000240 2
8 1 0 25 8 0.000276 2
8 1 0 26 8 0.000270 2
8 1 0 27 7 0.000268 2
8 1 0 28 8 0.000317 2
8 1 0 29 8 0.000230 0
8 1 0 30 7 0.000263 2
8 1 0 31 6 0.000190 2
8 1 0 32 7 0.000246 2
8 1 0 33 7 0.000209 0
8 1 0 34 6 0.000199 2
8 1 0 35 6 0.000206 2
8 1 0 36 8 0.000265 2
8 1 0 37 6 0.000197 2
8 1 0 38 7 0.000236 2
8 1 0 39 8 0.000320 2
8 1 0 40 6 0.000166 2
8 1 0 41 7 0.000219 0
8 1 0 42 6 0.000206 2
8 1 0 43 8 0.000304 2
8 1 0 44 6 0.000241 2
8 1 0 45 7 0.000217 2
8 1 0 46 8 0.000315 0
8 1 0 47 8 0.000228 2
8 1 0 48 6 0.000194 0
8 1 0 49 7 0.000221 2
8 1 0 50 8 0.000317 2
8 1 0 51 8 0.000290 2
8 1 0 52 8 0.000343 2
8 1 0 53 8 0.000287 2
8 1 0 54 8 0.000256 2
8 1 0 55 7 0.000247 2
8 1 0 56 7 0.000272 2
8 1 0 57 8 0.000279 2
8 1 0 58 8 0.000315 2
8 1 0 59 8 0.000289 2
8 1 0 60 8 0.000281 2
8 1 0 61 7 0.000257 2
8 1 0 62 6 0.000217 2
8 1 0 63 8 0.000262 2
8 1 0 64 8 0.000294 2
8 1 0 65 7 0.000277 2
8 1 0 66 8 0.000258 2
8 1 0 67 8 0.000284 0
8 1 0 68 8 0.000272 2
8 1 0 69 7 0.000258 2
8 1 0 70 7 0.000236 0
8 1 0 71 7 0.000252 2
8 1 0 72 7 0.000258 2
8 1 0 73 7 0.000257 2
8 1 0 74 7 0.000189 0
8 1 0 75 8 0.000237 2
8 1 0 76 8 0.000286 2
8 1 0 77 8 0.000273 2
8 1 0 78 8 0.000211 0
8 1 0 79 6 0.000155 0
8 1 0 80 8 0.000304 2
8 1 0 81 8 0.000261 2
8 1 0 82 6 0.000200 2
8 1 0 83 6 0.000188 0
8 1 0 84 7 0.000235 2
8 1 0 85 6 0.000193 2
8 1 0 86 8 0.000283 2
8 1 0 87 7 0.000220 2
8 1 0 88 8 0.000269 2
8 1 0 89 8 0.000279 2
8 1 0 90 8 0.000248 2
8 1 0 91 7 0.000244 0
8 1 0 92 7 0.000266 2
8 1 0 93 6 0.000187 2
8 1 0 94 8 0.000294 2
8 1 0 95 8 0.000274 2
8 1 0 96 6 0.000196 2
8 1 0 97 8 0.000296 2
8 1 0 98 8 0.000313 2
8 1 0 99 8 0.000300 2
8 2 0 0 8 0.000374 2
8 2 0 1 7 0.000407 2
8 2 0 2 7 0.000524 2
8 2 0 3 8 0.000438 2
8 2 0 4 4 0.000256 2
8 2 0 5 4 0.000121 2
8 2 0 6 9 0.000456 2
8 2 0 7 6 0.000327 2
8 2 0 8 5 0.000230 2
8 2 0 9 8 0.000355 2
8 2 0 10 7 0.000346 2
8 2 0 11 6 0.000465 2
8 2 0 12 7 0.000489 2
8 2 0 13 9 0.000571 2
8 2 0 14 8 0.000496 2
8 2 0 15 8 0.000460 2
8 2 0 16 8 0.000321 2
8 2 0 17 8 0.000569 2
8 2 0 18 7 0.000489 2
8 2 0 19 6 0.000270 2
8 2 0 20 9 0.000578 2
8 2 0 21 5 0.000302 2
8 2 0 22 9 0.000576 2
8 2 0 23 8 0.000401 2
8 2 0 24 4 0.000416 2
8 2 0 25 6 0.000643 2
8 2 0 26 8 0.000415 2
8 2 0 27 9 0.000607 2
8 2 0 28 10 0.000753 2
8 2 0 29 9 0.000320 0
8 2 0 30 8 0.000465 2
8 2 0 31 7 0.000446 2
8 2 0 32 7 0.000461 2
8 2 0 33 8 0.000383 0
8 2 0 34 7 0.000309 2
8 2 0 35 7 0.000334 2
8 2 0 36 10 0.000509 2
8 2 0 37 7 0.000345 2
8 2 0 38 8 0.000518 2
8 2 0 39 10 0.000753 2
8 2 0 40 6 0.000266 2
8 2 0 41 7 0.000399 0
8 2 0 42 7 0.000342 2
8 2 0 43 9 0.000588 2
8 2 0 44 7 0.000377 2
8 2 0 45 8 0.000385 2
8 2 0 46 10 0.000769 2
8 2 0 47 6 0.000247 2
8 2 0 48 7 0.000440 2
8 2 0 49 6 0.000330 2
8 2 0 50 8 0.000754 2
8 2 0 51 10 0.000713 2
8 2 0 52 10 0.000839 2
8 2 0 53 9 0.000682 2
8 2 0 54 8 0.000336 2
8 2 0 55 7 0.000409 2
8 2 0 56 9 0.000622 2
8 2 0 57 7 0.000591 2
8 2 0 58 10 0.000765 2
8 2 0 59 7 0.000546 2
8 2 0 60 10 0.000652 2
8 2 0 61 9 0.000505 2
8 2 0 62 7 0.000543 2
8 2 0 63 9 0.000490 2
8 2 0 64 10 0.000688 2
8 2 0 65 8 0.000574 2
8 2 0 66 7 0.000354 2
8 2 0 67 9 0.000449 2
8 2 0 68 9 0.000406 2
8 2 0 69 9 0.000487 2
8 2 0 70 8 0.000357 2
8 2 0 71 8 0.000582 2
8 2 0 72 8 0.000416 2
8 2 0 73 8 0.000458 2
8 2 0 74 8 0.000256 0
8 2 0 75 8 0.000432 2
8 2 0 76 8 0.000491 2
8 2 0 77 9 0.000561 2
8 2 0 78 9 0.000370 0
8 2 0 79 6 0.000232 0
8 2 0 80 10 0.000723 2
8 2 0 81 8 0.000459 2
8 2 0 82 6 0.000427 2
8 2 0 83 5 0.000236 2
8 2 0 84 8 0.000317 2
8 2 0 85 6 0.000383 2
8 2 0 86 7 0.000590 2
8 2 0 87 7 0.000330 2
8 2 0 88 5 0.000500 2
8 2 0 89 8 0.000428 2
8 2 0 90 8 0.000507 2
8 2 0 91 7 0.000347 2
8 2 0 92 8 0.000435 2
8 2 0 93 7 0.000233 2
8 2 0 94 10 0.000717 2
8 2 0 95 9 0.000557 2
8 2 0 96 5 0.000352 2
8 2 0 97 9 0.000701 2
8 2 0 98 9 0.000777 2
8 2 0 99 7 0.000508 2
8 4 0 0 8 0.001682 2
8 4 0 1 6 0.000757 2
8 4 0 2 10 0.001274 2
8 4 0 3 9 0.000686 2
8 4 0 4 4 0.000328 2
8 4 0 5 3 0.000241 2
8 4 0 6 11 0.001217 2
8 4 0 7 5 0.000692 2
8 4 0 8 5 0.000420 2
8 4 0 9 7 0.000568 2
8 4 0 10 9 0.000942 2
8 4 0 11 7 0.000579 2
8 4 0 12 9 0.000870 2
8 4 0 13 11 0.001746 2
8 4 0 14 9 0.000826 2
8 4 0 15 9 0.000926 2
8 4 0 16 7 0.000962 2
8 4 0 17 9 0.000974 2
8 4 0 18 9 0.001179 2
8 4 0 19 6 0.000488 2
8 4 0 20 10 0.001218 2
8 4 0 21 6 0.000400 2
8 4 0 22 10 0.000929 2
8 4 0 23 10 0.001249 2
8 4 0 24 5 0.000446 2
8 4 0 25 8 0.000953 2
8 4 0 26 9 0.000900 2
8 4 0 27 10 0.001359 2
8 4 0 28 11 0.001679 2
8 4 0 29 11 0.001123 2
8 4 0 30 9 0.000977 2
8 4 0 31 9 0.000826 2
8 4 0 32 8 0.001018 2
8 4 0 33 9 0.000863 0
8 4 0 34 8 0.000778 2
8 4 0 35 5 0.000429 2
8 4 0 36 11 0.001115 2
8 4 0 37 6 0.000481 2
8 4 0 38 9 0.001393 2
8 4 0 39 12 0.001999 2
8 4 0 40 6 0.000627 2
8 4 0 41 6 0.000567 2
8 4 0 42 6 0.000468 2
8 4 0 43 10 0.001201 2
8 4 0 44 8 0.000635 2
8 4 0 45 7 0.000476 2
8 4 0 46 12 0.002053 2
8 4 0 47 7 0.000541 2
8 4 0 48 9 0.000819 2
8 4 0 49 7 0.000447 2
8 4 0 50 11 0.001711 2
8 4 0 51 11 0.001524 2
8 4 0 52 13 0.003137 2
8 4 0 53 11 0.001783 2
8 4 0 54 9 0.000953 2
8 4 0 55 8 0.000772 2
8 4 0 56 9 0.001182 2
8 4 0 57 10 0.001317 2
8 4 0 58 11 0.001701 2
8 4 0 59 9 0.001005 2
8 4 0 60 12 0.001855 2
8 4 0 61 9 0.000863 2
8 4 0 62 7 0.001242 2
8 4 0 63 10 0.000985 2
8 4 0 64 11 0.001577 2
8 4 0 65 8 0.000875 2
8 4 0 66 8 0.000627 2
8 4 0 67 12 0.001721 2
8 4 0 68 10 0.001416 2
8 4 0 69 8 0.000915 2
8 4 0 70 9 0.001004 2
8 4 0 71 9 0.001439 2
8 4 0 72 10 0.001374 2
8 4 0 73 9 0.001145 2
8 4 0 74 7 0.000605 2
8 4 0 75 10 0.001060 2
8 4 0 76 11 0.001300 2
8 4 0 77 10 0.001831 2
8 4 0 78 10 0.000640 2
8 4 0 79 5 0.000288 2
8 4 0 80 12 0.001957 2
8 4 0 81 9 0.000921 2
8 4 0 82 6 0.000365 2
8 4 0 83 6 0.000629 2
8 4 0 84 7 0.000922 2
8 4 0 85 8 0.000735 2
8 4 0 86 9 0.001687 2
8 4 0 87 7 0.000483 2
8 4 0 88 7 0.001100 2
8 4 0 89 9 0.000919 2
8 4 0 90 11 0.001128 2
8 4 0 91 8 0.000934 2
8 4 0 92 8 0.000914 2
8 4 0 93 6 0.000317 2
8 4 0 94 12 0.001709 2
8 4 0 95 11 0.001871 2
8 4 0 96 5 0.000550 2
8 4 0 97 9 0.001236 2
8 4 0 98 11 0.002044 2
8 4 0 99 9 0.001437 2
8 8 0 0 7 0.001422 2
8 8 0 1 5 0.000652 2
8 8 0 2 7 0.001509 2
8 8 0 3 7 0.001266 2
8 8 0 4 3 0.000249 2
8 8 0 5 3 0.000245 2
8 8 0 6 11 0.002574 2
8 8 0 7 5 0.000709 2
8 8 0 8 5 0.000648 2
8 8 0 9 5 0.000595 2
8 8 0 10 7 0.001507 2
8 8 0 11 5 0.000650 2
8 8 0 12 7 0.001423 2
8 8 0 13 11 0.004081 2
8 8 0 14 7 0.001264 2
8 8 0 15 7 0.001423 2
8 8 0 16 7 0.001068 2
8 8 0 17 7 0.001429 2
8 8 0 18 9 0.001706 2
8 8 0 19 5 0.000555 2
8 8 0 20 9 0.002719 2
8 8 0 21 5 0.000652 2
8 8 0 22 9 0.002253 2
8 8 0 23 7 0.001424 2
8 8 0 24 5 0.000655 2
8 8 0 25 7 0.001512 2
8 8 0 26 7 0.001518 2
8 8 0 27 9 0.002740 2
8 8 0 28 11 0.004799 2
8 8 0 29 11 0.001899 2
8 8 0 30 9 0.002855 2
8 8 0 31 9 0.002504 2
8 8 0 32 7 0.001414 2
8 8 0 33 9 0.001240 2
8 8 0 34 7 0.001262 2
8 8 0 35 5 0.000701 2
8 8 0 36 9 0.002161 2
8 8 0 37 5 0.000657 2
8 8 0 38 9 0.002164 2
8 8 0 39 11 0.004993 2
8 8 0 40 5 0.000605 2
8 8 0 41 5 0.000706 2
8 8 0 42 5 0.000703 2
8 8 0 43 9 0.002851 2
8 8 0 44 7 0.001425 2
8 8 0 45 5 0.000652 2
8 8 0 46 11 0.004992 2
8 8 0 47 7 0.000801 2
8 8 0 48 5 0.000652 2
8 8 0 49 7 0.001064 2
8 8 0 50 11 0.004990 2
8 8 0 51 9 0.002731 2
8 8 0 52 13 0.007860 2
8 8 0 53 9 0.002608 2
8 8 0 54 5 0.000652 2
8 8 0 55 7 0.001503 2
8 8 0 56 9 0.002705 2
8 8 0 57 9 0.002494 2
8 8 0 58 11 0.004968 2
8 8 0 59 9 0.002722 2
8 8 0 60 11 0.004138 2
8 8 0 61 9 0.002842 2
8 8 0 62 5 0.000707 2
8 8 0 63 7 0.001260 2
8 8 0 64 9 0.002732 2
8 8 0 65 7 0.001431 2
8 8 0 66 5 0.000707 2
8 8 0 67 11 0.004057 2
8 8 0 68 9 0.002179 2
8 8 0 69 7 0.001512 2
8 8 0 70 7 0.001333 2
8 8 0 71 7 0.001508 2
8 8 0 72 9 0.002720 2
8 8 0 73 9 0.002592 2
8 8 0 74 7 0.000799 2
8 8 0 75 9 0.001706 2
8 8 0 76 9 0.002480 2
8 8 0 77 9 0.002484 2
8 8 0 78 9 0.001289 2
8 8 0 79 3 0.000204 2
8 8 0 80 11 0.004642 2
8 8 0 81 7 0.001275 2
8 8 0 82 5 0.000554 2
8 8 0 83 5 0.000702 2
8 8 0 84 7 0.001005 2
8 8 0 85 7 0.001508 2
8 8 0 86 7 0.001516 2
8 8 0 87 5 0.000729 2
8 8 0 88 7 0.001420 2
8 8 0 89 7 0.001510 2
8 8 0 90 11 0.003424 2
8 8 0 91 7 0.001504 2
8 8 0 92 7 0.001510 2
8 8 0 93 5 0.000424 2
8 8 0 94 9 0.002840 2
8 8 0 95 9 0.002493 2
8 8 0 96 5 0.000556 2
8 8 0 97 9 0.002705 2
8 8 0 98 11 0.004808 2
8 8 0 99 9 0.002712 2
16 1 0 0 15 0.000567 0
16 1 0 1 13 0.000477 0
16 1 0 2 15 0.000524 0
16 1 0 3 16 0.000566 2
16 1 0 4 15 0.000595 2
16 1 0 5 14 0.000494 0
16 1 0 6 16 0.000580 2
16 1 0 7 16 0.000572 2
16 1 0 8 15 0.000515 2
16 1 0 9 14 0.000483 0
16 1 0 10 15 0.000456 0
16 1 0 11 12 0.000406 2
16 1 0 12 11 0.000358 0
16 1 0 13 15 0.000592 2
16 1 0 14 16 0.000546 2
16 1 0 15 14 0.000527 2
16 1 0 16 15 0.000525 2
16 1 0 17 16 0.000549 0
16 1 0 18 16 0.000519 0
16 1 0 19 14 0.000477 0
16 1 0 20 16 0.000656 2
16 1 0 21 16 0.000646 2
16 1 0 22 14 0.000461 0
16 1 0 23 15 0.000526 0
16 1 0 24 12 0.000446 2
16 1 0 25 13 0.000481 2
16 1 0 26 11 0.000420 0
16 1 0 27 12 0.000456 0
16 1 0 28 15 0.000537 2
16 1 0 29 16 0.000549 0
16 1 0 30 14 0.000549 2
16 1 0 31 15 0.000603 2
16 1 0 32 13 0.000476 2
16 1 0 33 14 0.000493 2
16 1 0 34 15 0.000567 2
16 1 0 35 15 0.000504 0
16 1 0 36 15 0.000546 2
16 1 0 37 12 0.000442 2
16 1 0 38 15 0.000561 2
16 1 0 39 14 0.000516 0
16 1 0 40 12 0.000423 2
16 1 0 41 15 0.000595 2
16 1 0 42 15 0.000500 2
16 1 0 43 16 0.000563 2
16 1 0 44 16 0.000601 0
16 1 0 45 14 0.000541 2
16 1 0 46 15 0.000584 2
16 1 0 47 14 0.000499 0
16 1 0 48 15 0.000592 0
16 1 0 49 13 0.000453 0
16 1 0 50 13 0.000474 0
16 1 0 51 16 0.000614 2
16 1 0 52 15 0.000530 2
16 1 0 53 12 0.000395 0
16 1 0 54 15 0.000498 0
16 1 0 55 16 0.000634 2
16 1 0 56 15 0.000541 0
16 1 0 57 15 0.000517 2
16 1 0 58 15 0.000642 2
16 1 0 59 16 0.000557 2
16 1 0 60 16 0.000524 0
16 1 0 61 16 0.000567 2
16 1 0 62 16 0.000579 2
16 1 0 63 14 0.000545 2
16 1 0 64 14 0.000496 2
16 1 0 65 14 0.000510 0
16 1 0 66 16 0.000579 2
16 1 0 67 16 0.000558 0
16 1 0 68 14 0.000512 0
16 1 0 69 13 0.000428 2
16 1 0 70 14 0.000476 0
16 1 0 71 16 0.000609 2
16 1 0 72 16 0.000642 2
16 1 0 73 15 0.000575 2
16 1 0 74 16 0.000533 0
16 1 0 75 12 0.000395 2
16 1 0 76 15 0.000541 0
16 1 0 77 15 0.000627 2
16 1 0 78 15 0.000555 0
16 1 0 79 16 0.000528 0
16 1 0 80 16 0.000621 2
16 1 0 81 16 0.000622 2
16 1 0 82 16 0.000638 0
16 1 0 83 16 0.000611 2
16 1 0 84 15 0.000512 0
16 1 0 85 16 0.000671 2
16 1 0 86 15 0.000580 0
16 1 0 87 15 0.000491 0
16 1 0 88 16 0.000654 2
16 1 0 89 16 0.000547 0
16 1 0 90 16 0.000560 2
16 1 0 91 15 0.000526 2
16 1 0 92 15 0.000559 0
16 1 0 93 16 0.000619 2
16 1 0 94 16 0.000619 2
16 1 0 95 16 0.000567 2
16 1 0 96 14 0.000463 0
16 1 0 97 14 0.000568 2
16 1 0 98 16 0.000602 2
16 1 0 99 15 0.000611 2
16 2 0 0 16 0.000972 2
16 2 0 1 11 0.000636 2
16 2 0 2 14 0.000836 0
16 2 0 3 15 0.000984 2
16 2 0 4 17 0.001136 2
16 2 0 5 16 0.000764 2
16 2 0 6 15 0.001012 2
16 2 0 7 15 0.000895 2
16 2 0 8 16 0.000746 2
16 2 0 9 14 0.000822 2
16 2 0 10 15 0.000663 2
16 2 0 11 15 0.000635 2
16 2 0 12 14 0.000709 2
16 2 0 13 16 0.001064 2
16 2 0 14 17 0.000809 2
16 2 0 15 16 0.001122 2
16 2 0 16 17 0.000790 2
16 2 0 17 15 0.000898 2
16 2 0 18 16 0.000748 2
16 2 0 19 17 0.000748 0
16 2 0 20 18 0.001305 2
16 2 0 21 16 0.001042 2
16 2 0 22 14 0.000903 2
16 2 0 23 13 0.000681 2
16 2 0 24 13 0.000718 2
16 2 0 25 12 0.000746 2
16 2 0 26 13 0.000682 2
16 2 0 27 13 0.000735 0
16 2 0 28 18 0.000885 2
16 2 0 29 17 0.000909 0
16 2 0 30 13 0.000871 2
16 2 0 31 15 0.000996 2
16 2 0 32 14 0.000827 2
16 2 0 33 11 0.000728 2
16 2 0 34 16 0.001019 2
16 2 0 35 14 0.000732 2
16 2 0 36 14 0.000873 2
16 2 0 37 15 0.000815 2
16 2 0 38 15 0.000822 2
16 2 0 39 13 0.000732 0
16 2 0 40 11 0.000605 2
16 2 0 41 16 0.000956 2
16 2 0 42 15 0.000856 2
16 2 0 43 18 0.001042 2
16 2 0 44 18 0.001177 2
16 2 0 45 15 0.000866 2
16 2 0 46 15 0.000908 2
16 2 0 47 13 0.000693 0
16 2 0 48 15 0.000954 0
16 2 0 49 13 0.000767 2
16 2 0 50 15 0.000720 2
16 2 0 51 16 0.001003 2
16 2 0 52 15 0.000820 2
16 2 0 53 11 0.000589 0
16 2 0 54 17 0.000859 2
16 2 0 55 16 0.000982 2
16 2 0 56 15 0.000823 0
16 2 0 57 13 0.000707 2
16 2 0 58 16 0.001083 2
16 2 0 59 18 0.000991 2
16 2 0 60 17 0.000847 2
16 2 0 61 15 0.000802 2
16 2 0 62 15 0.000904 2
16 2 0 63 13 0.000821 2
16 2 0 64 15 0.000853 2
16 2 0 65 16 0.000779 0
16 2 0 66 16 0.000885 2
16 2 0 67 17 0.001099 2
16 2 0 68 15 0.000988 0
16 2 0 69 14 0.000724 2
16 2 0 70 14 0.000835 2
16 2 0 71 17 0.001136 2
16 2 0 72 17 0.001014 2
16 2 0 73 17 0.001046 2
16 2 0 74 14 0.000789 2
16 2 0 75 12 0.000513 2
16 2 0 76 17 0.001014 0
16 2 0 77 18 0.001260 2
16 2 0 78 16 0.000890 2
16 2 0 79 15 0.000903 2
16 2 0 80 16 0.000946 2
16 2 0 81 16 0.001127 2
16 2 0 82 17 0.001095 2
16 2 0 83 15 0.000981 2
16 2 0 84 17 0.000916 2
16 2 0 85 16 0.001077 2
16 2 0 86 18 0.001133 0
16 2 0 87 16 0.000746 0
16 2 0 88 18 0.001217 2
16 2 0 89 18 0.001060 2
16 2 0 90 15 0.000982 2
16 2 0 91 16 0.000784 2
16 2 0 92 15 0.000941 2
16 2 0 93 17 0.001147 2
16 2 0 94 17 0.001183 2
16 2 0 95 16 0.000963 2
16 2 0 96 14 0.000808 2
16 2 0 97 16 0.000938 2
16 2 0 98 16 0.001129 2
16 2 0 99 17 0.001138 2
16 4 0 0 19 0.002341 2
16 4 0 1 12 0.001079 2
16 4 0 2 16 0.001609 2
16 4 0 3 15 0.002443 2
16 4 0 4 19 0.003466 2
16 4 0 5 16 0.001626 2
16 4 0 6 17 0.001717 2
16 4 0 7 19 0.001663 2
16 4 0 8 19 0.001336 2
16 4 0 9 17 0.002041 2
16 4 0 10 17 0.001110 2
16 4 0 11 14 0.001638 2
16 4 0 12 15 0.001202 2
16 4 0 13 17 0.002179 2
16 4 0 14 18 0.001359 2
16 4 0 15 18 0.002069 2
16 4 0 16 17 0.001470 2
16 4 0 17 16 0.001437 2
16 4 0 18 17 0.001627 2
16 4 0 19 17 0.001521 0
16 4 0 20 20 0.003698 2
16 4 0 21 17 0.003182 2
16 4 0 22 15 0.001576 2
16 4 0 23 16 0.001286 2
16 4 0 24 14 0.001344 2
16 4 0 25 15 0.001700 2
16 4 0 26 10 0.000902 2
16 4 0 27 15 0.001315 2
16 4 0 28 19 0.002242 2
16 4 0 29 17 0.001521 2
16 4 0 30 15 0.001707 2
16 4 0 31 16 0.001678 2
16 4 0 32 17 0.001803 2
16 4 0 33 11 0.000945 2
16 4 0 34 18 0.001777 2
16 4 0 35 16 0.001365 2
16 4 0 36 15 0.001309 2
16 4 0 37 16 0.001750 2
16 4 0 38 18 0.001564 2
16 4 0 39 16 0.001447 2
16 4 0 40 11 0.001209 2
16 4 0 41 15 0.001936 2
16 4 0 42 15 0.001157 2
16 4 0 43 21 0.002376 2
16 4 0 44 18 0.002326 2
16 4 0 45 15 0.001530 2
16 4 0 46 15 0.001613 2
16 4 0 47 14 0.001043 2
16 4 0 48 18 0.002140 2
16 4 0 49 13 0.001234 2
16 4 0 50 14 0.001256 2
16 4 0 51 20 0.002433 2
16 4 0 52 16 0.001440 2
16 4 0 53 14 0.001425 2
16 4 0 54 17 0.001757 2
16 4 0 55 18 0.001954 2
16 4 0 56 18 0.001532 2
16 4 0 57 15 0.001449 2
16 4 0 58 20 0.002521 2
16 4 0 59 17 0.001538 2
16 4 0 60 19 0.001882 2
16 4 0 61 18 0.001482 2
16 4 0 62 19 0.001682 2
16 4 0 63 15 0.001446 2
16 4 0 64 16 0.001491 2
16 4 0 65 17 0.001640 2
16 4 0 66 17 0.001713 2
16 4 0 67 20 0.001936 2
16 4 0 68 16 0.002216 0
16 4 0 69 12 0.000939 2
16 4 0 70 16 0.001554 2
16 4 0 71 20 0.002397 2
16 4 0 72 21 0.002503 2
16 4 0 73 16 0.003108 2
16 4 0 74 16 0.001400 2
16 4 0 75 12 0.001006 2
16 4 0 76 17 0.001983 2
16 4 0 77 18 0.002483 2
16 4 0 78 17 0.002003 2
16 4 0 79 16 0.002551 2
16 4 0 80 18 0.001524 2
16 4 0 81 19 0.002172 2
16 4 0 82 20 0.003110 2
16 4 0 83 18 0.001663 2
16 4 0 84 17 0.002273 2
16 4 0 85 20 0.002596 2
16 4 0 86 20 0.003613 2
16 4 0 87 17 0.001188 2
16 4 0 88 19 0.003507 2
16 4 0 89 19 0.002093 2
16 4 0 90 19 0.002297 2
16 4 0 91 19 0.001473 2
16 4 0 92 17 0.001684 2
16 4 0 93 20 0.002668 2
16 4 0 94 19 0.002493 2
16 4 0 95 18 0.002308 2
16 4 0 96 15 0.001201 2
16 4 0 97 19 0.001894 2
16 4 0 98 19 0.003058 2
16 4 0 99 20 0.002426 2
16 8 0 0 22 0.008502 2
16 8 0 1 13 0.003627 2
16 8 0 2 19 0.008372 2
16 8 0 3 19 0.005352 2
16 8 0 4 22 0.008116 2
16 8 0 5 18 0.002562 2
16 8 0 6 20 0.008464 2
16 8 0 7 22 0.006210 2
16 8 0 8 21 0.004679 2
16 8 0 9 16 0.003820 2
16 8 0 10 19 0.003967 2
16 8 0 11 17 0.002422 2
16 8 0 12 15 0.003151 2
16 8 0 13 21 0.006433 2
16 8 0 14 21 0.004779 2
16 8 0 15 19 0.004226 2
16 8 0 16 20 0.003945 2
16 8 0 17 19 0.005035 2
16 8 0 18 21 0.005214 2
16 8 0 19 19 0.004371 2
16 8 0 20 25 0.010497 2
16 8 0 21 22 0.007562 2
16 8 0 22 17 0.003691 2
16 8 0 23 19 0.005595 2
16 8 0 24 14 0.003151 2
16 8 0 25 17 0.007673 2
16 8 0 26 11 0.001314 2
16 8 0 27 16 0.002915 2
16 8 0 28 22 0.004190 2
16 8 0 29 22 0.004949 2
16 8 0 30 17 0.004095 2
16 8 0 31 20 0.006655 2
16 8 0 32 19 0.003954 2
16 8 0 33 12 0.001922 2
16 8 0 34 19 0.005085 2
16 8 0 35 19 0.003614 2
16 8 0 36 16 0.004087 2
16 8 0 37 17 0.002489 2
16 8 0 38 19 0.004242 2
16 8 0 39 17 0.004457 2
16 8 0 40 11 0.001632 2
16 8 0 41 19 0.005078 2
16 8 0 42 17 0.003013 2
16 8 0 43 25 0.007471 2
16 8 0 44 24 0.007774 2
16 8 0 45 18 0.005546 2
16 8 0 46 17 0.005440 2
16 8 0 47 14 0.003030 2
16 8 0 48 19 0.010912 2
16 8 0 49 15 0.002564 2
16 8 0 50 15 0.002387 2
16 8 0 51 23 0.009760 2
16 8 0 52 19 0.003491 2
16 8 0 53 13 0.002020 2
16 8 0 54 18 0.003364 2
16 8 0 55 23 0.008280 2
16 8 0 56 20 0.008872 2
16 8 0 57 17 0.004300 2
16 8 0 58 24 0.011132 2
16 8 0 59 22 0.005931 2
16 8 0 60 24 0.006569 2
16 8 0 61 21 0.004888 2
16 8 0 62 21 0.006652 2
16 8 0 63 17 0.007319 2
16 8 0 64 19 0.003467 2
16 8 0 65 19 0.005121 2
16 8 0 66 20 0.006002 2
16 8 0 67 25 0.009294 2
16 8 0 68 18 0.007100 2
16 8 0 69 14 0.001635 2
16 8 0 70 15 0.001796 2
16 8 0 71 25 0.010870 2
16 8 0 72 27 0.012895 2
16 8 0 73 18 0.004521 2
16 8 0 74 19 0.005912 2
16 8 0 75 13 0.001498 2
16 8 0 76 21 0.005207 2
16 8 0 77 23 0.009373 2
16 8 0 78 21 0.006522 2
16 8 0 79 19 0.004003 2
16 8 0 80 21 0.006003 2
16 8 0 81 23 0.008715 2
16 8 0 82 24 0.007946 2
16 8 0 83 21 0.007869 2
16 8 0 84 21 0.006078 2
16 8 0 85 25 0.013514 2
16 8 0 86 23 0.009550 2
16 8 0 87 17 0.003870 2
16 8 0 88 24 0.008043 2
16 8 0 89 25 0.007659 2
16 8 0 90 20 0.005666 2
16 8 0 91 22 0.005409 2
16 8 0 92 19 0.005343 2
16 8 0 93 24 0.008505 2
16 8 0 94 23 0.008091 2
16 8 0 95 19 0.004764 2
16 8 0 96 18 0.004072 2
16 8 0 97 21 0.006331 2
16 8 0 98 21 0.006682 2
16 8 0 99 25 0.009886 2
32 1 0 0 31 0.001148 2
32 1 0 1 30 0.001165 0
32 1 0 2 31 0.001141 0
32 1 0 3 31 0.001197 2
32 1 0 4 31 0.001108 0
32 1 0 5 31 0.001202 2
32 1 0 6 31 0.001124 0
32 1 0 7 25 0.000906 0
32 1 0 8 29 0.001128 2
32 1 0 9 31 0.001167 2
32 1 0 10 27 0.000977 0
32 1 0 11 30 0.001106 0
32 1 0 12 27 0.001029 0
32 1 0 13 29 0.001115 2
32 1 0 14 28 0.001091 2
32 1 0 15 30 0.001155 2
32 1 0 16 31 0.001177 0
32 1 0 17 28 0.001185 2
32 1 0 18 30 0.001137 2
32 1 0 19 32 0.001293 2
32 1 0 20 26 0.001004 0
32 1 0 21 31 0.001138 2
32 1 0 22 32 0.001247 2
32 1 0 23 29 0.001146 2
32 1 0 24 29 0.001137 2
32 1 0 25 31 0.001130 2
32 1 0 26 31 0.001261 2
32 1 0 27 27 0.000952 0
32 1 0 28 32 0.001216 2
32 1 0 29 31 0.001172 0
32 1 0 30 30 0.001142 0
32 1 0 31 32 0.001205 0
32 1 0 32 28 0.000963 0
32 1 0 33 29 0.001068 2
32 1 0 34 31 0.001251 2
32 1 0 35 29 0.001085 0
32 1 0 36 32 0.001285 2
32 1 0 37 29 0.000958 0
32 1 0 38 31 0.001131 2
32 1 0 39 23 0.000740 0
32 1 0 40 31 0.001111 0
32 1 0 41 31 0.001184 2
32 1 0 42 31 0.001170 2
32 1 0 43 32 0.001227 2
32 1 0 44 28 0.000981 0
32 1 0 45 31 0.001189 0
32 1 0 46 29 0.001235 2
32 1 0 47 29 0.001147 2
32 1 0 48 26 0.000839 0
32 1 0 49 31 0.001220 2
32 1 0 50 30 0.001044 0
32 1 0 51 29 0.001153 2
32 1 0 52 31 0.001155 2
32 1 0 53 27 0.000987 0
32 1 0 54 29 0.000981 0
32 1 0 55 28 0.000978 0
32 1 0 56 30 0.001111 0
32 1 0 57 30 0.001186 2
32 1 0 58 32 0.001244 2
32 1 0 59 28 0.001071 2
32 1 0 60 31 0.001242 2
32 1 0 61 29 0.001154 2
32 1 0 62 32 0.001167 2
32 1 0 63 29 0.001090 0
32 1 0 64 32 0.000944 0
32 1 0 65 30 0.001184 2
32 1 0 66 28 0.000986 0
32 1 0 67 31 0.001142 2
32 1 0 68 27 0.000980 2
32 1 0 69 29 0.001114 2
32 1 0 70 27 0.000940 0
32 1 0 71 31 0.001207 2
32 1 0 72 31 0.001106 0
32 1 0 73 30 0.001216 2
32 1 0 74 30 0.001025 0
32 1 0 75 31 0.001065 0
32 1 0 76 31 0.001242 2
32 1 0 77 32 0.001204 0
32 1 0 78 30 0.001154 2
32 1 0 79 31 0.001027 0
32 1 0 80 29 0.001080 2
32 1 0 81 32 0.001203 2
32 1 0 82 31 0.001104 0
32 1 0 83 29 0.001289 2
32 1 0 84 31 0.001217 2
32 1 0 85 29 0.001036 0
32 1 0 86 32 0.001235 2
32 1 0 87 28 0.000972 0
32 1 0 88 30 0.001154 2
32 1 0 89 31 0.001044 0
32 1 0 90 31 0.001012 0
32 1 0 91 32 0.001050 0
32 1 0 92 27 0.000977 2
32 1 0 93 28 0.001074 2
32 1 0 94 31 0.001167 2
32 1 0 95 26 0.000906 2
32 1 0 96 30 0.001156 2
32 1 0 97 29 0.001110 2
32 1 0 98 31 0.001264 2
32 1 0 99 31 0.001142 2
32 2 0 0 31 0.001656 2
32 2 0 1 30 0.001653 2
32 2 0 2 29 0.001738 2
32 2 0 3 31 0.001872 2
32 2 0 4 30 0.001776 2
32 2 0 5 33 0.002029 2
32 2 0 6 31 0.001791 2
32 2 0 7 25 0.001399 2
32 2 0 8 30 0.001665 2
32 2 0 9 33 0.001785 2
32 2 0 10 28 0.001509 2
32 2 0 11 30 0.001782 2
32 2 0 12 31 0.001566 2
32 2 0 13 30 0.001688 2
32 2 0 14 28 0.001693 2
32 2 0 15 31 0.001691 2
32 2 0 16 31 0.001835 2
32 2 0 17 30 0.001835 2
32 2 0 18 31 0.001664 2
32 2 0 19 33 0.002236 2
32 2 0 20 28 0.001634 2
32 2 0 21 32 0.001650 2
32 2 0 22 32 0.002123 2
32 2 0 23 31 0.001850 2
32 2 0 24 33 0.001819 2
32 2 0 25 29 0.001651 2
32 2 0 26 33 0.002058 2
32 2 0 27 27 0.001557 2
32 2 0 28 33 0.002013 2
32 2 0 29 33 0.002050 0
32 2 0 30 30 0.001688 2
32 2 0 31 33 0.001868 2
32 2 0 32 25 0.001482 2
32 2 0 33 28 0.001823 2
32 2 0 34 28 0.002033 2
32 2 0 35 31 0.001785 2
32 2 0 36 33 0.002200 2
32 2 0 37 27 0.001428 2
32 2 0 38 30 0.001626 2
32 2 0 39 24 0.001216 0
32 2 0 40 30 0.001741 0
32 2 0 41 28 0.001781 2
32 2 0 42 31 0.001804 2
32 2 0 43 30 0.001895 2
32 2 0 44 29 0.001590 2
32 2 0 45 33 0.002025 2
32 2 0 46 30 0.001953 2
32 2 0 47 31 0.001650 2
32 2 0 48 27 0.001331 0
32 2 0 49 29 0.002111 2
32 2 0 50 33 0.001718 0
32 2 0 51 28 0.001629 2
32 2 0 52 29 0.001848 2
32 2 0 53 29 0.001717 2
32 2 0 54 25 0.001389 0
32 2 0 55 30 0.001623 0
32 2 0 56 27 0.001727 2
32 2 0 57 30 0.001836 2
32 2 0 58 33 0.002029 2
32 2 0 59 28 0.001852 2
32 2 0 60 31 0.002050 2
32 2 0 61 27 0.001720 2
32 2 0 62 31 0.001730 2
32 2 0 63 29 0.001658 2
32 2 0 64 29 0.001422 2
32 2 0 65 32 0.002016 2
32 2 0 66 30 0.001480 2
32 2 0 67 33 0.001801 2
32 2 0 68 25 0.001535 2
32 2 0 69 29 0.001747 2
32 2 0 70 25 0.001298 2
32 2 0 71 30 0.001965 2
32 2 0 72 33 0.001655 0
32 2 0 73 32 0.001945 2
32 2 0 74 29 0.001571 0
32 2 0 75 28 0.001530 2
32 2 0 76 32 0.001902 2
32 2 0 77 32 0.001995 2
32 2 0 78 28 0.001763 2
32 2 0 79 32 0.001629 0
32 2 0 80 28 0.001768 2
32 2 0 81 32 0.002077 2
32 2 0 82 32 0.001815 2
32 2 0 83 31 0.001717 2
32 2 0 84 31 0.001964 2
32 2 0 85 27 0.001708 2
32 2 0 86 31 0.001978 2
32 2 0 87 29 0.001471 0
32 2 0 88 30 0.001854 2
32 2 0 89 30 0.001498 0
32 2 0 90 31 0.001526 2
32 2 0 91 32 0.001641 2
32 2 0 92 29 0.001709 2
32 2 0 93 29 0.001721 2
32 2 0 94 26 0.001720 2
32 2 0 95 26 0.001478 2
32 2 0 96 32 0.001695 2
32 2 0 97 28 0.001690 2
32 2 0 98 32 0.001934 2
32 2 0 99 32 0.001603 2
32 4 0 0 34 0.003090 2
32 4 0 1 32 0.002931 2
32 4 0 2 31 0.003015 2
32 4 0 3 31 0.003188 2
32 4 0 4 32 0.003184 2
32 4 0 5 32 0.004755 2
32 4 0 6 33 0.003284 2
32 4 0 7 21 0.002056 2
32 4 0 8 26 0.003567 2
32 4 0 9 33 0.003433 2
32 4 0 10 29 0.002439 2
32 4 0 11 32 0.003148 2
32 4 0 12 31 0.003083 2
32 4 0 13 34 0.002997 2
32 4 0 14 30 0.002562 2
32 4 0 15 33 0.003141 2
32 4 0 16 34 0.003218 2
32 4 0 17 30 0.003260 2
32 4 0 18 32 0.002815 2
32 4 0 19 35 0.004021 2
32 4 0 20 30 0.003293 2
32 4 0 21 35 0.003344 2
32 4 0 22 33 0.003391 2
32 4 0 23 33 0.003966 2
32 4 0 24 30 0.003330 2
32 4 0 25 30 0.002663 2
32 4 0 26 35 0.003697 2
32 4 0 27 29 0.002269 2
32 4 0 28 35 0.004334 2
32 4 0 29 33 0.003415 2
32 4 0 30 31 0.002927 2
32 4 0 31 33 0.003291 2
32 4 0 32 28 0.002783 2
32 4 0 33 31 0.003302 2
32 4 0 34 31 0.003132 2
32 4 0 35 32 0.003160 2
32 4 0 36 34 0.003929 2
32 4 0 37 28 0.002716 2
32 4 0 38 33 0.002581 2
32 4 0 39 29 0.002649 2
32 4 0 40 33 0.002909 2
32 4 0 41 31 0.003155 2
32 4 0 42 34 0.002892 2
32 4 0 43 32 0.003186 2
32 4 0 44 31 0.002849 2
32 4 0 45 32 0.003684 2
32 4 0 46 33 0.003216 2
32 4 0 47 29 0.003346 2
32 4 0 48 28 0.001987 2
32 4 0 49 33 0.003622 2
32 4 0 50 32 0.002978 2
32 4 0 51 29 0.003023 2
32 4 0 52 31 0.003272 2
32 4 0 53 33 0.003557 2
32 4 0 54 27 0.002057 2
32 4 0 55 31 0.003137 2
32 4 0 56 31 0.002787 2
32 4 0 57 32 0.003341 2
32 4 0 58 36 0.004115 2
32 4 0 59 29 0.002534 2
32 4 0 60 35 0.004271 2
32 4 0 61 32 0.002929 2
32 4 0 62 33 0.002775 2
32 4 0 63 29 0.002801 2
32 4 0 64 33 0.002613 2
32 4 0 65 34 0.004154 2
32 4 0 66 31 0.002461 2
32 4 0 67 32 0.003079 2
32 4 0 68 25 0.002388 2
32 4 0 69 32 0.003089 2
32 4 0 70 27 0.002197 2
32 4 0 71 32 0.003483 2
32 4 0 72 30 0.002563 2
32 4 0 73 34 0.003540 2
32 4 0 74 32 0.002434 0
32 4 0 75 32 0.002457 2
32 4 0 76 31 0.003020 2
32 4 0 77 35 0.003739 2
32 4 0 78 31 0.003602 2
32 4 0 79 33 0.002754 2
32 4 0 80 28 0.003015 2
32 4 0 81 36 0.004697 2
32 4 0 82 34 0.003275 2
32 4 0 83 29 0.002802 2
32 4 0 84 33 0.003250 2
32 4 0 85 31 0.002628 2
32 4 0 86 29 0.004311 2
32 4 0 87 31 0.002575 2
32 4 0 88 33 0.003657 2
32 4 0 89 32 0.002535 0
32 4 0 90 34 0.002958 2
32 4 0 91 36 0.003193 2
32 4 0 92 31 0.002679 2
32 4 0 93 29 0.002773 2
32 4 0 94 30 0.002918 2
32 4 0 95 23 0.001871 2
32 4 0 96 32 0.002747 2
32 4 0 97 32 0.002648 2
32 4 0 98 35 0.003526 2
32 4 0 99 34 0.002817 2
32 8 0 0 34 0.007838 2
32 8 0 1 34 0.007781 2
32 8 0 2 36 0.006864 2
32 8 0 3 35 0.006166 2
32 8 0 4 33 0.006327 2
32 8 0 5 35 0.007071 2
32 8 0 6 37 0.008262 2
32 8 0 7 26 0.005247 2
32 8 0 8 32 0.008726 2
32 8 0 9 36 0.008558 2
32 8 0 10 33 0.005490 2
32 8 0 11 38 0.007040 2
32 8 0 12 32 0.007528 2
32 8 0 13 37 0.008331 2
32 8 0 14 31 0.005753 2
32 8 0 15 37 0.008095 2
32 8 0 16 38 0.009404 2
32 8 0 17 36 0.008694 2
32 8 0 18 37 0.008093 2
32 8 0 19 41 0.013139 2
32 8 0 20 37 0.010342 2
32 8 0 21 36 0.006580 2
32 8 0 22 37 0.008421 2
32 8 0 23 37 0.007724 2
32 8 0 24 35 0.009108 2
32 8 0 25 31 0.006648 2
32 8 0 26 37 0.010910 2
32 8 0 27 30 0.005829 2
32 8 0 28 40 0.015958 2
32 8 0 29 40 0.008700 2
32 8 0 30 34 0.009107 2
32 8 0 31 39 0.009762 2
32 8 0 32 28 0.005249 2
32 8 0 33 32 0.007712 2
32 8 0 34 37 0.007639 2
32 8 0 35 34 0.007473 2
32 8 0 36 40 0.010008 2
32 8 0 37 35 0.005323 2
32 8 0 38 39 0.006619 2
32 8 0 39 26 0.004768 2
32 8 0 40 36 0.007790 2
32 8 0 41 34 0.006841 2
32 8 0 42 35 0.007020 2
32 8 0 43 36 0.008270 2
32 8 0 44 31 0.004675 2
32 8 0 45 38 0.011007 2
32 8 0 46 36 0.009021 2
32 8 0 47 32 0.006497 2
32 8 0 48 26 0.003333 2
32 8 0 49 36 0.011804 2
32 8 0 50 38 0.006468 2
32 8 0 51 31 0.008585 2
32 8 0 52 32 0.007816 2
32 8 0 53 33 0.007941 2
32 8 0 54 32 0.004352 2
32 8 0 55 31 0.005763 2
32 8 0 56 35 0.006413 2
32 8 0 57 38 0.008363 2
32 8 0 58 39 0.009938 2
32 8 0 59 31 0.005425 2
32 8 0 60 38 0.012056 2
32 8 0 61 35 0.009385 2
32 8 0 62 37 0.008100 2
32 8 0 63 31 0.006170 2
32 8 0 64 36 0.005760 2
32 8 0 65 37 0.008588 2
32 8 0 66 32 0.004736 2
32 8 0 67 35 0.011186 2
32 8 0 68 27 0.004327 2
32 8 0 69 32 0.008241 2
32 8 0 70 28 0.004074 2
32 8 0 71 35 0.008796 2
32 8 0 72 33 0.006408 2
32 8 0 73 38 0.008879 2
32 8 0 74 34 0.005934 2
32 8 0 75 33 0.006613 2
32 8 0 76 35 0.007067 2
32 8 0 77 38 0.010740 2
32 8 0 78 34 0.006366 2
32 8 0 79 36 0.005973 2
32 8 0 80 31 0.006091 2
32 8 0 81 36 0.009882 2
32 8 0 82 36 0.008289 2
32 8 0 83 30 0.004416 2
32 8 0 84 37 0.007523 2
32 8 0 85 33 0.005847 2
32 8 0 86 33 0.009316 2
32 8 0 87 34 0.005684 2
32 8 0 88 31 0.006184 2
32 8 0 89 33 0.005009 2
32 8 0 90 36 0.006189 2
32 8 0 91 39 0.008094 2
32 8 0 92 27 0.004915 2
32 8 0 93 32 0.006193 2
32 8 0 94 35 0.008114 2
32 8 0 95 27 0.004821 2
32 8 0 96 36 0.007039 2
32 8 0 97 34 0.006967 2
32 8 0 98 38 0.010262 2
32 8 0 99 37 0.008811 2
