4 1 - 0 - 0.02347753332772603 0.02205545701629793 0 1 0
4 1 - 1 - 0.02651644666912034 0.025705820027117927 0 1 0
4 1 - 2 - 0.02941094465010489 0.02634829767824461 0 1 0
4 1 - 3 - 0.026935069666554533 0.025322035343075793 0 1 0
4 1 - 4 - 0.024830413982272148 0.023693226336035877 0 1 0
4 1 - 5 - 0.028479708669086296 0.027719676378183067 0 1 0
4 1 - 6 - 0.025148869026452303 0.02287350600818172 0 1 0
4 1 - 7 - 0.026416623344024025 0.025550046334198367 0 1 0
4 1 - 8 - 0.02645165966047595 0.025497215702974547 0 1 0
4 1 - 9 - 0.02724826733659332 0.025528594676870853 0 1 0
4 1 - 10 - 0.02838434734925007 0.027202304336242378 0 1 0
4 1 - 11 - 0.02310687833232805 0.021624505325841405 0 1 0
4 1 - 12 - 0.03158739700059717 0.03084555730068435 0 1 0
4 1 - 13 - 0.02854460266341145 0.02689831234359493 0 1 0
4 1 - 14 - 0.02696039898243422 0.025541908670372017 0 1 0
4 1 - 15 - 0.027670672357392807 0.02632540000680213 0 1 0
4 1 - 16 - 0.02828624235310902 0.026805987018936623 0 1 0
4 1 - 17 - 0.023005353674913447 0.02241392565580706 0 1 0
4 1 - 18 - 0.025211405319472156 0.023881202000969402 0 1 0
4 1 - 19 - 0.026748050663930673 0.025805406020178147 0 1 0
4 1 - 20 - 0.02454209634258101 0.02370365901151672 0 1 0
4 1 - 21 - 0.02399056765716523 0.022587394632864743 0 1 0
4 1 - 22 - 0.028839934326242656 0.026874170017739136 0 1 0
4 1 - 23 - 0.027078533661551774 0.02577770932111889 0 1 0
4 1 - 24 - 0.02654386135206247 0.024913936348942418 0 1 0
4 1 - 25 - 0.02932179335039109 0.026811426369628556 0 1 0
4 1 - 26 - 0.02864993932113672 0.0269911449868232 0 1 0
4 1 - 27 - 0.029346500678608816 0.027686245332006365 0 1 0
4 1 - 28 - 0.029128088305393856 0.027990477974526584 0 1 0
4 1 - 29 - 0.02858778399725755 0.02739547666472693 0 1 0
4 1 - 30 - 0.02974481669176991 0.03040586633142084 0 1 0
4 1 - 31 - 0.02896986067450295 0.026736041996628046 0 1 0
4 1 - 32 - 0.028311794662537672 0.02756689500529319 0 1 0
4 1 - 33 - 0.027703750335300963 0.026672110330158223 0 1 0
4 1 - 34 - 0.02843601369143774 0.027633984670198213 0 1 0
4 1 - 35 - 0.02716346801025793 0.02390065098491808 0 1 0
4 1 - 36 - 0.029948583008566253 0.028912164348488055 0 1 0
4 1 - 37 - 0.027758274654236935 0.026558962689402204 0 1 0
4 1 - 38 - 0.026459994667675346 0.028224304007987183 0 1 0
4 1 - 39 - 0.025198874335425597 0.022292924016558874 0 1 0
4 1 - 40 - 0.030165865978536505 0.028686612010157354 0 1 0
4 1 - 41 - 0.023108002671506256 0.021156979996400576 0 1 0
4 1 - 42 - 0.027051480021327734 0.026612943639823545 0 1 0
4 1 - 43 - 0.02527687665618335 0.024756067665293813 0 1 0
4 1 - 44 - 0.027098471007775515 0.025247062323614955 0 1 0
4 1 - 45 - 0.028570783343942214 0.02757864233960087 0 1 0
4 1 - 46 - 0.026630184651973348 0.02525521665423488 0 1 0
4 1 - 47 - 0.024874204323471837 0.023748899324952315 0 1 0
4 1 - 48 - 0.02703406799507017 0.02607931332507481 0 1 0
4 1 - 49 - 0.03339375031646341 0.0327056663033242 0 1 0
4 1 - 50 - 0.025650338657821216 0.023002462675018855 0 1 0
4 1 - 51 - 0.027935205667745322 0.02549099363386631 0 1 0
4 1 - 52 - 0.023106352988785755 0.021202903337931883 0 1 0
4 1 - 53 - 0.028289911337196827 0.02720300731016323 0 1 0
4 1 - 54 - 0.023430765664670616 0.02151290302087242 0 1 0
4 1 - 55 - 0.025792111351620406 0.023433232679963112 0 1 0
4 1 - 56 - 0.029049839649815112 0.02755142368065814 0 1 0
4 1 - 57 - 0.024930749321356416 0.023742204978285976 0 1 0
4 1 - 58 - 0.03062524867709726 0.029079767312699307 0 1 0
4 1 - 59 - 0.02894977101823315 0.027642509007516008 0 1 0
4 1 - 60 - 0.02486856433097273 0.023794696666300297 0 1 0
4 1 - 61 - 0.026971917347206425 0.026536874977561336 0 1 0
4 1 - 62 - 0.02314574566359321 0.021146895034083475 0 1 0
4 1 - 63 - 0.02479090465931222 0.02368092864829426 0 1 0
4 1 - 64 - 0.025171862662925076 0.023475940358669806 0 1 0
4 1 - 65 - 0.024536940676625818 0.023051436311410118 0 1 0
4 1 - 66 - 0.030391453687722485 0.030629746014407527 0 1 0
4 1 - 67 - 0.02632056401732067 0.02519636502256617 0 1 0
4 1 - 68 - 0.024723369647593547 0.02287380932830274 0 1 0
4 1 - 69 - 0.030853910003012668 0.028620012356744457 0 1 0
4 1 - 70 - 0.02832456099955986 0.026934435358271003 0 1 0
4 1 - 71 - 0.028461501332155116 0.027158883633092046 0 1 0
4 1 - 72 - 0.02557320132230719 0.023605028341989964 0 1 0
4 1 - 73 - 0.02609156268105532 0.026397840682572376 0 1 0
4 1 - 74 - 0.026879891326340537 0.025800787669140846 0 1 0
4 1 - 75 - 0.02522179001243785 0.024496611013698082 0 1 0
4 1 - 76 - 0.02918259263969958 0.028835363336838782 0 1 0
4 1 - 77 - 0.028486714349128306 0.027226424659602344 0 1 0
4 1 - 78 - 0.024853888006570436 0.02471960469847545 0 1 0
4 1 - 79 - 0.0283028693520464 0.026559154328424484 0 1 0
4 1 - 80 - 0.028611539009337623 0.02690938563318923 0 1 0
4 1 - 81 - 0.027802359332175303 0.02672825297728802 0 1 0
4 1 - 82 - 0.025656124324693032 0.02359396335668862 0 1 0
4 1 - 83 - 0.026797676672382902 0.02573620101126532 0 1 0
4 1 - 84 - 0.023374859670487542 0.022139187688784052 0 1 0
4 1 - 85 - 0.02822703666364153 0.02599720369714002 0 1 0
4 1 - 86 - 0.03055735632854824 0.030351933324709535 0 1 0
4 1 - 87 - 0.026198762352578342 0.025619345678326987 0 1 0
4 1 - 88 - 0.02646754732510696 0.02528524866405254 0 1 0
4 1 - 89 - 0.025052332028280944 0.024786736680349957 0 1 0
4 1 - 90 - 0.029119813989382237 0.027077085978817195 0 1 0
4 1 - 91 - 0.02893008035607636 0.027095215977169573 0 1 0
4 1 - 92 - 0.02673716831486672 0.025451778996891033 0 1 0
4 1 - 93 - 0.02710785297676921 0.02626114833401516 0 1 0
4 1 - 94 - 0.02463080734014511 0.023119704991889495 0 1 0
4 1 - 95 - 0.02831517033822214 0.028320957014026742 0 1 0
4 1 - 96 - 0.028518662011871736 0.02755739735827471 0 1 0
4 1 - 97 - 0.024794606356105458 0.02341578301275149 0 1 0
4 1 - 98 - 0.02446627467482661 0.023221610327406477 0 1 0
4 1 - 99 - 0.026996844331733882 0.02546716167125851 0 1 0
4 2 - 0 - 0.024516126315575093 0.025366378346613296 0 1 0
4 2 - 1 - 0.02815746999112889 0.026942141664524875 0 1 0
4 2 - 2 - 0.029275749674222123 0.02679433762871971 0 1 0
4 2 - 3 - 0.028616596672994394 0.02885034166198845 0 1 0
4 2 - 4 - 0.026066868003302563 0.02708865366488074 0 1 0
4 2 - 5 - 0.02983595665621882 0.029804495667728286 0 1 0
4 2 - 6 - 0.026504942002551008 0.02504561529106771 0 1 0
4 2 - 7 - 0.029863705004875857 0.028342368993132066 0 1 0
4 2 - 8 - 0.027983028655095644 0.028029221672719963 0 1 0
4 2 - 9 - 0.029013862328914303 0.028905559661022078 0 1 0
4 2 - 10 - 0.03052483966651683 0.030462924662667014 0 1 0
4 2 - 11 - 0.02505107866212105 0.023529902333393693 0 1 0
4 2 - 12 - 0.03435385599732399 0.03312602831283584 0 1 0
4 2 - 13 - 0.03181435835237304 0.031088868350101013 0 1 0
4 2 - 14 - 0.02848506934242323 0.027793799003120512 0 1 0
4 2 - 15 - 0.028839954640716314 0.02751364865495513 0 1 0
4 2 - 16 - 0.030666075666279845 0.029573569307103753 0 1 0
4 2 - 17 - 0.024531172316831846 0.02358375567321976 0 1 0
4 2 - 18 - 0.02686237732026105 0.027350015356205404 0 1 0
4 2 - 19 - 0.028995558018020045 0.027317533968016505 0 1 0
4 2 - 20 - 0.026193876673157014 0.025892296670159944 0 1 0
4 2 - 21 - 0.02495434699812904 0.02413754366959135 0 1 0
4 2 - 22 - 0.029955533682368696 0.029182977004287146 0 1 0
4 2 - 23 - 0.029452062658189487 0.027669572038576007 0 1 0
4 2 - 24 - 0.028477006999310106 0.028774901991710067 0 1 0
4 2 - 25 - 0.030087550655783467 0.029507344317001603 0 1 0
4 2 - 26 - 0.030512371643756826 0.028962377672238897 0 1 0
4 2 - 27 - 0.030668008665088564 0.02915585566855346 0 1 0
4 2 - 28 - 0.030229200317990035 0.02875879364243398 0 1 0
4 2 - 29 - 0.03013249133558323 0.030015645005429782 0 1 0
4 2 - 30 - 0.03073388799869766 0.03507313198254754 0 1 0
4 2 - 31 - 0.03034420235780999 0.029036748339422047 0 1 0
4 2 - 32 - 0.03084916565179204 0.028871358663309366 0 1 0
4 2 - 33 - 0.028308960997189086 0.027549022692255676 0 1 0
4 2 - 34 - 0.030341479345224798 0.03045028232736513 0 1 0
4 2 - 35 - 0.027947855667055894 0.02468521163488428 0 1 0
4 2 - 36 - 0.03169502298502873 0.030361769313458353 0 1 0
4 2 - 37 - 0.028163449993977945 0.02810248100043585 0 1 0
4 2 - 38 - 0.028074252671406914 0.0272374526442339 0 1 0
4 2 - 39 - 0.026109952693028998 0.02385056536877528 0 1 0
4 2 - 40 - 0.03182550267471621 0.031171753633922588 0 1 0
4 2 - 41 - 0.025130001343010612 0.02397716965060681 0 1 0
4 2 - 42 - 0.02808515098877251 0.028174724041794736 0 1 0
4 2 - 43 - 0.02689005135713766 0.025332215649541467 0 1 0
4 2 - 44 - 0.028945780689051993 0.027623495319858193 0 1 0
4 2 - 45 - 0.030363133332381647 0.029524234666799508 0 1 0
4 2 - 46 - 0.028189625998493284 0.027997405307057004 0 1 0
4 2 - 47 - 0.02623328799381852 0.024835512371889003 0 1 0
4 2 - 48 - 0.027775971354761474 0.02707221298866595 0 1 0
4 2 - 49 - 0.03441646066494286 0.03175666666356847 0 1 0
4 2 - 50 - 0.026326780673116446 0.026444927653453004 0 1 0
4 2 - 51 - 0.028575788989352684 0.025548867958908282 0 1 0
4 2 - 52 - 0.024658685996352382 0.024255918668738254 0 1 0
4 2 - 53 - 0.030024191655684263 0.02906008093850687 0 1 0
4 2 - 54 - 0.024766473642860852 0.023935252664765965 0 1 0
4 2 - 55 - 0.026647517341189086 0.02650090099389975 0 1 0
4 2 - 56 - 0.030189422657713294 0.02944768402570238 0 1 0
4 2 - 57 - 0.026663955320448924 0.025345312683687855 0 1 0
4 2 - 58 - 0.03146799667350327 0.0311382239839683 0 1 0
4 2 - 59 - 0.03045449764855827 0.030578679346945137 0 1 0
4 2 - 60 - 0.02646757800054426 0.025537675654049963 0 1 0
4 2 - 61 - 0.028754532007345308 0.027715758672760177 0 1 0
4 2 - 62 - 0.02454598599191134 0.024743361320967473 0 1 0
4 2 - 63 - 0.026446882674160104 0.02538587135495618 0 1 0
4 2 - 64 - 0.026608322999284912 0.025663714002196986 0 1 0
4 2 - 65 - 0.026164980663452297 0.026157374357959878 0 1 0
4 2 - 66 - 0.0321913636677588 0.030663477315101773 0 1 0
4 2 - 67 - 0.027196415001526475 0.02678610966540873 0 1 0
4 2 - 68 - 0.026413377665448934 0.026527559365301084 0 1 0
4 2 - 69 - 0.03173133534922575 0.03156400132381047 0 1 0
4 2 - 70 - 0.030498124988904845 0.031600879350056246 0 1 0
4 2 - 71 - 0.030244366343443595 0.029693646007217467 0 1 0
4 2 - 72 - 0.026348791318014264 0.025803720675564062 0 1 0
4 2 - 73 - 0.027251608669757843 0.03198326831140245 0 1 0
4 2 - 74 - 0.028548327332828194 0.027800437703263015 0 1 0
4 2 - 75 - 0.026022366345083963 0.025374363642185926 0 1 0
4 2 - 76 - 0.03329898865194991 0.03574103334297737 0 1 0
4 2 - 77 - 0.029869097323777776 0.029408126681422193 0 1 0
4 2 - 78 - 0.026721597998403013 0.02591704334675645 0 1 0
4 2 - 79 - 0.030155096338906638 0.03025641835605105 0 1 0
4 2 - 80 - 0.02980685030343011 0.02863691033174594 0 1 0
4 2 - 81 - 0.029683624336030334 0.02940398866000275 0 1 0
4 2 - 82 - 0.026992705340186753 0.026871773356106132 0 1 0
4 2 - 83 - 0.029574314675604303 0.02815545934330051 0 1 0
4 2 - 84 - 0.02535398133719961 0.024302189607017983 0 1 0
4 2 - 85 - 0.028075057004267972 0.027224553341511637 0 1 0
4 2 - 86 - 0.03281674935715273 0.0342321649659425 0 1 0
4 2 - 87 - 0.028584840649273247 0.026459569712945573 0 1 0
4 2 - 88 - 0.028574675670824945 0.027695842009658616 0 1 0
4 2 - 89 - 0.026749938338374097 0.026142085320316255 0 1 0
4 2 - 90 - 0.03057459866007169 0.029534512335279334 0 1 0
4 2 - 91 - 0.030622954305727035 0.03345540767380347 0 1 0
4 2 - 92 - 0.028199029329698533 0.02763766364660114 0 1 0
4 2 - 93 - 0.0287800813287807 0.02791684929979965 0 1 0
4 2 - 94 - 0.02688281302107498 0.025687034998554736 0 1 0
4 2 - 95 - 0.02933587667454655 0.028717357684702925 0 1 0
4 2 - 96 - 0.029951497330330312 0.029001249640714377 0 1 0
4 2 - 97 - 0.0258527416541862 0.025054280005861074 0 1 0
4 2 - 98 - 0.026437066340198122 0.025815218667654943 0 1 0
4 2 - 99 - 0.029140233993530273 0.02816466164464752 0 1 0
4 4 - 0 - 0.027437308667382847 0.028124961982636403 0 1 0
4 4 - 1 - 0.03111479035578668 0.029637196644519765 0 1 0
4 4 - 2 - 0.03109856266140317 0.029719716675269108 0 1 0
4 4 - 3 - 0.03213197132572532 0.03076616234223669 0 1 0
4 4 - 4 - 0.02897947031306103 0.027724363006806623 0 1 0
4 4 - 5 - 0.03274491633055732 0.032939524350998305 0 1 0
4 4 - 6 - 0.02939972166980927 0.030258104651390266 0 1 0
4 4 - 7 - 0.031155764668559034 0.03145521632783736 0 1 0
4 4 - 8 - 0.03033385534460346 0.029905132988157373 0 1 0
4 4 - 9 - 0.0315808656741865 0.03050391368257503 0 1 0
4 4 - 10 - 0.03264234032637129 0.03227289764132971 0 1 0
4 4 - 11 - 0.027762522649330396 0.02659671033810203 0 1 0
4 4 - 12 - 0.03490404268571486 0.036250361668256424 0 1 0
4 4 - 13 - 0.03343657598209878 0.03305021200018625 0 1 0
4 4 - 14 - 0.03102618399619435 0.030463914309317865 0 1 0
4 4 - 15 - 0.031082208656395476 0.029858541345068563 0 1 0
4 4 - 16 - 0.032905160333029926 0.0318993583205156 0 1 0
4 4 - 17 - 0.026868299988564104 0.026340274683510263 0 1 0
4 4 - 18 - 0.029015195342556883 0.029118942698308576 0 1 0
4 4 - 19 - 0.03161497198743746 0.03281474431666235 0 1 0
4 4 - 20 - 0.0294188199720035 0.029447545666092385 0 1 0
4 4 - 21 - 0.028208736000427354 0.026769838645122945 0 1 0
4 4 - 22 - 0.03273417065308119 0.03304507963669797 0 1 0
4 4 - 23 - 0.031065535343562562 0.030480147649844486 0 1 0
4 4 - 24 - 0.03141166533653934 0.029892380349338055 0 1 0
4 4 - 25 - 0.032495379991208516 0.03149369968256603 0 1 0
4 4 - 26 - 0.03252798369309554 0.03297002935626854 0 1 0
4 4 - 27 - 0.03288881934713572 0.03236098833925401 0 1 0
4 4 - 28 - 0.033436800993513316 0.03126856533344835 0 1 0
4 4 - 29 - 0.03310383200490226 0.03227358598572512 0 1 0
4 4 - 30 - 0.033435017995846764 0.0364824310139132 0 1 0
4 4 - 31 - 0.03291522531071678 0.031824578026620046 0 1 0
4 4 - 32 - 0.03282616797757024 0.031786055342915155 0 1 0
4 4 - 33 - 0.0305280876539958 0.030942581322354574 0 1 0
4 4 - 34 - 0.03324799967231229 0.03334098598376538 0 1 0
4 4 - 35 - 0.03108126031778132 0.027609508329381548 0 1 0
4 4 - 36 - 0.034629026330852256 0.03409515369761114 0 1 0
4 4 - 37 - 0.032094131999959544 0.029926989343948662 0 1 0
4 4 - 38 - 0.03142972866771743 0.0317041736561805 0 1 0
4 4 - 39 - 0.029052385982746877 0.02649463633618628 0 1 0
4 4 - 40 - 0.034496105334255844 0.034075858983366444 0 1 0
4 4 - 41 - 0.027070581990604598 0.026349063671659678 0 1 0
4 4 - 42 - 0.03078668867237866 0.029420803650282323 0 1 0
4 4 - 43 - 0.029219216337272275 0.029217155669660617 0 1 0
4 4 - 44 - 0.03144763398449868 0.030925502360332757 0 1 0
4 4 - 45 - 0.03270536432197939 0.033165352341408535 0 1 0
4 4 - 46 - 0.03262046064871053 0.03120084832577656 0 1 0
4 4 - 47 - 0.028747633021945756 0.027543632003168266 0 1 0
4 4 - 48 - 0.031111431676739205 0.03007066430291161 0 1 0
4 4 - 49 - 0.03601404033058012 0.035010965987263866 0 1 0
4 4 - 50 - 0.029558003666655473 0.027761122347631804 0 1 0
4 4 - 51 - 0.030741785342494644 0.027230790020742763 0 1 0
4 4 - 52 - 0.02788465367242073 0.026787917032682646 0 1 0
4 4 - 53 - 0.03360981800748656 0.03287745065366228 0 1 0
4 4 - 54 - 0.02704562103220572 0.02631085631825651 0 1 0
4 4 - 55 - 0.028693214679757755 0.02762657997664064 0 1 0
4 4 - 56 - 0.032850373982607074 0.032984840664236494 0 1 0
4 4 - 57 - 0.028734929646210123 0.027318792010191828 0 1 0
4 4 - 58 - 0.03462391466988871 0.03537930730575075 0 1 0
4 4 - 59 - 0.03291533367397884 0.033773663317939885 0 1 0
4 4 - 60 - 0.02958455701203396 0.028536832658573985 0 1 0
4 4 - 61 - 0.03121393300049628 0.03136662867230673 0 1 0
4 4 - 62 - 0.027393122009622555 0.02708522502022485 0 1 0
4 4 - 63 - 0.03023819567169994 0.028085723344702274 0 1 0
4 4 - 64 - 0.028556095649643492 0.027970391015211742 0 1 0
4 4 - 65 - 0.028698727992984157 0.02750531469549363 0 1 0
4 4 - 66 - 0.035496219992637634 0.03419762230866278 0 1 0
4 4 - 67 - 0.030384582680805277 0.02753706732376789 0 1 0
4 4 - 68 - 0.028674697988511376 0.027279867324978113 0 1 0
4 4 - 69 - 0.03405163898908844 0.03328156834080195 0 1 0
4 4 - 70 - 0.033094547009871654 0.032471274297373995 0 1 0
4 4 - 71 - 0.032959234687344484 0.031767155684065074 0 1 0
4 4 - 72 - 0.028717327668952446 0.0283824130310677 0 1 0
4 4 - 73 - 0.030016171978786588 0.03279939800268039 0 1 0
4 4 - 74 - 0.031232945000131924 0.03223255100116755 0 1 0
4 4 - 75 - 0.02878556268600126 0.029405002327015 0 1 0
4 4 - 76 - 0.0334919790038839 0.035024363663978875 0 1 0
4 4 - 77 - 0.032630654342938215 0.031547561675931014 0 1 0
4 4 - 78 - 0.030086623000291485 0.027432100362299632 0 1 0
4 4 - 79 - 0.03294008933395768 0.03250773932086304 0 1 0
4 4 - 80 - 0.03319194798435395 0.03184274999269595 0 1 0
4 4 - 81 - 0.031819800671655685 0.03213915564507867 0 1 0
4 4 - 82 - 0.028716325662874926 0.028461736025443923 0 1 0
4 4 - 83 - 0.031197825989996392 0.03038989401344831 0 1 0
4 4 - 84 - 0.027333867697355647 0.026627729025979836 0 1 0
4 4 - 85 - 0.03081123230125134 0.030647294343604397 0 1 0
4 4 - 86 - 0.03511968600408485 0.036653709345652416 0 1 0
4 4 - 87 - 0.030641151339902233 0.029549009011437494 0 1 0
4 4 - 88 - 0.03197764032908405 0.030560072336811572 0 1 0
4 4 - 89 - 0.02928331868800645 0.03034174801238502 0 1 0
4 4 - 90 - 0.03271634265547618 0.03148904702781389 0 1 0
4 4 - 91 - 0.03222119701482976 0.03297214299285164 0 1 0
4 4 - 92 - 0.0313517059936809 0.03047871067731952 0 1 0
4 4 - 93 - 0.03253454734416058 0.029706511995755136 0 1 0
4 4 - 94 - 0.02916831331094727 0.0275581733440049 0 1 0
4 4 - 95 - 0.031960529993133 0.03277967268756281 0 1 0
4 4 - 96 - 0.03273579998252292 0.031770397268701345 0 1 0
4 4 - 97 - 0.028752091321318098 0.02841776832550143 0 1 0
4 4 - 98 - 0.02929621832057213 0.02802508167224005 0 1 0
4 4 - 99 - 0.03152089067346727 0.03004487865837291 0 1 0
8 1 - 0 - 0.08269733167253435 0.082889417031159 0 1 0
8 1 - 1 - 0.08024248533183709 0.07687087999268745 0 1 0
8 1 - 2 - 0.08399544435087591 0.08141566130022208 0 1 0
8 1 - 3 - 0.08126722334418446 0.08034975302871317 0 1 0
8 1 - 4 - 0.0742022613218675 0.07071985533305754 0 1 0
8 1 - 5 - 0.0684546913447169 0.06526819601034126 0 1 0
8 1 - 6 - 0.08523104268048579 0.08262885132959732 0 1 0
8 1 - 7 - 0.07518273366925617 0.07207935435386995 0 1 0
8 1 - 8 - 0.07285164166629936 0.0707333783308665 0 1 0
8 1 - 9 - 0.07386974565451965 0.07084852166008204 0 1 0
8 1 - 10 - 0.08336707635316998 0.07817722298204899 0 1 0
8 1 - 11 - 0.07497010665247217 0.07301615599620466 0 1 0
8 1 - 12 - 0.09026647333909447 0.09078473865520209 0 1 0
8 1 - 13 - 0.09384357698339348 0.09841442533070222 0 1 0
8 1 - 14 - 0.08218645065790042 0.07782145135570318 0 1 0
8 1 - 15 - 0.08420316331709425 0.0809464526634353 0 1 0
8 1 - 16 - 0.07679843731845418 0.07467971367683882 0 1 0
8 1 - 17 - 0.08783083065645769 0.08970654367779692 0 1 0
8 1 - 18 - 0.08157091768225655 0.08300153435751174 0 1 0
8 1 - 19 - 0.07877462399968256 0.0834017816814594 0 1 0
8 1 - 20 - 0.08438884265099963 0.08627875265665352 0 1 0
8 1 - 21 - 0.07598815497476608 0.07498706330079585 0 1 0
8 1 - 22 - 0.0842099713239198 0.08596689933134864 0 1 0
8 1 - 23 - 0.08453762731126821 0.08346948231337592 0 1 0
8 1 - 24 - 0.076118101986746 0.08491184597369283 0 1 0
8 1 - 25 - 0.08432392566464841 0.08151664534428467 0 1 0
8 1 - 26 - 0.08446344865175585 0.08290384834011395 0 1 0
8 1 - 27 - 0.08978820931709681 0.08661885598363975 0 1 0
8 1 - 28 - 0.08987613967231786 0.08629866902871679 0 1 0
8 1 - 29 - 0.08570888099105407 0.09059188701212406 0 1 0
8 1 - 30 - 0.08881834032945335 0.08601022331276909 0 1 0
8 1 - 31 - 0.08986505534267053 0.08595121269657587 0 1 0
8 1 - 32 - 0.07518037899474923 0.0715193116532949 0 1 0
8 1 - 33 - 0.07855960965389386 0.07687661238014698 0 1 0
8 1 - 34 - 0.08807053067721426 0.08197942669115339 0 1 0
8 1 - 35 - 0.07440598101432745 0.06940120200548942 0 1 0
8 1 - 36 - 0.0917756543494761 0.08831107734780137 0 1 0
8 1 - 37 - 0.08212662868512173 0.07736312229341516 0 1 0
8 1 - 38 - 0.08856311566584434 0.08587558600508298 0 1 0
8 1 - 39 - 0.0908345403149724 0.09460624901112169 0 1 0
8 1 - 40 - 0.07639628103546177 0.07084761201015984 0 1 0
8 1 - 41 - 0.07178231165744364 0.07068168501912926 0 1 0
8 1 - 42 - 0.08068308300183465 0.07450694032013416 0 1 0
8 1 - 43 - 0.09529207031785822 0.0887545436465492 0 1 0
8 1 - 44 - 0.08379866068329041 0.08594912263409545 0 1 0
8 1 - 45 - 0.08258155865284304 0.08125277135210733 0 1 0
8 1 - 46 - 0.09493672067765146 0.09296736534452066 0 1 0
8 1 - 47 - 0.07385469398771723 0.07191360966923337 0 1 0
8 1 - 48 - 0.07770635399113719 0.07387346698669717 0 1 0
8 1 - 49 - 0.07818279368802905 0.07545369199942797 0 1 0
8 1 - 50 - 0.09226720700583732 0.09129860166770717 0 1 0
8 1 - 51 - 0.09300635801628232 0.09186357830185443 0 1 0
8 1 - 52 - 0.09928808865758279 0.10480456933146343 0 1 0
8 1 - 53 - 0.08703777467599139 0.08588980299343045 0 1 0
8 1 - 54 - 0.07831995363812894 0.07485402965297301 0 1 0
8 1 - 55 - 0.07981593767181039 0.07461290300125256 0 1 0
8 1 - 56 - 0.07698998536216095 0.07480193565910061 0 1 0
8 1 - 57 - 0.08964628834898272 0.08934204534549886 0 1 0
8 1 - 58 - 0.09117097630708788 0.09094350199059893 0 1 0
8 1 - 59 - 0.08758615335682407 0.08317424333654344 0 1 0
8 1 - 60 - 0.09109112399164587 0.09316564799519256 0 1 0
8 1 - 61 - 0.08548500367517893 0.08160753032037367 0 1 0
8 1 - 62 - 0.07819128531264141 0.0747497666743584 0 1 0
8 1 - 63 - 0.08296760734325896 0.08546169465019679 0 1 0
8 1 - 64 - 0.09076605166774243 0.08833335667926197 0 1 0
8 1 - 65 - 0.08475792068444812 0.08359628999217723 0 1 0
8 1 - 66 - 0.081060185659832 0.07517802732763812 0 1 0
8 1 - 67 - 0.0903945080159853 0.09430511532506596 0 1 0
8 1 - 68 - 0.09141108234568189 0.0928142573296403 0 1 0
8 1 - 69 - 0.08623745234217495 0.08693341800244525 0 1 0
8 1 - 70 - 0.081663807000344 0.08543672432036449 0 1 0
8 1 - 71 - 0.08341446233680472 0.08176290199238186 0 1 0
8 1 - 72 - 0.0914430320262909 0.09343181965717424 0 1 0
8 1 - 73 - 0.08836561866337433 0.08716327198393022 0 1 0
8 1 - 74 - 0.07519680531307434 0.07264068334673841 0 1 0
8 1 - 75 - 0.08231053633304934 0.07923238501340772 0 1 0
8 1 - 76 - 0.09001663466915488 0.09072318834175046 0 1 0
8 1 - 77 - 0.08766869864969824 0.1111689226818271 0 1 0
8 1 - 78 - 0.07759828735530996 0.07675349231188495 0 1 0
8 1 - 79 - 0.07951264298753813 0.06958857803450276 0 1 0
8 1 - 80 - 0.09365793234125401 0.09310040134005249 0 1 0
8 1 - 81 - 0.08796682100122173 0.08363161364104599 0 1 0
8 1 - 82 - 0.08524549436212207 0.08073819170628364 0 1 0
8 1 - 83 - 0.07880085134335484 0.07513650237039353 0 1 0
8 1 - 84 - 0.0782208939975438 0.07667773469196011 0 1 0
8 1 - 85 - 0.08510263299103826 0.08247465566576768 0 1 0
8 1 - 86 - 0.08082280932770422 0.07848930863353114 0 1 0
8 1 - 87 - 0.07907524668068315 0.07592724065762013 0 1 0
8 1 - 88 - 0.08186277999387433 0.07909986867646997 0 1 0
8 1 - 89 - 0.08724500531873976 0.08233435900183395 0 1 0
8 1 - 90 - 0.09042168100131676 0.09112505667144433 0 1 0
8 1 - 91 - 0.07841587767082578 0.0789865916594863 0 1 0
8 1 - 92 - 0.0860187323220695 0.08678723231423646 0 1 0
8 1 - 93 - 0.07602811234149462 0.07221039929815258 0 1 0
8 1 - 94 - 0.08639259898336604 0.09579402002661179 0 1 0
8 1 - 95 - 0.09079560569565122 0.089877652314802 0 1 0
8 1 - 96 - 0.07475383201381192 0.07250079101261994 0 1 0
8 1 - 97 - 0.08552684931783006 0.08435815700795501 0 1 0
8 1 - 98 - 0.092990174346293 0.09490564632384726 0 1 0
8 1 - 99 - 0.08049071566589798 0.07832963768548022 0 1 0
8 2 - 0 - 0.08761441635821636 0.10846789967035875 0 1 0
8 2 - 1 - 0.08786847465671599 0.0941226506838575 0 1 0
8 2 - 2 - 0.08863465132890269 0.09383047201360266 0 1 0
8 2 - 3 - 0.08493864967022091 0.09198468069856366 0 1 0
8 2 - 4 - 0.07782432865739489 0.07707845803815871 0 1 0
8 2 - 5 - 0.07345746833986293 0.08326643101948625 0 1 0
8 2 - 6 - 0.0912684603439023 0.0860934813390486 0 1 0
8 2 - 7 - 0.07859524465554082 0.07840994795939574 0 1 0
8 2 - 8 - 0.0758314953224423 0.08391838132714231 0 1 0
8 2 - 9 - 0.07905485401473318 0.09772038067846248 0 1 0
8 2 - 10 - 0.0863188043391953 0.08278288663132116 0 1 0
8 2 - 11 - 0.07666437966205801 0.09156307236601909 0 1 0
8 2 - 12 - 0.09224162632987523 0.12245577531090626 0 1 0
8 2 - 13 - 0.09897383901989087 0.10336834266005704 0 1 0
8 2 - 14 - 0.0849254199808153 0.08190824101135756 0 1 0
8 2 - 15 - 0.09083639568416402 0.08851347335924704 0 1 0
8 2 - 16 - 0.08339085767511278 0.10263751165863746 0 1 0
8 2 - 17 - 0.09996017899053793 0.1080099840182811 0 1 0
8 2 - 18 - 0.08412954434364414 0.08874289769058427 0 1 0
8 2 - 19 - 0.0958329086812834 0.07861997767273958 0 1 0
8 2 - 20 - 0.08751916699111462 0.08615031332010403 0 1 0
8 2 - 21 - 0.07970159832620993 0.07529910432640463 0 1 0
8 2 - 22 - 0.09000992602280651 0.09389585235233729 0 1 0
8 2 - 23 - 0.08914636133704334 0.10740462498506531 0 1 0
8 2 - 24 - 0.08616997765299554 0.09741443366510794 0 1 0
8 2 - 25 - 0.08813100601158416 0.08588402832780655 0 1 0
8 2 - 26 - 0.08778115134919062 0.08598447998519987 0 1 0
8 2 - 27 - 0.09498942631762475 0.09360584998891378 0 1 0
8 2 - 28 - 0.09211455801657091 0.10056369132750358 0 1 0
8 2 - 29 - 0.09297730934728558 0.09793447536261131 0 1 0
8 2 - 30 - 0.0915593243165252 0.10308120298820236 0 1 0
8 2 - 31 - 0.09973125701071694 0.0889603293617256 0 1 0
8 2 - 32 - 0.08009054063586518 0.09338251866089801 0 1 0
8 2 - 33 - 0.08190516299024846 0.09085523701893787 0 1 0
8 2 - 34 - 0.08818300464190543 0.09879709035158157 0 1 0
8 2 - 35 - 0.07429808700301994 0.08578545431373641 0 1 0
8 2 - 36 - 0.1009408423366646 0.10246547200949863 0 1 0
8 2 - 37 - 0.08465714063883448 0.1000094116704228 0 1 0
8 2 - 38 - 0.0939341673317055 0.09360614164810008 0 1 0
8 2 - 39 - 0.09699303501596053 0.09145984201071163 0 1 0
8 2 - 40 - 0.07833833032054827 0.07398205601687853 0 1 0
8 2 - 41 - 0.07657680132736762 0.08752913932160784 0 1 0
8 2 - 42 - 0.08191715198336169 0.08498504265056302 0 1 0
8 2 - 43 - 0.09817823868555328 0.09194440901046619 0 1 0
8 2 - 44 - 0.08733102331946915 0.11394339766896641 0 1 0
8 2 - 45 - 0.0939281010068953 0.10841053468175232 0 1 0
8 2 - 46 - 0.10274439700879157 0.09660802599197874 0 1 0
8 2 - 47 - 0.0766789639989535 0.08356887300033122 0 1 0
8 2 - 48 - 0.08012796866629894 0.08709466164388384 0 1 0
8 2 - 49 - 0.0824896763272894 0.07824223267380148 0 1 0
8 2 - 50 - 0.09525913599645719 0.10661546668658654 0 1 0
8 2 - 51 - 0.09688807969602445 0.10611366467007124 0 1 0
8 2 - 52 - 0.10451505401094133 0.1033511696732603 0 1 0
8 2 - 53 - 0.09384413170240198 0.09184926664844775 0 1 0
8 2 - 54 - 0.08253049233462662 0.12034233797263974 0 1 0
8 2 - 55 - 0.08229706164759895 0.10349024335543315 0 1 0
8 2 - 56 - 0.0805263066625533 0.1036418760001349 0 1 0
8 2 - 57 - 0.09008541701283926 0.089337565334669 0 1 0
8 2 - 58 - 0.09245960666642836 0.09431515294515218 0 1 0
8 2 - 59 - 0.08966422131440292 0.09428278432460502 0 1 0
8 2 - 60 - 0.09685633900032067 0.09497729401725033 0 1 0
8 2 - 61 - 0.08717509566728647 0.08790878233655046 0 1 0
8 2 - 62 - 0.080765863667087 0.07938246068079025 0 1 0
8 2 - 63 - 0.09481353935552761 0.1122696019980746 0 1 0
8 2 - 64 - 0.09492070534421752 0.11181152435407664 0 1 0
8 2 - 65 - 0.08838627997708197 0.09354933797537039 0 1 0
8 2 - 66 - 0.082927826345743 0.08834613797565302 0 1 0
8 2 - 67 - 0.09685467400898537 0.1122702620147417 0 1 0
8 2 - 68 - 0.1017600863512295 0.10835987965886792 0 1 0
8 2 - 69 - 0.09362473662865038 0.10504561998338129 0 1 0
8 2 - 70 - 0.0859240623540245 0.11643055867170915 0 1 0
8 2 - 71 - 0.08985392568865791 0.09698342335953687 0 1 0
8 2 - 72 - 0.0968199810013175 0.11195042597440381 0 1 0
8 2 - 73 - 0.09176976033874476 0.08974638701571772 0 1 0
8 2 - 74 - 0.0774131096744289 0.09557278603703405 0 1 0
8 2 - 75 - 0.08380695498393229 0.09901866330377138 0 1 0
8 2 - 76 - 0.0985844626557082 0.10395611768277982 0 1 0
8 2 - 77 - 0.09008786435394238 0.09684410266345367 0 1 0
8 2 - 78 - 0.08138318200750898 0.09398721401036407 0 1 0
8 2 - 79 - 0.07902467134408653 0.08526872633956373 0 1 0
8 2 - 80 - 0.10075097067359214 0.09798377199331298 0 1 0
8 2 - 81 - 0.09817333498115963 0.1114124510010394 0 1 0
8 2 - 82 - 0.08311155201712003 0.10500559800614914 0 1 0
8 2 - 83 - 0.08211127032215397 0.09497670066775754 0 1 0
8 2 - 84 - 0.08279937530945367 0.10102003166684881 0 1 0
8 2 - 85 - 0.08795924832035477 0.0858013656300803 0 1 0
8 2 - 86 - 0.08386477568031599 0.08802545565413311 0 1 0
8 2 - 87 - 0.08458978133664155 0.10461777196420977 0 1 0
8 2 - 88 - 0.08372071868507192 0.08449848168917622 0 1 0
8 2 - 89 - 0.08861240633996204 0.08543080700716625 0 1 0
8 2 - 90 - 0.09861457033548504 0.0986304260053051 0 1 0
8 2 - 91 - 0.08176213933620602 0.08051803797328223 0 1 0
8 2 - 92 - 0.08983090634380156 0.09224358767581482 0 1 0
8 2 - 93 - 0.07857673832525809 0.07235442200908437 0 1 0
8 2 - 94 - 0.09131130865231778 0.11669964399576808 0 1 0
8 2 - 95 - 0.09678080600375931 0.09957042066768433 0 1 0
8 2 - 96 - 0.07805564531978841 0.07512074899083625 0 1 0
8 2 - 97 - 0.09164376970147714 0.1055588203210694 0 1 0
8 2 - 98 - 0.09985373167243476 0.1460802006574037 0 1 0
8 2 - 99 - 0.08524297267043342 0.10582363498785223 0 1 0
8 4 - 0 - 0.0936896240261073 0.1752815136957603 0 1 0
8 4 - 1 - 0.09242083498975262 0.12520694763710102 0 1 0
8 4 - 2 - 0.09680418099742383 0.10631657834164798 0 1 0
8 4 - 3 - 0.09709715666637446 0.10430190867433946 0 1 0
8 4 - 4 - 0.08761302665031205 0.0865192726875345 0 1 0
8 4 - 5 - 0.08042981401861955 0.09427591467586656 0 1 0
8 4 - 6 - 0.09739867731695995 0.09793327834146717 0 1 0
8 4 - 7 - 0.09072296901528414 0.08806678233668208 0 1 0
8 4 - 8 - 0.08407118233541648 0.08848140866030008 0 1 0
8 4 - 9 - 0.0869862906401977 0.11188519870241484 0 1 0
8 4 - 10 - 0.09328028732367481 0.0973942736745812 0 1 0
8 4 - 11 - 0.08768925332697108 0.08788832570038115 0 1 0
8 4 - 12 - 0.10289059934439138 0.14542433196523538 0 1 0
8 4 - 13 - 0.1024567003090245 0.10948745134131362 0 1 0
8 4 - 14 - 0.09249247532958786 0.09098522231215611 0 1 0
8 4 - 15 - 0.09656791134815042 0.098101416331095 0 1 0
8 4 - 16 - 0.0949609976572295 0.0905319889813351 0 1 0
8 4 - 17 - 0.10277508732785161 0.1348727976825709 0 1 0
8 4 - 18 - 0.09671381502024208 0.0974482386567009 0 1 0
8 4 - 19 - 0.09283883167275539 0.15944178204517812 0 1 0
8 4 - 20 - 0.1016768086507606 0.10879220233376449 0 1 0
8 4 - 21 - 0.0884588843327947 0.1063438126584515 0 1 0
8 4 - 22 - 0.09711007434331502 0.09635038464330137 0 1 0
8 4 - 23 - 0.09629303998857115 0.11376742298792426 0 1 0
8 4 - 24 - 0.09022009797627106 0.14603588567115366 0 1 0
8 4 - 25 - 0.09502220801853885 0.09862313565099612 0 1 0
8 4 - 26 - 0.096765537338797 0.10931534966221079 0 1 0
8 4 - 27 - 0.1014098459854722 0.10434098696957032 0 1 0
8 4 - 28 - 0.10315038735279813 0.15520474966615438 0 1 0
8 4 - 29 - 0.09569087098740661 0.1304293863552933 0 1 0
8 4 - 30 - 0.10074289131443948 0.10560188797535375 0 1 0
8 4 - 31 - 0.10100472033567107 0.10359073467164612 0 1 0
8 4 - 32 - 0.08552319632144645 0.09375699295196682 0 1 0
8 4 - 33 - 0.08879656001226977 0.090123479332154 0 1 0
8 4 - 34 - 0.09714758863750224 0.09432062667716916 0 1 0
8 4 - 35 - 0.08171264668150495 0.14178634469863027 0 1 0
8 4 - 36 - 0.0978225243355458 0.13787960501698157 0 1 0
8 4 - 37 - 0.09636489032224442 0.11458157165907323 0 1 0
8 4 - 38 - 0.10075751668773592 0.11761458466450372 0 1 0
8 4 - 39 - 0.10203170134142663 0.1046427179632398 0 1 0
8 4 - 40 - 0.08636706533919399 0.08310844095346208 0 1 0
8 4 - 41 - 0.0844292919888782 0.08798488770844415 0 1 0
8 4 - 42 - 0.08986272100203982 0.09148888299629714 0 1 0
8 4 - 43 - 0.1047781546561358 0.11469220137223601 0 1 0
8 4 - 44 - 0.10049520964579037 0.13090110331540927 0 1 0
8 4 - 45 - 0.09283037532198553 0.15758357231970876 0 1 0
8 4 - 46 - 0.1092936920079713 0.13696638632488128 0 1 0
8 4 - 47 - 0.0853400903288275 0.08638460930281629 0 1 0
8 4 - 48 - 0.08920415801306565 0.08897693003139769 0 1 0
8 4 - 49 - 0.08993406630664444 0.09652487735729665 0 1 0
8 4 - 50 - 0.10322942233566816 0.14198138799595955 0 1 0
8 4 - 51 - 0.10576397166975463 0.1396069546462968 0 1 0
8 4 - 52 - 0.11562603131945556 0.1266048629962218 0 1 0
8 4 - 53 - 0.09965242034134765 0.11173841233054797 0 1 0
8 4 - 54 - 0.08764347633890186 0.1313122186693363 0 1 0
8 4 - 55 - 0.0910784913188157 0.09518696464753398 0 1 0
8 4 - 56 - 0.0897993740121213 0.08795379934599623 0 1 0
8 4 - 57 - 0.1008050516829826 0.10101996300121148 0 1 0
8 4 - 58 - 0.10055402365590757 0.10259712134332707 0 1 0
8 4 - 59 - 0.11218442131454746 0.10711989798195039 0 1 0
8 4 - 60 - 0.10216602401730293 0.10889802735376482 0 1 0
8 4 - 61 - 0.10012790162970002 0.1024017266657514 0 1 0
8 4 - 62 - 0.09005651467790206 0.08927264768863097 0 1 0
8 4 - 63 - 0.09539277900087957 0.10252036796494697 0 1 0
8 4 - 64 - 0.10291929865100731 0.10279210400767624 0 1 0
8 4 - 65 - 0.09642788236184667 0.09462188533507288 0 1 0
8 4 - 66 - 0.08936213434208184 0.15484969300450757 0 1 0
8 4 - 67 - 0.10360820265486836 0.10116866997365528 0 1 0
8 4 - 68 - 0.10634944031092648 0.1700257636839524 0 1 0
8 4 - 69 - 0.10082718532066792 0.12159132196878393 0 1 0
8 4 - 70 - 0.09794758766656741 0.13638290099333972 0 1 0
8 4 - 71 - 0.09689150267513469 0.10032957831087212 0 1 0
8 4 - 72 - 0.10622350233218943 0.1209291080206943 0 1 0
8 4 - 73 - 0.10140194466415171 0.10222335633200903 0 1 0
8 4 - 74 - 0.08655755933917438 0.09734943398507312 0 1 0
8 4 - 75 - 0.09406564134405926 0.09960424603195861 0 1 0
8 4 - 76 - 0.10733751700414966 0.11593850899953395 0 1 0
8 4 - 77 - 0.10052400264733781 0.17224315231821188 0 1 0
8 4 - 78 - 0.08820626465603709 0.08766118733910844 0 1 0
8 4 - 79 - 0.09114542566627884 0.09646374033764005 0 1 0
8 4 - 80 - 0.10669859102927148 0.11751885533643265 0 1 0
8 4 - 81 - 0.09224867766412595 0.1283113032889863 0 1 0
8 4 - 82 - 0.09177213534712791 0.12732407697088396 0 1 0
8 4 - 83 - 0.09336813133753216 0.1008693016289423 0 1 0
8 4 - 84 - 0.09108782734256238 0.09021739898404728 0 1 0
8 4 - 85 - 0.09809569700155407 0.09683284966740757 0 1 0
8 4 - 86 - 0.09116666668948406 0.09286852361401543 0 1 0
8 4 - 87 - 0.08943596268848826 0.0934704893346255 0 1 0
8 4 - 88 - 0.09478025999851525 0.09261045236295709 0 1 0
8 4 - 89 - 0.0983931513231558 0.13506686499264714 0 1 0
8 4 - 90 - 0.10230952932033688 0.12122163067882259 0 1 0
8 4 - 91 - 0.08769367734203115 0.1148631283431314 0 1 0
8 4 - 92 - 0.10334940270210306 0.10104875466398273 0 1 0
8 4 - 93 - 0.09077656732794519 0.09924216865329072 0 1 0
8 4 - 94 - 0.10139237433516732 0.13576538800649965 0 1 0
8 4 - 95 - 0.1046843373333104 0.12624884637383121 0 1 0
8 4 - 96 - 0.08497486932901666 0.0872818846643592 0 1 0
8 4 - 97 - 0.09969691699370742 0.15609615135084215 0 1 0
8 4 - 98 - 0.10628289199667051 0.18372411796978363 0 1 0
8 4 - 99 - 0.09366776898968965 0.09861206401061888 0 1 0
8 8 - 0 - 0.10394561335366839 0.16795250098221004 0 1 0
8 8 - 1 - 0.10310548999890064 0.1234789960241566 0 1 0
8 8 - 2 - 0.10540995465513939 0.11296684098973249 0 1 0
8 8 - 3 - 0.10136944734646629 0.10405591727855305 0 1 0
8 8 - 4 - 0.09123594899817059 0.09778368866924816 0 1 0
8 8 - 5 - 0.08784656399317707 0.10091444764596721 0 1 0
8 8 - 6 - 0.10723361501004547 0.11326730967266485 0 1 0
8 8 - 7 - 0.09465667232871056 0.1017650676658377 0 1 0
8 8 - 8 - 0.0907648706731076 0.10123101433661455 0 1 0
8 8 - 9 - 0.09690883398676911 0.09626268830227976 0 1 0
8 8 - 10 - 0.10330851100540409 0.10634456105375041 0 1 0
8 8 - 11 - 0.09694501563596228 0.09753506168878326 0 1 0
8 8 - 12 - 0.10796196269802749 0.17553738531811786 0 1 0
8 8 - 13 - 0.11327986867399886 0.1204116353377079 0 1 0
8 8 - 14 - 0.10352484899340197 0.11996598997696614 0 1 0
8 8 - 15 - 0.10829606066302708 0.1097303626787228 0 1 0
8 8 - 16 - 0.09778172499500215 0.10184780601412058 0 1 0
8 8 - 17 - 0.11076979868812487 0.15237472966934246 0 1 0
8 8 - 18 - 0.10279118999217947 0.10380648967111483 0 1 0
8 8 - 19 - 0.11272611300228164 0.15649576898431405 0 1 0
8 8 - 20 - 0.10587870432451987 0.1356371853228969 0 1 0
8 8 - 21 - 0.0957677083206363 0.1003970133412319 0 1 0
8 8 - 22 - 0.1065775030098545 0.1065843643154949 0 1 0
8 8 - 23 - 0.10696733999066055 0.11784475300616273 0 1 0
8 8 - 24 - 0.09733177601204564 0.13224117531596372 0 1 0
8 8 - 25 - 0.10775940764384966 0.10766211068645741 0 1 0
8 8 - 26 - 0.10473779633563632 0.10820390268539389 0 1 0
8 8 - 27 - 0.10670412832405418 0.15067740568580726 0 1 0
8 8 - 28 - 0.10686256334884092 0.1992287906468846 0 1 0
8 8 - 29 - 0.1079550473174701 0.10621865832945332 0 1 0
8 8 - 30 - 0.11282394201649974 0.12600389998018122 0 1 0
8 8 - 31 - 0.11098390967041875 0.12367311566291998 0 1 0
8 8 - 32 - 0.09568659466458485 0.1029871796296599 0 1 0
8 8 - 33 - 0.10079390165628865 0.10153932366908217 0 1 0
8 8 - 34 - 0.1042513910215348 0.17587777231043827 0 1 0
8 8 - 35 - 0.09298534400295466 0.12746681802673265 0 1 0
8 8 - 36 - 0.10949261098479231 0.17523521064625433 0 1 0
8 8 - 37 - 0.10269675500846158 0.1346488413400948 0 1 0
8 8 - 38 - 0.10784713865723461 0.11591443231251712 0 1 0
8 8 - 39 - 0.11432835300608227 0.1139100799919106 0 1 0
8 8 - 40 - 0.09599460131721571 0.0988724179721127 0 1 0
8 8 - 41 - 0.09773862732496734 0.10046541230985895 0 1 0
8 8 - 42 - 0.1016708246897906 0.10333526565227658 0 1 0
8 8 - 43 - 0.11253493964128816 0.17340937631282335 0 1 0
8 8 - 44 - 0.10445793266020094 0.11692569901545842 0 1 0
8 8 - 45 - 0.10401782603003085 0.13513069235098857 0 1 0
8 8 - 46 - 0.11503829566451411 0.1267801546685708 0 1 0
8 8 - 47 - 0.09561996266711503 0.09438524765816207 0 1 0
8 8 - 48 - 0.10727160402651255 0.1038730886648409 0 1 0
8 8 - 49 - 0.10120140765017518 0.10406049098431443 0 1 0
8 8 - 50 - 0.11199710163054988 0.13153610434771204 0 1 0
8 8 - 51 - 0.10946363400823127 0.13872654200531542 0 1 0
8 8 - 52 - 0.11595295532606542 0.16485399001976475 0 1 0
8 8 - 53 - 0.10994639565857747 0.12071101029869169 0 1 0
8 8 - 54 - 0.09879111133826277 0.1411550449944722 0 1 0
8 8 - 55 - 0.10102349733157705 0.10392625170061365 0 1 0
8 8 - 56 - 0.09833385665357734 0.11218030199718972 0 1 0
8 8 - 57 - 0.10885832699326177 0.11283154669217765 0 1 0
8 8 - 58 - 0.1081262546746681 0.13676954165566713 0 1 0
8 8 - 59 - 0.10721831832779571 0.12942395966577655 0 1 0
8 8 - 60 - 0.11398454968972753 0.13916884502395988 0 1 0
8 8 - 61 - 0.11400399898411706 0.11273798072943464 0 1 0
8 8 - 62 - 0.09840629265333214 0.10405517264734954 0 1 0
8 8 - 63 - 0.10483234466907258 0.16860766099610675 0 1 0
8 8 - 64 - 0.1135176526537786 0.1157704063031512 0 1 0
8 8 - 65 - 0.10597975534619763 0.12192837899783626 0 1 0
8 8 - 66 - 0.10089731001062319 0.11127650200311716 0 1 0
8 8 - 67 - 0.11352218266498919 0.1278348923466789 0 1 0
8 8 - 68 - 0.10768579233748218 0.1382219159665207 0 1 0
8 8 - 69 - 0.10476568997061501 0.12169747601728886 0 1 0
8 8 - 70 - 0.10397319831342125 0.16371266033578044 0 1 0
8 8 - 71 - 0.10811029031174257 0.11177212432570134 0 1 0
8 8 - 72 - 0.10877525532850996 0.1774218056234531 0 1 0
8 8 - 73 - 0.10861897101858631 0.13320011498096088 0 1 0
8 8 - 74 - 0.09478555664342517 0.10291732566353554 0 1 0
8 8 - 75 - 0.1022151840152219 0.10785447868208091 0 1 0
8 8 - 76 - 0.11089290465073039 0.1549387970007956 0 1 0
8 8 - 77 - 0.10865954631784311 0.11831850634189323 0 1 0
8 8 - 78 - 0.10016503268464778 0.10194028033098826 0 1 0
8 8 - 79 - 0.09108048867589483 0.09945896634599194 0 1 0
8 8 - 80 - 0.11769041333658 0.12885278271278366 0 1 0
8 8 - 81 - 0.10581905299720044 0.15691737834519395 0 1 0
8 8 - 82 - 0.09867587066643561 0.10384987364523113 0 1 0
8 8 - 83 - 0.09651793900411576 0.10843477702777211 0 1 0
8 8 - 84 - 0.09889666031813249 0.13466467768497142 0 1 0
8 8 - 85 - 0.10496459831483662 0.1092927516826118 0 1 0
8 8 - 86 - 0.10220102203311399 0.10445629033104827 0 1 0
8 8 - 87 - 0.11027246166486293 0.10390566696878523 0 1 0
8 8 - 88 - 0.10213249797622363 0.10598231599821399 0 1 0
8 8 - 89 - 0.10593716967074822 0.10936152568319812 0 1 0
8 8 - 90 - 0.11131731166581933 0.11480174764680366 0 1 0
8 8 - 91 - 0.09923100669402629 0.15049773002586636 0 1 0
8 8 - 92 - 0.10853781467691684 0.11684358632192016 0 1 0
8 8 - 93 - 0.09537764698810254 0.11311402003047988 0 1 0
8 8 - 94 - 0.1084650256865037 0.16598883129578704 0 1 0
8 8 - 95 - 0.11152073300521201 0.1783566099863189 0 1 0
8 8 - 96 - 0.09851518867071718 0.1061233346699737 0 1 0
8 8 - 97 - 0.10487885367668544 0.1538917050153638 0 1 0
8 8 - 98 - 0.11134063132340088 0.18723619397496805 0 1 0
8 8 - 99 - 0.10172814701218158 0.11078707132643709 0 1 0
16 1 - 0 - 0.3090529949986376 0.3014091509976424 0 1 0
16 1 - 1 - 0.2546838403407795 0.23259669699473307 0 1 0
16 1 - 2 - 0.2970720603285978 0.2909484760214885 0 1 0
16 1 - 3 - 0.3213854323257692 0.2854535490235624 0 1 0
16 1 - 4 - 0.3276383046565267 0.2902422403373445 0 1 0
16 1 - 5 - 0.28974578065875295 0.26126167465311784 0 1 0
16 1 - 6 - 0.3275670470126594 0.2926163593268332 0 1 0
16 1 - 7 - 0.34115821367595345 0.3001519840133066 0 1 0
16 1 - 8 - 0.30888766434509307 0.28309424401959404 0 1 0
16 1 - 9 - 0.27696116734296083 0.2627117716668484 0 1 0
16 1 - 10 - 0.2912264193485802 0.2599347433036504 0 1 0
16 1 - 11 - 0.2880924166723465 0.26445451931795105 0 1 0
16 1 - 12 - 0.28922899732909474 0.2517541680135764 0 1 0
16 1 - 13 - 0.337629600680278 0.2973280440007026 0 1 0
16 1 - 14 - 0.3151538459933363 0.2775866560017069 0 1 0
16 1 - 15 - 0.2952077046890433 0.27912891599892947 0 1 0
16 1 - 16 - 0.31636178033659235 0.2810184416593984 0 1 0
16 1 - 17 - 0.32132433634251356 0.29884070198750123 0 1 0
16 1 - 18 - 0.2912201010234033 0.2676776413572952 0 1 0
16 1 - 19 - 0.29340468665274483 0.2738280600363699 0 1 0
16 1 - 20 - 0.37659691766990966 0.3214711799907187 0 1 0
16 1 - 21 - 0.3142173223701927 0.3063665526957872 0 1 0
16 1 - 22 - 0.31954269633085153 0.26675565666907153 0 1 0
16 1 - 23 - 0.326474400004372 0.28222858696244657 0 1 0
16 1 - 24 - 0.27176047300842276 0.26426994202968973 0 1 0
16 1 - 25 - 0.3274901823218291 0.28471574664581567 0 1 0
16 1 - 26 - 0.24976601800881326 0.23919125335911912 0 1 0
16 1 - 27 - 0.3140991009810629 0.3084830339648761 0 1 0
16 1 - 28 - 0.30008071499954286 0.3351665480101171 0 1 0
16 1 - 29 - 0.2978273573486755 0.2787931189911129 0 1 0
16 1 - 30 - 0.3309950873178119 0.28192083799513057 0 1 0
16 1 - 31 - 0.3194590359926224 0.2834937533480115 0 1 0
16 1 - 32 - 0.3315080566875016 0.3015196649745728 0 1 0
16 1 - 33 - 0.2878269610228017 0.24680730199906975 0 1 0
16 1 - 34 - 0.3250885073406001 0.2918903069609466 0 1 0
16 1 - 35 - 0.3135002810352792 0.2922773219955464 0 1 0
16 1 - 36 - 0.3191238300059922 0.25446512065051746 0 1 0
16 1 - 37 - 0.33086966403061524 0.2776052620029077 0 1 0
16 1 - 38 - 0.3219920296687633 0.28143300098599866 0 1 0
16 1 - 39 - 0.2882302850096797 0.2842340446853389 0 1 0
16 1 - 40 - 0.2638545053390165 0.22390673534634212 0 1 0
16 1 - 41 - 0.32743089166857925 0.29442261268074316 0 1 0
16 1 - 42 - 0.2896605309991477 0.27251890198870876 0 1 0
16 1 - 43 - 0.3518672986344124 0.3110866939920622 0 1 0
16 1 - 44 - 0.36259782034903765 0.3047724489976341 0 1 0
16 1 - 45 - 0.32243350499387213 0.2673328099772334 0 1 0
16 1 - 46 - 0.3077223479631357 0.27796206999725354 0 1 0
16 1 - 47 - 0.28642356766310206 0.24307029337311786 0 1 0
16 1 - 48 - 0.3290364826874187 0.29776265600230545 0 1 0
16 1 - 49 - 0.2772033366685112 0.2562630339913691 0 1 0
16 1 - 50 - 0.28129629699590925 0.26029637865334126 0 1 0
16 1 - 51 - 0.3369261513580568 0.3439495243170919 0 1 0
16 1 - 52 - 0.3167704336422806 0.3407166793282765 0 1 0
16 1 - 53 - 0.28328659100225195 0.2629149806452915 0 1 0
16 1 - 54 - 0.32065044300785905 0.2795471786909426 0 1 0
16 1 - 55 - 0.3473684446653351 0.2834698496735655 0 1 0
16 1 - 56 - 0.2968176646584955 0.2779973977206585 0 1 0
16 1 - 57 - 0.29987735600055504 0.2583532729380143 0 1 0
16 1 - 58 - 0.3262712760091138 0.2914921763391855 0 1 0
16 1 - 59 - 0.3246916550172803 0.30506250433002907 0 1 0
16 1 - 60 - 0.3299963099998422 0.29802942999716225 0 1 0
16 1 - 61 - 0.3328037146711722 0.28063831532684463 0 1 0
16 1 - 62 - 0.3270966140165304 0.2956196156446822 0 1 0
16 1 - 63 - 0.3104230369790457 0.27451498897668597 0 1 0
16 1 - 64 - 0.32337287433135015 0.2901455520186573 0 1 0
16 1 - 65 - 0.30174182867631316 0.28764241297418874 0 1 0
16 1 - 66 - 0.32470938831102103 0.29115580167854205 0 1 0
16 1 - 67 - 0.3087832023350832 0.29871154002224404 0 1 0
16 1 - 68 - 0.28906658400471014 0.26729857766379916 0 1 0
16 1 - 69 - 0.29073300600672763 0.302530288308238 0 1 0
16 1 - 70 - 0.2915537310182117 0.2669381260251006 0 1 0
16 1 - 71 - 0.3601298063294962 0.362761073318931 0 1 0
16 1 - 72 - 0.3576997996812376 0.3190496336319484 0 1 0
16 1 - 73 - 0.3002860183478333 0.26292457266633085 0 1 0
16 1 - 74 - 0.29018603401103366 0.2736837556779695 0 1 0
16 1 - 75 - 0.26080612698569894 0.23077659801735234 0 1 0
16 1 - 76 - 0.3237778356609245 0.2973843460010054 0 1 0
16 1 - 77 - 0.33592588200311485 0.29346792000190663 0 1 0
16 1 - 78 - 0.3216534213279374 0.2826575969811529 0 1 0
16 1 - 79 - 0.31506248268609244 0.27628638671012595 0 1 0
16 1 - 80 - 0.366167078667786 0.31641549335715047 0 1 0
16 1 - 81 - 0.32174938565973815 0.2896717400290072 0 1 0
16 1 - 82 - 0.3599450089968741 0.30367603667158016 0 1 0
16 1 - 83 - 0.31251918798079714 0.3272227050426106 0 1 0
16 1 - 84 - 0.31811585133740056 0.28523742002046976 0 1 0
16 1 - 85 - 0.36053262000981096 0.31541938466640806 0 1 0
16 1 - 86 - 0.3190526706748642 0.28319615901758277 0 1 0
16 1 - 87 - 0.2887743320122051 0.275287179024114 0 1 0
16 1 - 88 - 0.3478572866685378 0.3116443109853814 0 1 0
16 1 - 89 - 0.35806302266428247 0.3097553330395992 0 1 0
16 1 - 90 - 0.3373537810014871 0.2962511663402741 0 1 0
16 1 - 91 - 0.3303327866597101 0.30020078168793896 0 1 0
16 1 - 92 - 0.3087312449933961 0.2629042873159051 0 1 0
16 1 - 93 - 0.3712870340095833 0.328773979000592 0 1 0
16 1 - 94 - 0.3219595773261972 0.29417902865679935 0 1 0
16 1 - 95 - 0.30362045632985735 0.27541011401141685 0 1 0
16 1 - 96 - 0.31909432964554674 0.2806537679862231 0 1 0
16 1 - 97 - 0.32012337766354904 0.3199267953168601 0 1 0
16 1 - 98 - 0.31702792500921834 0.29517423200498644 0 1 0
16 1 - 99 - 0.3705475389918623 0.3322788019625781 0 1 0
16 2 - 0 - 0.3419988130335696 0.3352224596698458 0 1 0
16 2 - 1 - 0.2619485156610608 0.24154028166473535 0 1 0
16 2 - 2 - 0.3056064359843731 0.36702014331240207 0 1 0
16 2 - 3 - 0.3073645003411608 0.29382887335183716 0 1 0
16 2 - 4 - 0.3209608100199451 0.29759969263492775 0 1 0
16 2 - 5 - 0.29471341700991616 0.38134334865026176 0 1 0
16 2 - 6 - 0.33334415398227674 0.31536209331049275 0 1 0
16 2 - 7 - 0.35436483699595556 0.4670698379826111 0 1 0
16 2 - 8 - 0.2963833433459513 0.4463888246488447 0 1 0
16 2 - 9 - 0.32666965100603795 0.26844161199793837 0 1 0
16 2 - 10 - 0.3088717216742225 0.2687175289999383 0 1 0
16 2 - 11 - 0.30082537866352743 0.365124086694171 0 1 0
16 2 - 12 - 0.30777669965755194 0.3162389990175143 0 1 0
16 2 - 13 - 0.3503840576740913 0.3028894589903454 0 1 0
16 2 - 14 - 0.33788820932386443 0.37133399600861594 0 1 0
16 2 - 15 - 0.3235029633506201 0.4194479873597933 0 1 0
16 2 - 16 - 0.3199813836642231 0.3361598676419817 0 1 0
16 2 - 17 - 0.34335310266275576 0.3438014390024667 0 1 0
16 2 - 18 - 0.30715749432177597 0.31436644166630384 0 1 0
16 2 - 19 - 0.3030870750080794 0.33521049132104963 0 1 0
16 2 - 20 - 0.36935102600061026 0.33689173134431866 0 1 0
16 2 - 21 - 0.34824809532923007 0.30875433568144217 0 1 0
16 2 - 22 - 0.2975926950069455 0.2784399956581183 0 1 0
16 2 - 23 - 0.33875225300046924 0.30913173830291873 0 1 0
16 2 - 24 - 0.2925070619676262 0.3326496766724934 0 1 0
16 2 - 25 - 0.3288617309881374 0.29896737301411724 0 1 0
16 2 - 26 - 0.2567457613380005 0.28024881265203777 0 1 0
16 2 - 27 - 0.3203047470112021 0.4258964609859201 0 1 0
16 2 - 28 - 0.3498837573182148 0.3824394593442169 0 1 0
16 2 - 29 - 0.33139878034126014 0.3828537853357072 0 1 0
16 2 - 30 - 0.3385641216494454 0.37757929633759585 0 1 0
16 2 - 31 - 0.3150519353415196 0.34927985167208436 0 1 0
16 2 - 32 - 0.32975920400349423 0.29877545302345726 0 1 0
16 2 - 33 - 0.29450705598962185 0.2702654220047407 0 1 0
16 2 - 34 - 0.3144317003316246 0.29690086899790913 0 1 0
16 2 - 35 - 0.32274347433121875 0.31315346401728067 0 1 0
16 2 - 36 - 0.3123953560134396 0.3175916646335584 0 1 0
16 2 - 37 - 0.31850185530493036 0.28423541865777224 0 1 0
16 2 - 38 - 0.3370137026843925 0.31691560432470095 0 1 0
16 2 - 39 - 0.30532383965328336 0.41372698434861377 0 1 0
16 2 - 40 - 0.26979443265978864 0.2499211813362005 0 1 0
16 2 - 41 - 0.33905352333871025 0.30444114566004526 0 1 0
16 2 - 42 - 0.29391752132990706 0.3121955079647402 0 1 0
16 2 - 43 - 0.3322638053408203 0.3189452679750199 0 1 0
16 2 - 44 - 0.3486065166653134 0.3110320803243667 0 1 0
16 2 - 45 - 0.3141233226827656 0.2754131799835401 0 1 0
16 2 - 46 - 0.3183424340095371 0.2934043240190173 0 1 0
16 2 - 47 - 0.2896889226782757 0.25350348866777495 0 1 0
16 2 - 48 - 0.3404464023381782 0.41312225364769495 0 1 0
16 2 - 49 - 0.29487334766114753 0.28461821264742565 0 1 0
16 2 - 50 - 0.2934954820278411 0.30671416834229603 0 1 0
16 2 - 51 - 0.4071224846605522 0.43346889736130834 0 1 0
16 2 - 52 - 0.31955695101836074 0.3672520710000147 0 1 0
16 2 - 53 - 0.31265519264464575 0.3431723616473998 0 1 0
16 2 - 54 - 0.3135732223163359 0.34075712334985536 0 1 0
16 2 - 55 - 0.3154848536748129 0.2887319507038531 0 1 0
16 2 - 56 - 0.3132730143261142 0.3512614830009019 0 1 0
16 2 - 57 - 0.2887755646758402 0.2742667509980189 0 1 0
16 2 - 58 - 0.3396353793408101 0.3010667593140776 0 1 0
16 2 - 59 - 0.3188862143433653 0.340199835326833 0 1 0
16 2 - 60 - 0.3558513169991784 0.3588966496560412 0 1 0
16 2 - 61 - 0.32667112668665743 0.41208320702814183 0 1 0
16 2 - 62 - 0.3420366906599762 0.3131316519769219 0 1 0
16 2 - 63 - 0.3102669263413797 0.3792183193533371 0 1 0
16 2 - 64 - 0.32330341699222725 0.35966011297811445 0 1 0
16 2 - 65 - 0.32604257999143255 0.36308087563763064 0 1 0
16 2 - 66 - 0.3256970816485894 0.3294262620426404 0 1 0
16 2 - 67 - 0.37927223567385226 0.3083366943562093 0 1 0
16 2 - 68 - 0.340132036304567 0.2765007730146559 0 1 0
16 2 - 69 - 0.3270982716737004 0.37118878500768915 0 1 0
16 2 - 70 - 0.277625982319781 0.3404202719878716 0 1 0
16 2 - 71 - 0.3631555296597071 0.38990343001205474 0 1 0
16 2 - 72 - 0.35922672566569724 0.3980079293057012 0 1 0
16 2 - 73 - 0.2954591783345677 0.3040524553313541 0 1 0
16 2 - 74 - 0.31214331969385967 0.33065736237525317 0 1 0
16 2 - 75 - 0.2587192559925218 0.24394954702196023 0 1 0
16 2 - 76 - 0.34830902532363933 0.34320668833485496 0 1 0
16 2 - 77 - 0.3446249293435054 0.3303233079689865 0 1 0
16 2 - 78 - 0.31847767167103785 0.29548838602689403 0 1 0
16 2 - 79 - 0.3076983549787352 0.304797439991186 0 1 0
16 2 - 80 - 0.3426049896709931 0.41789753135526553 0 1 0
16 2 - 81 - 0.32018345567242557 0.29761045265089103 0 1 0
16 2 - 82 - 0.33448675063361105 0.31457206430301693 0 1 0
16 2 - 83 - 0.3474795706764174 0.3910473849779616 0 1 0
16 2 - 84 - 0.3059551743402456 0.2906559019853982 0 1 0
16 2 - 85 - 0.3586642863228917 0.40579519867120933 0 1 0
16 2 - 86 - 0.29799046235469484 0.32362088266139233 0 1 0
16 2 - 87 - 0.29240895031640923 0.37083951199504855 0 1 0
16 2 - 88 - 0.35710091632790864 0.3734745106776245 0 1 0
16 2 - 89 - 0.3409683219894456 0.40879551866479835 0 1 0
16 2 - 90 - 0.3532587223647473 0.39456136600347236 0 1 0
16 2 - 91 - 0.338580925987723 0.4684547073363016 0 1 0
16 2 - 92 - 0.29871263265764963 0.3618781416832159 0 1 0
16 2 - 93 - 0.3614300553260061 0.4052908416682233 0 1 0
16 2 - 94 - 0.35945116699440405 0.29544760232480866 0 1 0
16 2 - 95 - 0.29502651531947777 0.28435303264996037 0 1 0
16 2 - 96 - 0.31700416799867526 0.3974695146898739 0 1 0
16 2 - 97 - 0.32547537999926135 0.4276020726538263 0 1 0
16 2 - 98 - 0.35160755565933266 0.3065572476674182 0 1 0
16 2 - 99 - 0.42385060035546 0.35235942834212136 0 1 0
16 4 - 0 - 0.34585017734207213 0.4245485180290416 0 1 0
16 4 - 1 - 0.27840253165535006 0.26511371434510994 0 1 0
16 4 - 2 - 0.354033928985397 0.43276625698975596 0 1 0
16 4 - 3 - 0.3336766126643246 0.30190388836975524 0 1 0
16 4 - 4 - 0.35525769569600624 0.31942591265154385 0 1 0
16 4 - 5 - 0.3070214753388427 0.4495934363415775 0 1 0
16 4 - 6 - 0.3892771763106187 0.47769688999202725 0 1 0
16 4 - 7 - 0.35892272166286904 0.3833654153277166 0 1 0
16 4 - 8 - 0.31947538134409115 0.5560722686738396 0 1 0
16 4 - 9 - 0.2945548230006049 0.28483955866734806 0 1 0
16 4 - 10 - 0.3396717066837785 0.28172902066338185 0 1 0
16 4 - 11 - 0.36414842332790914 0.37436188134597614 0 1 0
16 4 - 12 - 0.314073315996211 0.5010211496652724 0 1 0
16 4 - 13 - 0.38109972834354267 0.35256910100967315 0 1 0
16 4 - 14 - 0.35191407434952754 0.5200486546964385 0 1 0
16 4 - 15 - 0.3426667799746307 0.37163465799919015 0 1 0
16 4 - 16 - 0.3635358380076165 0.30698761900809285 0 1 0
16 4 - 17 - 0.3808085419974911 0.43573345329302055 0 1 0
16 4 - 18 - 0.33231915832341963 0.3701425697072409 0 1 0
16 4 - 19 - 0.35616032232064754 0.5980782739934511 0 1 0
16 4 - 20 - 0.446595360020486 0.35968292403655744 0 1 0
16 4 - 21 - 0.35247131435122964 0.33311866633205983 0 1 0
16 4 - 22 - 0.3615958650091974 0.3012638830114156 0 1 0
16 4 - 23 - 0.38092113664606586 0.4364953499947054 0 1 0
16 4 - 24 - 0.2956202713345798 0.7758289063349366 0 1 0
16 4 - 25 - 0.36388880668285617 0.3341452049595925 0 1 0
16 4 - 26 - 0.3298266713391058 0.4857203333522193 0 1 0
16 4 - 27 - 0.37352045802011463 0.8158452606876381 0 1 0
16 4 - 28 - 0.388744771014899 0.48160000768257305 0 1 0
16 4 - 29 - 0.328032059672599 0.34864343101313955 0 1 0
16 4 - 30 - 0.3552812269966429 0.9550088470374855 0 1 0
16 4 - 31 - 0.3346471256615283 0.47185895999427885 0 1 0
16 4 - 32 - 0.3442259653432605 0.3145550840029803 0 1 0
16 4 - 33 - 0.3055753483010145 0.2889607220034425 0 1 0
16 4 - 34 - 0.33908705568561953 0.34425784833729267 0 1 0
16 4 - 35 - 0.33278424333548173 0.37211035568422324 0 1 0
16 4 - 36 - 0.3326268416712992 0.636944606997228 0 1 0
16 4 - 37 - 0.32669150598424795 0.30121934637039277 0 1 0
16 4 - 38 - 0.35760364966699854 0.6800915406978069 0 1 0
16 4 - 39 - 0.3365661146429678 0.4982248393353075 0 1 0
16 4 - 40 - 0.2756495453262081 0.46894057366686565 0 1 0
16 4 - 41 - 0.3348998483270407 0.3175323540150809 0 1 0
16 4 - 42 - 0.29958533866253373 0.6994811946642585 0 1 0
16 4 - 43 - 0.3454328623677914 0.33482270897366107 0 1 0
16 4 - 44 - 0.39981450367486104 0.3337603963251846 0 1 0
16 4 - 45 - 0.30625864531612024 0.2972648583430176 0 1 0
16 4 - 46 - 0.34514553398670006 0.31336307601304725 0 1 0
16 4 - 47 - 0.2970550026705799 0.27708625300632167 0 1 0
16 4 - 48 - 0.35262960533145815 0.8217541919827152 0 1 0
16 4 - 49 - 0.3104159996534387 0.41977289099789533 0 1 0
16 4 - 50 - 0.3035357903378705 0.4469259489754525 0 1 0
16 4 - 51 - 0.3650959413304614 0.9232261236563015 0 1 0
16 4 - 52 - 0.33664766363411525 0.7507858889875934 0 1 0
16 4 - 53 - 0.3256420003211436 0.5878004639913949 0 1 0
16 4 - 54 - 0.31711449499319616 0.5583158033550717 0 1 0
16 4 - 55 - 0.382900130643975 0.3172137583217894 0 1 0
16 4 - 56 - 0.33557039900915697 0.636770394029251 0 1 0
16 4 - 57 - 0.3290377853360648 0.3105377046740614 0 1 0
16 4 - 58 - 0.33407089965961256 0.32011233031516895 0 1 0
16 4 - 59 - 0.3443976606358774 0.4195550560058715 0 1 0
16 4 - 60 - 0.3483703506644815 0.37485363367401686 0 1 0
16 4 - 61 - 0.3633226333380056 0.4805925490024189 0 1 0
16 4 - 62 - 0.3863082253180134 0.32509482665530715 0 1 0
16 4 - 63 - 0.38547806368054205 0.474068516981788 0 1 0
16 4 - 64 - 0.34081103965096793 0.4357509603141807 0 1 0
16 4 - 65 - 0.31828512967331335 0.3826488833486413 0 1 0
16 4 - 66 - 0.3545088426714453 0.3853427943540737 0 1 0
16 4 - 67 - 0.33056230099949363 0.3233204133381757 0 1 0
16 4 - 68 - 0.3329336183572498 0.30056600365787745 0 1 0
16 4 - 69 - 0.36466129234759137 0.45402872166596353 0 1 0
16 4 - 70 - 0.34420525399036705 0.5596461703147119 0 1 0
16 4 - 71 - 0.3937463773181662 0.5148115800111555 0 1 0
16 4 - 72 - 0.4150348856734733 0.5576842506998219 0 1 0
16 4 - 73 - 0.3064244769824048 0.3328687893226743 0 1 0
16 4 - 74 - 0.32284729099289206 0.45395270267423865 0 1 0
16 4 - 75 - 0.28824308966674533 0.260051805661836 0 1 0
16 4 - 76 - 0.3865543166757561 0.34866275935200974 0 1 0
16 4 - 77 - 0.3394874933292158 0.39054774735510966 0 1 0
16 4 - 78 - 0.34095152298687026 0.3096099339891225 0 1 0
16 4 - 79 - 0.3433671959986289 0.3062202890093128 0 1 0
16 4 - 80 - 0.409474905328049 0.7186094703502022 0 1 0
16 4 - 81 - 0.3696497973093453 0.3285405816277489 0 1 0
16 4 - 82 - 0.3985616030210319 0.33283676765859127 0 1 0
16 4 - 83 - 0.35129317198880017 0.9219564713421278 0 1 0
16 4 - 84 - 0.33061447434981045 0.3156176116705562 0 1 0
16 4 - 85 - 0.3626775840142121 0.4686772356896351 0 1 0
16 4 - 86 - 0.32478394233233604 0.7100508023286238 0 1 0
16 4 - 87 - 0.30678622032670927 0.5703023633298775 0 1 0
16 4 - 88 - 0.398154720334181 0.33716240736733505 0 1 0
16 4 - 89 - 0.38334493533087277 0.3743998323722432 0 1 0
16 4 - 90 - 0.3793966576728659 0.4042416229882898 0 1 0
16 4 - 91 - 0.4158769613519932 0.5907821340175966 0 1 0
16 4 - 92 - 0.3112452646601014 0.5512113900234302 0 1 0
16 4 - 93 - 0.40935231267940253 0.4585653413669206 0 1 0
16 4 - 94 - 0.3506736573181115 0.3133025126686941 0 1 0
16 4 - 95 - 0.3115400660123366 0.49421964030868065 0 1 0
16 4 - 96 - 0.33861168565150973 0.40400876733474433 0 1 0
16 4 - 97 - 0.3586540566563296 0.9900827776485432 0 1 0
16 4 - 98 - 0.32929693366168067 0.3196811266631509 0 1 0
16 4 - 99 - 0.4114488633349538 0.41515222432402277 0 1 0
16 8 - 0 - 0.40727839164901525 0.8277413040050305 0 1 0
16 8 - 1 - 0.34701497967277345 0.3103881273418665 0 1 0
16 8 - 2 - 0.39273738934813684 0.5030444429527658 0 1 0
16 8 - 3 - 0.4171390036935918 0.4422507539857179 0 1 0
16 8 - 4 - 0.4442649276461452 1.2561012789956294 0 1 0
16 8 - 5 - 0.3759901100032342 0.9583268936451835 0 1 0
16 8 - 6 - 0.4399601636881319 0.6230970886729968 0 1 0
16 8 - 7 - 0.3982521846580009 0.8695413290018525 0 1 0
16 8 - 8 - 0.3775842680091349 0.675479969359003 0 1 0
16 8 - 9 - 0.3808655703323893 0.3899375553398083 0 1 0
16 8 - 10 - 0.3746964226787289 0.32448767199336237 0 1 0
16 8 - 11 - 0.3890401279980627 1.2095166429838475 0 1 0
16 8 - 12 - 0.38257404833954445 0.6367460196876589 0 1 0
16 8 - 13 - 0.43873208367343375 0.5290746246658575 0 1 0
16 8 - 14 - 0.4156384410064978 0.4496300980099477 0 1 0
16 8 - 15 - 0.40195457365674275 0.6312125386515012 0 1 0
16 8 - 16 - 0.39793329099969316 0.7544335903173002 0 1 0
16 8 - 17 - 0.4511379693479588 0.7371306330314837 0 1 0
16 8 - 18 - 0.38069535099202767 0.7412149987261121 0 1 0
16 8 - 19 - 0.37815286197777215 0.43458467269859585 0 1 0
16 8 - 20 - 0.4761803610017523 0.6436554409641151 0 1 0
16 8 - 21 - 0.4520054049983931 0.38780198999059695 0 1 0
16 8 - 22 - 0.4351154200073021 0.42053016533221427 0 1 0
16 8 - 23 - 0.40671148498465 1.0539103306558295 0 1 0
16 8 - 24 - 0.3300345829726818 0.6588170623484377 0 1 0
16 8 - 25 - 0.41838783499163884 0.5600810356942627 0 1 0
16 8 - 26 - 0.36247400066349655 0.5209099000203423 0 1 0
16 8 - 27 - 0.39566753699909896 1.2733255760006916 0 1 0
16 8 - 28 - 0.41827477497281507 1.252158561643834 0 1 0
16 8 - 29 - 0.3930044459993951 0.4503919306444004 0 1 0
16 8 - 30 - 0.41055292034676916 1.1409311753038005 0 1 0
16 8 - 31 - 0.397108980997776 0.5091963256709278 0 1 0
16 8 - 32 - 0.4087684676439191 0.6701455313401917 0 1 0
16 8 - 33 - 0.3840037239715457 0.29871357829930884 0 1 0
16 8 - 34 - 0.4352167546749115 0.5653925309889019 0 1 0
16 8 - 35 - 0.3722730913432315 0.6710276596519785 0 1 0
16 8 - 36 - 0.36824513166599593 0.7408738333227424 0 1 0
16 8 - 37 - 0.425134336653476 0.35171079069065553 0 1 0
16 8 - 38 - 0.44283837867745507 1.0681637786716842 0 1 0
16 8 - 39 - 0.4020757573501517 0.7262528376692595 0 1 0
16 8 - 40 - 0.41477281365465996 0.5391962730015317 0 1 0
16 8 - 41 - 0.43451735031946254 0.379472678352613 0 1 0
16 8 - 42 - 0.38725990132661536 1.1133331173332408 0 1 0
16 8 - 43 - 0.456330168643035 0.42591559966482845 0 1 0
16 8 - 44 - 0.4333095640176907 0.8014186619936178 0 1 0
16 8 - 45 - 0.42959363131861517 0.36190679869226494 0 1 0
16 8 - 46 - 0.40287916298257187 0.3352729946685334 0 1 0
16 8 - 47 - 0.34156903568267205 0.30539632868021727 0 1 0
16 8 - 48 - 0.41207777765036246 0.7240733953270441 0 1 0
16 8 - 49 - 0.3760801176734579 0.48823404067661613 0 1 0
16 8 - 50 - 0.3544602429998728 0.5342660373426042 0 1 0
16 8 - 51 - 0.4547277590027079 1.3052458306580472 0 1 0
16 8 - 52 - 0.46837890501289314 0.7677732367107335 0 1 0
16 8 - 53 - 0.37469902999388677 1.041023826013164 0 1 0
16 8 - 54 - 0.41055450933830195 0.5079540620402743 0 1 0
16 8 - 55 - 0.4031944626864667 0.5775148976633014 0 1 0
16 8 - 56 - 0.3723315253349332 0.3966262343650063 0 1 0
16 8 - 57 - 0.37359909301934147 0.3690859356817479 0 1 0
16 8 - 58 - 0.4140191916764403 0.34901079935176915 0 1 0
16 8 - 59 - 0.4035790486765715 0.4750691459824642 0 1 0
16 8 - 60 - 0.4133704309933819 0.7321209856697048 0 1 0
16 8 - 61 - 0.4170805553245979 1.096344935668943 0 1 0
16 8 - 62 - 0.43751289969077334 0.638766268986122 0 1 0
16 8 - 63 - 0.4023211256911357 1.0948763480021928 0 1 0
16 8 - 64 - 0.4399471646756865 0.9823530183639377 0 1 0
16 8 - 65 - 0.3768970896489918 0.4595959453145042 0 1 0
16 8 - 66 - 0.40707254867690307 0.5188005866560464 0 1 0
16 8 - 67 - 0.41043828398687765 0.44271244436580065 0 1 0
16 8 - 68 - 0.4207819993413674 0.8142285419938465 0 1 0
16 8 - 69 - 0.3621594486564087 1.096723985974677 0 1 0
16 8 - 70 - 0.3831348853224578 1.3388756919885054 0 1 0
16 8 - 71 - 0.45604468069116894 0.8620869233466996 0 1 0
16 8 - 72 - 0.4947359996731393 1.4312461716666198 0 1 0
16 8 - 73 - 0.36622997536323965 1.4217360029967192 0 1 0
16 8 - 74 - 0.43033835833193734 0.4326355966428916 0 1 0
16 8 - 75 - 0.35753886634483933 0.45154906004124007 0 1 0
16 8 - 76 - 0.4161205666799409 0.8969683746884887 0 1 0
16 8 - 77 - 0.449137179995887 0.6808959709984872 0 1 0
16 8 - 78 - 0.41662797999257845 0.5490956027060747 0 1 0
16 8 - 79 - 0.3961486999954407 1.2251091223054875 0 1 0
16 8 - 80 - 0.41499602367791033 0.8892986179950337 0 1 0
16 8 - 81 - 0.44210968533298 0.40566876033941907 0 1 0
16 8 - 82 - 0.4496047756789873 0.42891273599040386 0 1 0
16 8 - 83 - 0.37381525968279067 1.9743347250429604 0 1 0
16 8 - 84 - 0.412659834662918 0.8615121426410042 0 1 0
16 8 - 85 - 0.46537149897388497 0.7717133529949933 0 1 0
16 8 - 86 - 0.3827429153413201 0.5306685953789081 0 1 0
16 8 - 87 - 0.40100574865937233 0.9408555333696617 0 1 0
16 8 - 88 - 0.44644331031789386 0.40180188869514194 0 1 0
16 8 - 89 - 0.4486896429831783 0.7403372976502093 0 1 0
16 8 - 90 - 0.4238273939699866 0.689241498010233 0 1 0
16 8 - 91 - 0.4619685420184396 1.2811978443448122 0 1 0
16 8 - 92 - 0.41142795502673835 0.8387943563478378 0 1 0
16 8 - 93 - 0.4719290103530511 1.0561740606402357 0 1 0
16 8 - 94 - 0.4499702730293696 1.2121213030186482 0 1 0
16 8 - 95 - 0.415845373334984 0.7295992523431778 0 1 0
16 8 - 96 - 0.38595558402206126 1.5296423519806315 0 1 0
16 8 - 97 - 0.42865994399956736 0.7257062206820896 0 1 0
16 8 - 98 - 0.4595233119713763 0.9177117529907264 0 1 0
16 8 - 99 - 0.4661700280072788 1.1595703043470469 0 1 0
32 1 - 0 - 1.4897979726471628 1.118152091318431 0 1 0
32 1 - 1 - 1.549032116677457 1.042078400302368 0 1 0
32 1 - 2 - 1.8711928729899228 1.081078922667075 0 1 0
32 1 - 3 - 1.650614932004828 1.0502268876880407 0 1 0
32 1 - 4 - 1.77850351833816 1.156154934685522 0 1 0
32 1 - 5 - 1.5912599626656934 1.0413402466801926 0 1 0
32 1 - 6 - 1.877919417010465 1.1272710756942008 0 1 0
32 1 - 7 - 1.397675583003244 0.8906681899873851 0 1 0
32 1 - 8 - 1.696949542015015 1.0956629016436636 0 1 0
32 1 - 9 - 1.504007030336652 1.1412932489959835 0 1 0
32 1 - 10 - 1.5632885453136018 1.2231961976503953 0 1 0
32 1 - 11 - 1.8722789110033773 1.1330704939900897 0 1 0
32 1 - 12 - 1.82423964633684 1.030512592328402 0 1 0
32 1 - 13 - 1.4650908636588913 1.0779307343182154 0 1 0
32 1 - 14 - 1.7483593156794086 1.0272215256894317 0 1 0
32 1 - 15 - 1.5049364206497557 1.09544507934091 0 1 0
32 1 - 16 - 1.6826162989988611 1.152133096688582 0 1 0
32 1 - 17 - 2.1699292636476457 1.102075743333747 0 1 0
32 1 - 18 - 1.5795451256562956 1.0251892849919386 0 1 0
32 1 - 19 - 1.627389351313468 1.2333939156572646 0 1 0
32 1 - 20 - 1.6494770243492287 1.1686503883296002 0 1 0
32 1 - 21 - 1.6767766616928081 1.0790177173330449 0 1 0
32 1 - 22 - 1.4552151453099214 1.1796132039938432 0 1 0
32 1 - 23 - 1.6802040453185327 1.1293472480222893 0 1 0
32 1 - 24 - 1.6206621046682508 1.0305906166516554 0 1 0
32 1 - 25 - 1.4050469049834646 0.9853032686708805 0 1 0
32 1 - 26 - 1.795434564332633 1.0976912070182152 0 1 0
32 1 - 27 - 1.6235086153416585 0.9677238246658817 0 1 0
32 1 - 28 - 1.933901722698162 1.2739677689775515 0 1 0
32 1 - 29 - 1.7113608143408783 1.1722333800280467 0 1 0
32 1 - 30 - 1.710976603673771 1.0774992523753706 0 1 0
32 1 - 31 - 1.7441932480044973 1.0399116390229513 0 1 0
32 1 - 32 - 1.3818736350125012 0.9880648603430018 0 1 0
32 1 - 33 - 1.7442853759857826 1.2721121453214437 0 1 0
32 1 - 34 - 2.03998896968551 1.379700089300362 0 1 0
32 1 - 35 - 1.3496660633633533 1.1149007116716043 0 1 0
32 1 - 36 - 1.732139570968381 1.0858278600110984 0 1 0
32 1 - 37 - 1.4179293863320102 1.0673528279876336 0 1 0
32 1 - 38 - 1.513576055333639 1.349143561325036 0 1 0
32 1 - 39 - 1.323886350010677 0.9452573156643969 0 1 0
32 1 - 40 - 1.4185400866554119 1.0211409723463778 0 1 0
32 1 - 41 - 1.423488814655381 1.0469219509783823 0 1 0
32 1 - 42 - 1.6068803406475733 1.222637064017666 0 1 0
32 1 - 43 - 1.7144344023351248 1.0920708660269156 0 1 0
32 1 - 44 - 1.603871336672455 1.1531624329897265 0 1 0
32 1 - 45 - 1.614969463669695 1.1859568236977793 0 1 0
32 1 - 46 - 1.783979490341153 1.1403691910090856 0 1 0
32 1 - 47 - 1.6088086609961465 1.0564237620371084 0 1 0
32 1 - 48 - 1.316190548648592 0.8888198109925725 0 1 0
32 1 - 49 - 1.5688379926917453 1.1110458360247624 0 1 0
32 1 - 50 - 1.51881182702103 1.1212324033258483 0 1 0
32 1 - 51 - 1.4677733986754902 1.018562750677423 0 1 0
32 1 - 52 - 1.4718392089901802 0.9916595456500849 0 1 0
32 1 - 53 - 1.5190546410158277 1.0542652850078107 0 1 0
32 1 - 54 - 1.4146097379853018 0.9670462026648844 0 1 0
32 1 - 55 - 1.4094840123240524 0.9219529243418947 0 1 0
32 1 - 56 - 1.8121074623389481 1.067848525980177 0 1 0
32 1 - 57 - 1.7758653043226027 1.2624740356695838 0 1 0
32 1 - 58 - 1.99874969899732 1.1602546910095648 0 1 0
32 1 - 59 - 1.811628708654704 1.1064733223368723 0 1 0
32 1 - 60 - 1.6433647783317913 1.185363942660236 0 1 0
32 1 - 61 - 1.686997999010297 1.0786819020092175 0 1 0
32 1 - 62 - 1.4274832289859962 1.0669750796514563 0 1 0
32 1 - 63 - 1.5201037989851707 1.0860365479796503 0 1 0
32 1 - 64 - 1.3863891596556641 1.0316226473078132 0 1 0
32 1 - 65 - 1.957876613654662 1.1008405300284114 0 1 0
32 1 - 66 - 1.3092606586869806 1.1669166593346745 0 1 0
32 1 - 67 - 1.9401655136801614 1.0880100666545331 0 1 0
32 1 - 68 - 1.3662663303354445 1.0114794186665677 0 1 0
32 1 - 69 - 1.5056031086714938 1.0132815566418383 0 1 0
32 1 - 70 - 1.369348817660163 1.1112985043243195 0 1 0
32 1 - 71 - 1.4989254120155238 1.0768432220017228 0 1 0
32 1 - 72 - 1.654606789331107 1.016562827300125 0 1 0
32 1 - 73 - 1.510644723350803 1.107182634974985 0 1 0
32 1 - 74 - 1.4983950890018605 1.0625128056659985 0 1 0
32 1 - 75 - 1.6048954569851048 0.9942217316711321 0 1 0
32 1 - 76 - 1.6522748636780307 1.0992134473247763 0 1 0
32 1 - 77 - 1.6928031900121518 1.0948184626565003 0 1 0
32 1 - 78 - 1.59180457899735 1.0308644466567785 0 1 0
32 1 - 79 - 1.6212898406471747 1.0903558000378932 0 1 0
32 1 - 80 - 1.385513557315183 0.9882545100020556 0 1 0
32 1 - 81 - 1.6586986100107122 1.12290772999404 0 1 0
32 1 - 82 - 1.486070647331265 1.0937496759967569 0 1 0
32 1 - 83 - 1.51095500033504 0.9758982229977846 0 1 0
32 1 - 84 - 1.3686567199765705 1.1469819593476132 0 1 0
32 1 - 85 - 1.3618439729713525 1.0542408863354165 0 1 0
32 1 - 86 - 1.5402479240243945 1.0396079763304442 0 1 0
32 1 - 87 - 1.544740133996432 0.9812425493340319 0 1 0
32 1 - 88 - 1.5789257516735233 1.0126633053296246 0 1 0
32 1 - 89 - 1.5308583636457722 1.133635994978249 0 1 0
32 1 - 90 - 1.490342199317335 1.0802704700035974 0 1 0
32 1 - 91 - 1.665110835339874 1.110172542995618 0 1 0
32 1 - 92 - 1.4272722776901599 0.9841789526787276 0 1 0
32 1 - 93 - 1.461998194650126 0.9870278056478128 0 1 0
32 1 - 94 - 1.4841330460039899 1.1839152000029571 0 1 0
32 1 - 95 - 1.4209242680032428 0.9310087890092594 0 1 0
32 1 - 96 - 1.6190562213305384 1.0596415509741444 0 1 0
32 1 - 97 - 1.3942744839975298 1.1741821366983154 0 1 0
32 1 - 98 - 1.717186265993708 1.2599865636439063 0 1 0
32 1 - 99 - 1.6343072053277865 1.0996320950022587 0 1 0
32 2 - 0 - 1.6447509406522536 1.2252629956929013 0 1 0
32 2 - 1 - 1.8557694693639253 1.3924885423427138 0 1 0
32 2 - 2 - 1.899287732997133 1.203115779305032 0 1 0
32 2 - 3 - 1.6522363710100763 1.2732543203358848 0 1 0
32 2 - 4 - 1.7723908536524202 1.2971887979850483 0 1 0
32 2 - 5 - 1.9408309093366067 1.5032219449834279 0 1 0
32 2 - 6 - 1.6825642363207103 1.461843163318311 0 1 0
32 2 - 7 - 1.6240597706637345 0.8901468586603489 0 1 0
32 2 - 8 - 1.583429083014683 1.0736251930162932 0 1 0
32 2 - 9 - 1.8789747929937828 1.185958360962104 0 1 0
32 2 - 10 - 1.75305126766519 1.2871676046828118 0 1 0
32 2 - 11 - 1.9524025046654667 1.167138067384561 0 1 0
32 2 - 12 - 1.691168158664368 1.4320167203744252 0 1 0
32 2 - 13 - 1.976129858987406 1.0847571173217148 0 1 0
32 2 - 14 - 1.8129596560029313 1.3924923523445614 0 1 0
32 2 - 15 - 2.051721479316863 1.1183098110292726 0 1 0
32 2 - 16 - 1.8845387296557117 1.1557497983449139 0 1 0
32 2 - 17 - 2.088760977688556 1.338617916315949 0 1 0
32 2 - 18 - 1.9140933256712742 1.6329827326311108 0 1 0
32 2 - 19 - 1.9657623150075476 1.3286448596433427 0 1 0
32 2 - 20 - 2.0194569160036435 1.3773689986555837 0 1 0
32 2 - 21 - 1.839267137654436 1.9014233843578647 0 1 0
32 2 - 22 - 1.9793482193296466 1.1862884230019215 0 1 0
32 2 - 23 - 1.7737224940016554 1.1386384920333512 0 1 0
32 2 - 24 - 2.001962249322484 1.0343273896918013 0 1 0
32 2 - 25 - 1.585941632646912 1.141902946983464 0 1 0
32 2 - 26 - 2.0335259213267514 1.1531032709948097 0 1 0
32 2 - 27 - 2.083856802006873 0.9710482953232713 0 1 0
32 2 - 28 - 1.7378397853268932 1.5721387236650723 0 1 0
32 2 - 29 - 1.8810468379912586 1.4075200773659162 0 1 0
32 2 - 30 - 1.5449997199854504 1.0973647529802597 0 1 0
32 2 - 31 - 1.8040876316566332 1.8421086913246352 0 1 0
32 2 - 32 - 1.7746191636348763 0.9945550376432948 0 1 0
32 2 - 33 - 1.823668407315078 1.5431438833475113 0 1 0
32 2 - 34 - 1.9502506913268007 1.7665485493683568 0 1 0
32 2 - 35 - 1.942891459989672 1.129684430314228 0 1 0
32 2 - 36 - 1.9594654473282085 1.35340659066181 0 1 0
32 2 - 37 - 1.9205719873231526 1.008180914989983 0 1 0
32 2 - 38 - 1.9908109549821045 1.398337898038638 0 1 0
32 2 - 39 - 1.6875079593349558 0.9529864419988977 0 1 0
32 2 - 40 - 1.6069378903290878 1.4873064353402394 0 1 0
32 2 - 41 - 1.9314191796584055 1.507061358638263 0 1 0
32 2 - 42 - 1.8042912313248962 1.9858081336715259 0 1 0
32 2 - 43 - 1.936993470667706 1.1023899126448669 0 1 0
32 2 - 44 - 1.8848942350014113 1.7658796696535621 0 1 0
32 2 - 45 - 2.078023377301482 1.1871822063500683 0 1 0
32 2 - 46 - 1.9161936833406799 1.3664863630159139 0 1 0
32 2 - 47 - 1.687710269994568 1.0712793450026463 0 1 0
32 2 - 48 - 1.431346658015779 1.744079879000007 0 1 0
32 2 - 49 - 1.840297417327141 1.465640791982878 0 1 0
32 2 - 50 - 1.9309998696747546 1.5420653379987925 0 1 0
32 2 - 51 - 1.6389858849967518 1.032945280681209 0 1 0
32 2 - 52 - 1.5757183980119105 1.004027792349613 0 1 0
32 2 - 53 - 1.8969073873207283 1.3681118790021476 0 1 0
32 2 - 54 - 1.6737712803296745 1.032395102995603 0 1 0
32 2 - 55 - 1.2660248533356935 0.9303860433283262 0 1 0
32 2 - 56 - 1.8788254013246235 1.0809243120020255 0 1 0
32 2 - 57 - 1.8078892269792657 1.4016020923348456 0 1 0
32 2 - 58 - 2.2828806063431935 1.1490232063418566 0 1 0
32 2 - 59 - 1.7854008519983229 1.3715208770202783 0 1 0
32 2 - 60 - 1.554929230323372 1.3138215100043453 0 1 0
32 2 - 61 - 1.9462774416703421 1.1944330553136147 0 1 0
32 2 - 62 - 1.8809788389868722 1.1077460753343378 0 1 0
32 2 - 63 - 1.8092544373357669 1.7036041950147287 0 1 0
32 2 - 64 - 1.730461469346968 1.0718102423707023 0 1 0
32 2 - 65 - 2.1221618289710023 1.111773690364013 0 1 0
32 2 - 66 - 1.5389677116569753 1.2786017603357323 0 1 0
32 2 - 67 - 1.9154221013498802 1.100083109670474 0 1 0
32 2 - 68 - 1.8350218549991646 1.110493503336329 0 1 0
32 2 - 69 - 1.6661485030005376 1.025296196671358 0 1 0
32 2 - 70 - 1.3281882910135512 1.4587880893377587 0 1 0
32 2 - 71 - 1.788054819024789 1.2294328292870584 0 1 0
32 2 - 72 - 1.7877410853398032 1.2069703923383106 0 1 0
32 2 - 73 - 1.6855477146649114 1.3530722296563908 0 1 0
32 2 - 74 - 1.6984984460092771 1.317992231672785 0 1 0
32 2 - 75 - 1.4723009676672518 2.4526623483398 0 1 0
32 2 - 76 - 1.6641662326680187 1.1770991059796265 0 1 0
32 2 - 77 - 1.6622565189803329 1.2905994123235967 0 1 0
32 2 - 78 - 1.5342601393349469 1.1229840030039973 0 1 0
32 2 - 79 - 1.9161312593302378 1.1311785866661617 0 1 0
32 2 - 80 - 1.717699186662988 0.9994268696561146 0 1 0
32 2 - 81 - 1.9180038976677074 1.1509667116527758 0 1 0
32 2 - 82 - 1.9582298639967726 1.2136987050180323 0 1 0
32 2 - 83 - 1.8346083220094442 1.0268466330405013 0 1 0
32 2 - 84 - 1.9669839703322698 1.1651169376758237 0 1 0
32 2 - 85 - 1.8974056756705977 1.0743657003622502 0 1 0
32 2 - 86 - 1.9169649440251912 1.0580191860014263 0 1 0
32 2 - 87 - 1.862218922993634 0.9861285363440402 0 1 0
32 2 - 88 - 1.953782543675819 1.0403145753274052 0 1 0
32 2 - 89 - 1.855131289999311 1.5430749040096998 0 1 0
32 2 - 90 - 1.762227266988096 1.7499684739741497 0 1 0
32 2 - 91 - 1.7937567666328202 1.123140548336475 0 1 0
32 2 - 92 - 1.9881893086518783 1.123118525002307 0 1 0
32 2 - 93 - 1.7501661209971644 1.1943844059909072 0 1 0
32 2 - 94 - 1.756941184323902 1.15739849768579 0 1 0
32 2 - 95 - 1.744395833326659 0.9736109532920333 0 1 0
32 2 - 96 - 1.7832818033445317 1.0849562100095984 0 1 0
32 2 - 97 - 1.769422005978413 1.262064473645296 0 1 0
32 2 - 98 - 2.115894678320425 1.699826725021315 0 1 0
32 2 - 99 - 1.7583185459952801 1.8799410436768085 0 1 0
32 4 - 0 - 2.1910508873406798 1.1164505800115876 0 1 0
32 4 - 1 - 1.7372514793338873 1.087478715305527 0 1 0
32 4 - 2 - 2.2729054319982724 1.144044530655568 0 1 0
32 4 - 3 - 2.008168921029816 1.5214264593281164 0 1 0
32 4 - 4 - 2.1813829013068853 2.8470289016646957 0 1 0
32 4 - 5 - 1.6816220609859254 2.551783739007078 0 1 0
32 4 - 6 - 2.0024643376430804 1.7897298349998891 0 1 0
32 4 - 7 - 1.8410675092988336 1.0692921893399518 0 1 0
32 4 - 8 - 1.8906969546612042 1.6492795763576094 0 1 0
32 4 - 9 - 1.9825880846668344 1.7830343383636016 0 1 0
32 4 - 10 - 1.751039476657752 3.2599790403231355 0 1 0
32 4 - 11 - 1.888042063685134 2.1916825193329714 0 1 0
32 4 - 12 - 1.8700256700200648 1.7591144050044627 0 1 0
32 4 - 13 - 2.161490987346042 1.4775806553079747 0 1 0
32 4 - 14 - 1.973899034647426 2.180653487351568 0 1 0
32 4 - 15 - 2.394492253990999 1.1509794096734065 0 1 0
32 4 - 16 - 1.8902710489928722 1.202637526652931 0 1 0
32 4 - 17 - 2.0734317816677503 6.66309790633386 0 1 0
32 4 - 18 - 2.0767193596693687 1.7166802383532438 0 1 0
32 4 - 19 - 2.7590030870051123 1.4149159257067367 0 1 0
32 4 - 20 - 1.8767131433317747 1.6051663436422434 0 1 0
32 4 - 21 - 1.8746681846872284 1.3011938900259945 0 1 0
32 4 - 22 - 1.9534003496713315 1.2268503280356526 0 1 0
32 4 - 23 - 1.9179277579920988 1.571090592944529 0 1 0
32 4 - 24 - 1.9548154410246448 1.6957039049981781 0 1 0
32 4 - 25 - 1.8531661599990912 1.5945255223390025 0 1 0
32 4 - 26 - 1.8580002686746109 3.0094877270360785 0 1 0
32 4 - 27 - 1.6873584743395138 1.0284374773618765 0 1 0
32 4 - 28 - 1.7945137810117253 3.211385617304283 0 1 0
32 4 - 29 - 2.1752139276553257 1.625413138011936 0 1 0
32 4 - 30 - 2.0421797816913267 1.130563252333862 0 1 0
32 4 - 31 - 1.9480023716848034 1.503435363333362 0 1 0
32 4 - 32 - 1.8473713683197275 1.0524425983118513 0 1 0
32 4 - 33 - 1.9105144233326428 2.995365003686554 0 1 0
32 4 - 34 - 2.131352084009753 4.360061412366727 0 1 0
32 4 - 35 - 1.9889378743052173 1.4744299786592212 0 1 0
32 4 - 36 - 1.9386385169733937 1.147603493028631 0 1 0
32 4 - 37 - 1.9210489336789276 1.8809432523363891 0 1 0
32 4 - 38 - 1.7372880723172177 3.2236419616577527 0 1 0
32 4 - 39 - 1.6624422073364258 0.9824861243056754 0 1 0
32 4 - 40 - 1.665026486327406 1.5793184159750429 0 1 0
32 4 - 41 - 2.0001859276671894 1.122534518673395 0 1 0
32 4 - 42 - 2.085753916335913 2.83817244732442 0 1 0
32 4 - 43 - 1.9147591136667568 3.222811517344477 0 1 0
32 4 - 44 - 1.9716884970160513 3.4103541023214348 0 1 0
32 4 - 45 - 2.140927644330077 1.2353673586815908 0 1 0
32 4 - 46 - 2.060314453653215 1.2372278183465824 0 1 0
32 4 - 47 - 2.244314059983784 1.1335483610164374 0 1 0
32 4 - 48 - 2.017966226985057 2.801011393661611 0 1 0
32 4 - 49 - 1.9605543549987487 3.3403205046391427 0 1 0
32 4 - 50 - 1.8898398650150436 2.643899124658977 0 1 0
32 4 - 51 - 1.9633037329961855 1.0659571543413524 0 1 0
32 4 - 52 - 1.9741874306540315 1.0645072513531584 0 1 0
32 4 - 53 - 1.993542262003757 1.6272715993303184 0 1 0
32 4 - 54 - 1.9568914176585774 1.2960587136331014 0 1 0
32 4 - 55 - 1.726172415985881 1.7023235350109946 0 1 0
32 4 - 56 - 2.032961296014643 1.11940021434566 0 1 0
32 4 - 57 - 2.1552950926901153 5.634231504654356 0 1 0
32 4 - 58 - 2.2081614916484495 1.8326730200011903 0 1 0
32 4 - 59 - 1.881406915645736 2.0625673406563387 0 1 0
32 4 - 60 - 1.8793343389988877 1.4786162109618697 0 1 0
32 4 - 61 - 1.9586090553396691 1.3339648766559549 0 1 0
32 4 - 62 - 1.9021149283313812 2.4257555793349943 0 1 0
32 4 - 63 - 1.9017648346489295 2.8936097213299945 0 1 0
32 4 - 64 - 1.8924594466613296 1.093412878321639 0 1 0
32 4 - 65 - 2.254769116678896 1.1551697326552435 0 1 0
32 4 - 66 - 1.82923442866498 2.4323505713061118 0 1 0
32 4 - 67 - 2.1681452546617948 1.1652958643001816 0 1 0
32 4 - 68 - 1.87715533899609 1.5991003290206813 0 1 0
32 4 - 69 - 1.8372340516652912 1.0512429886536363 0 1 0
32 4 - 70 - 1.570892297332951 3.1186315229861066 0 1 0
32 4 - 71 - 1.8587229276890866 1.3638207703479566 0 1 0
32 4 - 72 - 1.8191465733301204 2.1289593656547368 0 1 0
32 4 - 73 - 2.0076166289703297 3.847564967329769 0 1 0
32 4 - 74 - 1.7401189100152503 2.485814533681453 0 1 0
32 4 - 75 - 1.9055591106492404 2.587669624015689 0 1 0
32 4 - 76 - 1.9071576720064818 2.097547486676679 0 1 0
32 4 - 77 - 1.9919160006684251 2.243734208983369 0 1 0
32 4 - 78 - 1.8898891703574918 1.531622069325143 0 1 0
32 4 - 79 - 1.913147208339069 1.2059407703345641 0 1 0
32 4 - 80 - 1.934697139329122 1.0311807133451416 0 1 0
32 4 - 81 - 1.8168649370005976 1.3107041353165794 0 1 0
32 4 - 82 - 1.927218120331721 1.5237694159926227 0 1 0
32 4 - 83 - 1.7384741353453137 1.1954716429851637 0 1 0
32 4 - 84 - 1.9979018536978401 2.0182841016794555 0 1 0
32 4 - 85 - 2.0454511276523895 1.1205563149997033 0 1 0
32 4 - 86 - 1.7970232103252783 1.1015173802928377 0 1 0
32 4 - 87 - 1.8635974233426775 1.150376705355787 0 1 0
32 4 - 88 - 2.3343087529841187 1.0507662607124075 0 1 0
32 4 - 89 - 1.931478703666168 1.737381997324216 0 1 0
32 4 - 90 - 1.8137888450097914 2.0171991719980724 0 1 0
32 4 - 91 - 1.8963958369956042 2.4713715103183254 0 1 0
32 4 - 92 - 1.8936865003391479 1.3699103969847783 0 1 0
32 4 - 93 - 2.030567587314484 1.1325934556662105 0 1 0
32 4 - 94 - 2.0123083166739284 1.1332002893323079 0 1 0
32 4 - 95 - 1.9701709660002962 1.3274832136424568 0 1 0
32 4 - 96 - 2.0525729263123744 1.1168523423451309 0 1 0
32 4 - 97 - 1.8648433070241786 2.30276587929499 0 1 0
32 4 - 98 - 1.765631796345891 2.4138818856639164 0 1 0
32 4 - 99 - 1.8870216256667238 1.5531777703630116 0 1 0
32 8 - 0 - 2.576336477339889 6.744835674355272 0 1 0
32 8 - 1 - 2.2309477563248947 7.412133790688434 0 1 0
32 8 - 2 - 2.1286709613438384 1.189980050335483 0 1 0
32 8 - 3 - 2.376206196999798 1.7714548933436163 0 1 0
32 8 - 4 - 2.3337387966845804 1.7944609789798658 0 1 0
32 8 - 5 - 2.0918214350240305 4.869844701664988 0 1 0
32 8 - 6 - 2.521786308323499 2.82562918466283 0 1 0
32 8 - 7 - 1.5237946993244502 1.1258058576689411 0 1 0
32 8 - 8 - 2.7866259873262607 9.823048467961295 0 1 0
32 8 - 9 - 2.5454277059955834 6.465692802332342 0 1 0
32 8 - 10 - 2.487726400334698 9.428798001007332 0 1 0
32 8 - 11 - 2.3167911379714496 9.908640925326228 0 1 0
32 8 - 12 - 1.817680232343264 1.4175996720053565 0 1 0
32 8 - 13 - 1.8952203756392314 1.1659327940045237 0 1 0
32 8 - 14 - 2.3058546370011754 4.978479596689188 0 1 0
32 8 - 15 - 2.431901114333111 1.2520371936649703 0 1 0
32 8 - 16 - 3.6232271740251845 1.8683033866691403 0 1 0
32 8 - 17 - 2.610219265993995 8.0718884463422 0 1 0
32 8 - 18 - 2.681402464998731 2.352382709660257 0 1 0
32 8 - 19 - 3.0922129950098074 3.1086535846504075 0 1 0
32 8 - 20 - 2.3247209569866145 3.7055333886528388 0 1 0
32 8 - 21 - 2.9723222616594285 1.6172627806275461 0 1 0
32 8 - 22 - 2.455797019317591 1.3030576303329628 0 1 0
32 8 - 23 - 2.6615439796587452 1.5611523106539 0 1 0
32 8 - 24 - 2.7136450923474817 3.4981763099785894 0 1 0
32 8 - 25 - 2.0734875460038893 1.4388286793449274 0 1 0
32 8 - 26 - 2.4836422340207114 8.679150268648906 0 1 0
32 8 - 27 - 2.5345564460149035 1.9762027676721723 0 1 0
32 8 - 28 - 3.1265019183435165 6.138353382334269 0 1 0
32 8 - 29 - 2.874496254002831 2.5737973439972848 0 1 0
32 8 - 30 - 2.43590826865208 3.1878015693121897 0 1 0
32 8 - 31 - 2.211639589688275 7.686587452655658 0 1 0
32 8 - 32 - 2.4979756156681105 5.700393112318125 0 1 0
32 8 - 33 - 2.0755550540052354 2.9251475176618746 0 1 0
32 8 - 34 - 3.0544857930120393 5.879328182316385 0 1 0
32 8 - 35 - 1.7510104846636143 1.4881925362860784 0 1 0
32 8 - 36 - 2.3556791253504343 1.256265741326691 0 1 0
32 8 - 37 - 2.388162278337404 16.54400982160587 0 1 0
32 8 - 38 - 2.485042834014166 4.059209700693221 0 1 0
32 8 - 39 - 2.066958135323754 1.0887768383448322 0 1 0
32 8 - 40 - 2.224780334004511 4.8445323156774975 0 1 0
32 8 - 41 - 2.5877695153467357 1.2247042383338946 0 1 0
32 8 - 42 - 2.425132962681043 10.99995814935149 0 1 0
32 8 - 43 - 2.435898757345664 7.596490046339265 0 1 0
32 8 - 44 - 2.2874047393173287 12.549104998664308 0 1 0
32 8 - 45 - 2.330445627681911 1.287124226684682 0 1 0
32 8 - 46 - 3.1986785759800114 9.821817807018911 0 1 0
32 8 - 47 - 2.6698501343295598 1.7431155529726918 0 1 0
32 8 - 48 - 1.993041470006574 7.11452586465748 0 1 0
32 8 - 49 - 2.3906260156460726 1.3567437073409867 0 1 0
32 8 - 50 - 2.8637349003111012 2.4176271540151597 0 1 0
32 8 - 51 - 2.2420860009927615 3.4244009489969662 0 1 0
32 8 - 52 - 2.067174791668852 1.8769833976596906 0 1 0
32 8 - 53 - 2.162432997002422 4.906606360319225 0 1 0
32 8 - 54 - 2.6689383113213503 1.5004841232827555 0 1 0
32 8 - 55 - 2.177772246010136 7.191092400675795 0 1 0
32 8 - 56 - 2.617101858001358 4.833122752994919 0 1 0
32 8 - 57 - 2.796507717653488 17.779275346314535 0 1 0
32 8 - 58 - 2.1366484180131615 6.6536646153350985 0 1 0
32 8 - 59 - 2.1283696956622107 3.572877255016162 0 1 0
32 8 - 60 - 3.4899752683510696 1.3021029706772727 0 1 0
32 8 - 61 - 2.8873471220140345 2.4706220966957817 0 1 0
32 8 - 62 - 2.7298509753503217 2.634221141343005 0 1 0
32 8 - 63 - 2.1509586936639002 9.556697661348153 0 1 0
32 8 - 64 - 2.1522036906681024 1.145385222005037 0 1 0
32 8 - 65 - 2.594801027347178 1.4943191893398762 0 1 0
32 8 - 66 - 2.1026829823191897 7.611943983026626 0 1 0
32 8 - 67 - 2.487539783663427 2.7564262873299112 0 1 0
32 8 - 68 - 2.3647849150002003 7.782416732283309 0 1 0
32 8 - 69 - 2.3329680366829657 1.1823004273270878 0 1 0
32 8 - 70 - 1.9682951056553672 13.908766485343222 0 1 0
32 8 - 71 - 2.2286959726673863 3.9285839863393144 0 1 0
32 8 - 72 - 2.3300853033239646 3.219790116340543 0 1 0
32 8 - 73 - 2.2956002083180165 2.6662281916942447 0 1 0
32 8 - 74 - 2.114009511366021 4.056545888655819 0 1 0
32 8 - 75 - 2.5000326663139276 7.603042787678229 0 1 0
32 8 - 76 - 2.406088828322633 1.4057488260053408 0 1 0
32 8 - 77 - 2.9132234626643667 1.2883557439781725 0 1 0
32 8 - 78 - 3.14857331069652 4.738016261990802 0 1 0
32 8 - 79 - 2.8041387066671937 4.503756499305989 0 1 0
32 8 - 80 - 2.2969470623065718 6.7388314486597665 0 1 0
32 8 - 81 - 2.4732680626912042 1.286019999339866 0 1 0
32 8 - 82 - 2.3061085943287862 1.505611433686378 0 1 0
32 8 - 83 - 2.0145149359984016 3.8283189793388983 0 1 0
32 8 - 84 - 2.3504644440254197 1.2857077603111975 0 1 0
32 8 - 85 - 2.6375770023247846 1.2184736269991845 0 1 0
32 8 - 86 - 2.2977518456755206 1.3630617823412952 0 1 0
32 8 - 87 - 1.7795395613647997 7.029200459675242 0 1 0
32 8 - 88 - 2.1280109860041803 1.5803915566842381 0 1 0
32 8 - 89 - 2.503371633007191 9.315052864005944 0 1 0
32 8 - 90 - 1.911250221019145 2.567301371037805 0 1 0
32 8 - 91 - 2.7418447333426834 1.2416658683408364 0 1 0
32 8 - 92 - 1.9909586610156111 3.2122515389734567 0 1 0
32 8 - 93 - 2.3216762003139593 3.521758059039712 0 1 0
32 8 - 94 - 2.774608634664522 2.6169245266743624 0 1 0
32 8 - 95 - 1.9699694770000253 2.292183618973165 0 1 0
32 8 - 96 - 2.3008967066610544 1.8897102016683978 0 1 0
32 8 - 97 - 2.075671945659754 3.6187916613028692 0 1 0
32 8 - 98 - 2.6230442373392484 2.132121762338405 0 1 0
32 8 - 99 - 2.5864316759980284 9.75551406365897 0 1 0
