4 1 - 0 - 0.03821927532165622 0.022028987664574135 1 0 1
4 1 - 1 - 0.02870973964066555 0.025812317015758406 0 1 0
4 1 - 2 - 0.028372661656855293 0.03163391867807756 0 1 0
4 1 - 3 - 0.027950661024078727 0.029632125340867788 0 1 0
4 1 - 4 - 0.03904151233534018 0.024499407678376883 1 0 1
4 1 - 5 - 0.02916454764393469 0.0315391636492374 0 1 0
4 1 - 6 - 0.02505660899138699 0.02323045897840833 0 1 0
4 1 - 7 - 0.028981704323086888 0.030391169983583193 0 1 0
4 1 - 8 - 0.04069255868671462 0.025490597026267398 1 0 1
4 1 - 9 - 0.028776879344756406 0.026179361642183114 0 1 0
4 1 - 10 - 0.02985353199377035 0.03144775703549385 0 1 0
4 1 - 11 - 0.02276977465953678 0.021202533641674865 0 1 0
4 1 - 12 - 0.03267076299137746 0.032763168681412935 0 1 0
4 1 - 13 - 0.0311929423478432 0.027756575980068494 0 0 2
4 1 - 14 - 0.027999166981317103 0.025411207306509215 0 1 0
4 1 - 15 - 0.02859212066202114 0.02893281231323878 0 1 0
4 1 - 16 - 0.030857539677526802 0.02831041665437321 0 0 2
4 1 - 17 - 0.025798678669768076 0.02170784699652965 0 1 0
4 1 - 18 - 0.026769237321180604 0.027099882679370545 0 1 0
4 1 - 19 - 0.030826079329320542 0.026566562339818727 0 0 2
4 1 - 20 - 0.024963232009516407 0.023696076959216345 0 1 0
4 1 - 21 - 0.02331023304335152 0.022365557340284187 0 1 0
4 1 - 22 - 0.030330529688702274 0.030770340332916625 0 1 0
4 1 - 23 - 0.030324781662784517 0.02541721866388495 0 1 0
4 1 - 24 - 0.02865259099053219 0.026237259327899665 0 1 0
4 1 - 25 - 0.029719483650599916 0.030715143967730302 0 1 0
4 1 - 26 - 0.03305781968325997 0.028303266017852973 0 0 2
4 1 - 27 - 0.03301817134100323 0.02761601332652693 0 0 2
4 1 - 28 - 0.029995501351853214 0.031150189014927797 0 1 0
4 1 - 29 - 0.029806613669885944 0.03074009931879118 0 1 0
4 1 - 30 - 0.03203362368124848 0.03175500533931578 0 1 0
4 1 - 31 - 0.028802040653924145 0.026927474323504914 0 1 0
4 1 - 32 - 0.03080143399226169 0.02807746567608168 0 0 2
4 1 - 33 - 0.027251511327146243 0.02535491364930446 0 1 0
4 1 - 34 - 0.032328150351531804 0.02831474299697826 0 0 2
4 1 - 35 - 0.026112539344467223 0.024150975320177775 0 1 0
4 1 - 36 - 0.034127583339189485 0.02934369664095963 0 0 2
4 1 - 37 - 0.02850218066790452 0.025556621005913865 0 1 0
4 1 - 38 - 0.028419987007509917 0.03208327799802646 0 1 0
4 1 - 39 - 0.039183369992921754 0.022363045699118324 1 0 1
4 1 - 40 - 0.030622417689301074 0.028834050346631557 0 1 0
4 1 - 41 - 0.02370166200368355 0.021266662302271772 0 1 0
4 1 - 42 - 0.02647794596850872 0.02495461335638538 0 1 0
4 1 - 43 - 0.026387062311793368 0.028215795018089317 0 1 0
4 1 - 44 - 0.027765625331085175 0.025257309355462592 0 1 0
4 1 - 45 - 0.03087593065962816 0.03059453338695069 0 1 0
4 1 - 46 - 0.028178795997519046 0.02595343165254841 0 1 0
4 1 - 47 - 0.03998004965251312 0.0241290219904234 1 0 1
4 1 - 48 - 0.028895975672639906 0.026851731333105516 0 1 0
4 1 - 49 - 0.033347257335359856 0.03538642299827188 0 1 0
4 1 - 50 - 0.038481303005634494 0.023827804349518072 1 0 1
4 1 - 51 - 0.027315794005213927 0.02430563864375775 0 1 0
4 1 - 52 - 0.023795962003835786 0.0226444963288183 0 1 0
4 1 - 53 - 0.030789097014348954 0.03071623433303709 0 1 0
4 1 - 54 - 0.023131835643046845 0.022928379980536796 0 1 0
4 1 - 55 - 0.02742553933057934 0.02524930033056686 0 0 2
4 1 - 56 - 0.02955849098119264 0.03052976199736198 0 1 0
4 1 - 57 - 0.039577270683366805 0.024237018330798797 1 0 1
4 1 - 58 - 0.031129981332924217 0.03631994064198807 0 1 0
4 1 - 59 - 0.03497824165970087 0.02809689533508693 0 0 2
4 1 - 60 - 0.026812267353913434 0.02728030999423936 0 1 0
4 1 - 61 - 0.02687477667738373 0.025559306668583304 0 1 0
4 1 - 62 - 0.038029066675032176 0.022313305991701782 1 0 1
4 1 - 63 - 0.02479293500073254 0.02424160101994251 0 1 0
4 1 - 64 - 0.029131020671532802 0.027696638988951843 0 1 0
4 1 - 65 - 0.02821085532195866 0.026462179647448163 0 1 0
4 1 - 66 - 0.03159312467323616 0.03634042968042195 0 1 0
4 1 - 67 - 0.026347166024303686 0.025650379344976198 0 1 0
4 1 - 68 - 0.03878771335196992 0.023966052666461714 1 0 1
4 1 - 69 - 0.030035631032660604 0.028742107989576954 0 1 0
4 1 - 70 - 0.03675654134713113 0.02843078033765778 0 0 2
4 1 - 71 - 0.02922616900953775 0.03125217198006188 0 1 0
4 1 - 72 - 0.02573169032499815 0.023460915661416948 0 1 0
4 1 - 73 - 0.038312365009915084 0.02371337094033758 1 0 1
4 1 - 74 - 0.02961325666789586 0.03489212532682966 0 1 0
4 1 - 75 - 0.04262216332911824 0.024295849007709574 1 0 1
4 1 - 76 - 0.02943053366228317 0.031173664649638038 0 1 0
4 1 - 77 - 0.029307257675100118 0.03115099398807312 0 1 0
4 1 - 78 - 0.04021870932774618 0.024590941999728482 1 0 1
4 1 - 79 - 0.028794678995230544 0.027366907976102084 0 1 0
4 1 - 80 - 0.03445066534914076 0.027852184992904466 0 0 2
4 1 - 81 - 0.044207569308734186 0.026290626323316246 1 0 1
4 1 - 82 - 0.027532628989623237 0.025355509346506246 0 0 2
4 1 - 83 - 0.02799110234870265 0.03087200967517371 0 1 0
4 1 - 84 - 0.023574115650262684 0.022276540636084974 0 1 0
4 1 - 85 - 0.027481345983687788 0.02660093931869293 0 1 0
4 1 - 86 - 0.033144994658262775 0.036959113708386816 0 1 0
4 1 - 87 - 0.02627817733446136 0.024732021634311725 0 1 0
4 1 - 88 - 0.027861202329707645 0.025862078337619703 0 1 0
4 1 - 89 - 0.02519748965278268 0.023607510316651314 0 1 0
4 1 - 90 - 0.03211773503183697 0.034842722661172346 0 1 0
4 1 - 91 - 0.028199701666987192 0.02821951931885754 0 1 0
4 1 - 92 - 0.026590718325072277 0.02625205199001357 0 1 0
4 1 - 93 - 0.0419560923279884 0.02576046797912568 1 0 1
4 1 - 94 - 0.030607776017859578 0.024128028676689915 0 0 2
4 1 - 95 - 0.02891764867429932 0.029798147346203525 0 1 0
4 1 - 96 - 0.030318008677568287 0.032466044688286885 0 1 0
4 1 - 97 - 0.02623028700084736 0.025629303980773933 0 1 0
4 1 - 98 - 0.025242692655107625 0.02392645836031685 0 1 0
4 1 - 99 - 0.027825240996511034 0.026183841653012983 0 1 0
4 2 - 0 - 0.03841006330912933 0.02348869767350455 1 0 1
4 2 - 1 - 0.02955299501384919 0.026881331345066428 0 1 0
4 2 - 2 - 0.032636705320328474 0.029486684361472726 0 0 2
4 2 - 3 - 0.030645243008621037 0.029527042352128774 0 0 2
4 2 - 4 - 0.04033517300073678 0.025517519660449278 1 0 1
4 2 - 5 - 0.031675532013953976 0.032823901992135994 0 0 2
4 2 - 6 - 0.02646507800091058 0.025795399017321568 0 1 0
4 2 - 7 - 0.031977799003167696 0.03636863503682737 0 1 0
4 2 - 8 - 0.04102688868685315 0.027180813990222912 1 0 1
4 2 - 9 - 0.029730783988876887 0.02750827994896099 0 1 0
4 2 - 10 - 0.030587945987160005 0.03133058033805962 0 0 2
4 2 - 11 - 0.026287117002842326 0.025604393992883463 0 1 0
4 2 - 12 - 0.0340001323299172 0.032903026323765516 0 0 2
4 2 - 13 - 0.03249347999614353 0.031559627677779645 0 0 2
4 2 - 14 - 0.03020198198889072 0.0274657029658556 0 1 0
4 2 - 15 - 0.030487428361084312 0.03472888733570774 0 1 0
4 2 - 16 - 0.03385828365571797 0.029963540320750326 0 0 2
4 2 - 17 - 0.025959783311312396 0.024099184025544673 0 1 0
4 2 - 18 - 0.02948902266022439 0.031260588322766125 0 1 0
4 2 - 19 - 0.03533094533486292 0.02854356268653646 0 0 2
4 2 - 20 - 0.02668357300960148 0.026167815337733675 0 1 0
4 2 - 21 - 0.025647153651031353 0.0247295523295179 0 1 0
4 2 - 22 - 0.0325768370142517 0.0295214899815619 0 0 2
4 2 - 23 - 0.029307204667323578 0.027248713362496346 0 1 0
4 2 - 24 - 0.031198742353202153 0.02759226665754492 0 1 0
4 2 - 25 - 0.031708201665120825 0.03452871101520335 0 1 0
4 2 - 26 - 0.030892715013275545 0.030243196699302644 0 0 2
4 2 - 27 - 0.03299223266852398 0.030366642012571297 0 0 2
4 2 - 28 - 0.03158322533514971 0.0364388496382162 0 1 0
4 2 - 29 - 0.03226954965308929 0.02989960201860716 0 0 2
4 2 - 30 - 0.0328755573136732 0.030987409661368776 0 0 2
4 2 - 31 - 0.030221601695908856 0.030269038009767733 0 1 0
4 2 - 32 - 0.03396393430496877 0.031162980342439067 0 0 2
4 2 - 33 - 0.029402889350118734 0.027968615681553878 0 1 0
4 2 - 34 - 0.031190519337542355 0.030559735644298293 0 0 2
4 2 - 35 - 0.029449840328500915 0.025961244963885594 0 1 0
4 2 - 36 - 0.03454483032692224 0.03136139603642126 0 0 2
4 2 - 37 - 0.032128671339402594 0.02796318632317707 0 1 0
4 2 - 38 - 0.03100375602177034 0.03549456933978945 0 1 0
4 2 - 39 - 0.03845187868379677 0.02364073635544628 1 0 1
4 2 - 40 - 0.03140508400974795 0.0317670830215017 0 1 0
4 2 - 41 - 0.024491378319604944 0.024103691335767508 0 1 0
4 2 - 42 - 0.027991242648568004 0.027031097968574613 0 1 0
4 2 - 43 - 0.030029317014850676 0.028740629689612735 0 0 2
4 2 - 44 - 0.02855230466229841 0.027976700337603688 0 1 0
4 2 - 45 - 0.032857117669967316 0.03001436870545149 0 0 2
4 2 - 46 - 0.03007739266225447 0.027431507342650246 0 1 0
4 2 - 47 - 0.04165960966687028 0.025401275022886693 1 0 1
4 2 - 48 - 0.02912178699625656 0.0270367600217772 0 1 0
4 2 - 49 - 0.03432941834519928 0.03287502766276399 0 1 0
4 2 - 50 - 0.039796756677484765 0.02506712199343989 1 0 1
4 2 - 51 - 0.02930993497526894 0.02831810268495853 0 1 0
4 2 - 52 - 0.026688874349929392 0.023927806333328288 0 1 0
4 2 - 53 - 0.03308367335315173 0.02963613833223159 0 0 2
4 2 - 54 - 0.024911582993809134 0.023658233326083668 0 1 0
4 2 - 55 - 0.030306776675085224 0.02692569699138403 0 0 2
4 2 - 56 - 0.03071114034779991 0.029627689024588715 0 0 2
4 2 - 57 - 0.04209186132842054 0.026268612341179203 1 0 1
4 2 - 58 - 0.03550505533348769 0.03409650599739204 0 0 2
4 2 - 59 - 0.03325971101488297 0.0295795463413621 0 0 2
4 2 - 60 - 0.029350541667857517 0.03072933266715457 0 1 0
4 2 - 61 - 0.028693479330589376 0.02727675761949892 0 1 0
4 2 - 62 - 0.038842859639165304 0.023915984337994207 1 0 1
4 2 - 63 - 0.026135460337779175 0.025674253643956035 0 1 0
4 2 - 64 - 0.028320456001286704 0.029626992996782064 0 1 0
4 2 - 65 - 0.03149937900404135 0.03060387868511801 0 1 0
4 2 - 66 - 0.034048978316908084 0.03397937598250186 0 0 2
4 2 - 67 - 0.028441206668503582 0.026467832659060758 0 1 0
4 2 - 68 - 0.04036519833607599 0.02543065999634564 1 0 1
4 2 - 69 - 0.03153779200511053 0.03166387300007045 0 1 0
4 2 - 70 - 0.03412478735360007 0.029631774018829066 0 0 2
4 2 - 71 - 0.032700256328098476 0.03261062099287907 0 0 2
4 2 - 72 - 0.028704070990594726 0.026553588007421546 0 1 0
4 2 - 73 - 0.04068286266798774 0.025077561653840046 1 0 1
4 2 - 74 - 0.03241832767768453 0.02906274799412737 0 0 2
4 2 - 75 - 0.04055579965158056 0.02537025101870919 1 0 1
4 2 - 76 - 0.03279409332511326 0.03030176367610693 0 0 2
4 2 - 77 - 0.03205322868113096 0.032740181641808405 0 0 2
4 2 - 78 - 0.04194955067941919 0.02529083136081075 1 0 1
4 2 - 79 - 0.03082807598790775 0.029492352642895035 0 1 0
4 2 - 80 - 0.033916360000148416 0.031113848652845867 0 0 2
4 2 - 81 - 0.03268493632397925 0.02900056265449772 0 0 2
4 2 - 82 - 0.03222662567471465 0.02741233300184831 0 0 2
4 2 - 83 - 0.02994289033813402 0.03295126266311854 0 1 0
4 2 - 84 - 0.02643718933298563 0.024132755973065894 0 1 0
4 2 - 85 - 0.02847176334277416 0.02899697401638453 0 1 0
4 2 - 86 - 0.03506379467823232 0.03222951500598962 0 0 2
4 2 - 87 - 0.028156648991474263 0.026848377698721986 0 1 0
4 2 - 88 - 0.029789279331453145 0.027167094638571143 0 1 0
4 2 - 89 - 0.026651808662184823 0.02598179370397702 0 1 0
4 2 - 90 - 0.03156039898749441 0.030130206335646413 0 0 2
4 2 - 91 - 0.0301144066809987 0.030344225000590086 0 1 0
4 2 - 92 - 0.029039875662419945 0.027525891996144004 0 1 0
4 2 - 93 - 0.04248600864472488 0.02742029200696076 1 0 1
4 2 - 94 - 0.029624411642240982 0.026131298994490255 0 0 2
4 2 - 95 - 0.02895979565801099 0.0329733476586019 0 1 0
4 2 - 96 - 0.03435672332610314 0.030950061336625367 0 0 2
4 2 - 97 - 0.02855981533260395 0.028809935009727873 0 1 0
4 2 - 98 - 0.02597579499706626 0.02550701901782304 0 1 0
4 2 - 99 - 0.028783024327519037 0.027763859349458166 0 1 0
4 4 - 0 - 0.042733403989889965 0.026315758004784584 1 0 1
4 4 - 1 - 0.03157740167807788 0.02992237303017949 0 1 0
4 4 - 2 - 0.03512788433969642 0.032492212000458195 0 0 2
4 4 - 3 - 0.03154806032155951 0.03205140169787531 0 0 2
4 4 - 4 - 0.042559360018155225 0.02786467100183169 1 0 1
4 4 - 5 - 0.0343840440036729 0.03383357700658962 0 0 2
4 4 - 6 - 0.029845376033335924 0.028723861013228692 0 1 0
4 4 - 7 - 0.03213088901247829 0.03349331067875028 0 0 2
4 4 - 8 - 0.045218211656901985 0.030035495370005567 1 0 1
4 4 - 9 - 0.03186052434224015 0.030872650328092277 0 1 0
4 4 - 10 - 0.03295644066141297 0.03347029036376625 0 0 2
4 4 - 11 - 0.027582233344825607 0.02796233204814295 0 1 0
4 4 - 12 - 0.037731099660353117 0.03610358301860591 0 0 2
4 4 - 13 - 0.034985932657339916 0.033204336010385305 0 0 2
4 4 - 14 - 0.03157157602254301 0.030859930673614144 0 1 0
4 4 - 15 - 0.03303401166340336 0.03281941767393922 0 0 2
4 4 - 16 - 0.03376698567687223 0.03316887698989982 0 0 2
4 4 - 17 - 0.029122871657212578 0.026043963346940778 0 1 0
4 4 - 18 - 0.03212127663816015 0.030371318357841424 0 0 2
4 4 - 19 - 0.03221628900306921 0.030291382339783013 0 0 2
4 4 - 20 - 0.02962533929773296 0.028584978310391307 0 1 0
4 4 - 21 - 0.027802646004905306 0.027235043332135927 0 1 0
4 4 - 22 - 0.03310889896238223 0.03302361369909097 0 0 2
4 4 - 23 - 0.03240763331996277 0.03068379929754883 0 1 0
4 4 - 24 - 0.03226468702390169 0.02971368102589622 0 1 0
4 4 - 25 - 0.03629395299746345 0.033048249005029603 0 0 2
4 4 - 26 - 0.03393317400089775 0.033334810015124575 0 0 2
4 4 - 27 - 0.03525146300671622 0.03254786502414694 0 0 2
4 4 - 28 - 0.03504981899944444 0.03344629834949349 0 0 2
4 4 - 29 - 0.0334192420123145 0.032878754660487175 0 0 2
4 4 - 30 - 0.03367257766270389 0.034201877346883215 0 0 2
4 4 - 31 - 0.0334704013269705 0.03280541634497543 0 1 0
4 4 - 32 - 0.03305771234833325 0.03280517468616987 0 0 2
4 4 - 33 - 0.031259809989326946 0.03030032666477685 0 1 0
4 4 - 34 - 0.033425439323764294 0.032836302979073174 0 0 2
4 4 - 35 - 0.03212020699478065 0.028301831625867635 0 1 0
4 4 - 36 - 0.03723779398327073 0.033421421016100794 0 0 2
4 4 - 37 - 0.03343565232353285 0.030232401312484093 0 1 0
4 4 - 38 - 0.03148822399089113 0.031255907320883125 0 0 2
4 4 - 39 - 0.0443151940125972 0.026170441007707268 1 0 1
4 4 - 40 - 0.035162582663663976 0.03451265396627908 0 1 0
4 4 - 41 - 0.027192454358252384 0.02724888662730033 0 1 0
4 4 - 42 - 0.03147017633697639 0.030869921339520563 0 1 0
4 4 - 43 - 0.031992320999658354 0.03148634865647182 0 0 2
4 4 - 44 - 0.03129283232071126 0.030088811976990353 0 1 0
4 4 - 45 - 0.03310433165946355 0.03352907897594075 0 0 2
4 4 - 46 - 0.033381940331310034 0.03078321765254562 0 1 0
4 4 - 47 - 0.043814019998535514 0.028455655672587454 1 0 1
4 4 - 48 - 0.031324020645115525 0.031105084325342126 0 1 0
4 4 - 49 - 0.03647634600444387 0.03623646699512999 0 1 0
4 4 - 50 - 0.04267124666754777 0.028921181025604408 1 0 1
4 4 - 51 - 0.03169129864545539 0.0285637320096915 0 1 0
4 4 - 52 - 0.02851184265455231 0.02681687066797167 0 1 0
4 4 - 53 - 0.032905670697800815 0.033601385657675564 0 0 2
4 4 - 54 - 0.026670755663265783 0.02638602800046404 0 1 0
4 4 - 55 - 0.03322871099226177 0.028894759016111493 0 0 2
4 4 - 56 - 0.03307977633085102 0.03368195173485826 0 0 2
4 4 - 57 - 0.043972973323737584 0.02820362364097188 1 0 1
4 4 - 58 - 0.03947534868105625 0.03566840496690323 0 0 2
4 4 - 59 - 0.039859095336093255 0.03248709500379239 0 0 2
4 4 - 60 - 0.03223407901047419 0.032585129646273955 0 1 0
4 4 - 61 - 0.03178238368127495 0.030296170676592737 0 1 0
4 4 - 62 - 0.04406013201999789 0.026786964658337332 1 0 1
4 4 - 63 - 0.028343232018717874 0.028427999660683174 0 1 0
4 4 - 64 - 0.03129308302110682 0.032544200347426035 0 1 0
4 4 - 65 - 0.03157188365003094 0.03164509429673974 0 1 0
4 4 - 66 - 0.035508411684228726 0.03429540832682202 0 0 2
4 4 - 67 - 0.030565624319327377 0.028586573627156518 0 1 0
4 4 - 68 - 0.04363786332154026 0.028245162005381037 1 0 1
4 4 - 69 - 0.03676402432999263 0.03432453165684516 0 1 0
4 4 - 70 - 0.033776185320069395 0.033762286009732634 0 0 2
4 4 - 71 - 0.03392056532902643 0.034157490998040885 0 0 2
4 4 - 72 - 0.029628705019907407 0.029578795326718442 0 1 0
4 4 - 73 - 0.04295919100210692 0.028294602991081774 1 0 1
4 4 - 74 - 0.03351541899610311 0.03114302931741501 0 0 2
4 4 - 75 - 0.042912874661851674 0.028189384009844314 1 0 1
4 4 - 76 - 0.033888460311573 0.032241645676549524 0 0 2
4 4 - 77 - 0.034550798998679966 0.033696257354070745 0 0 2
4 4 - 78 - 0.0447195010104527 0.027904392666338634 1 0 1
4 4 - 79 - 0.033116201676117875 0.032645179327422134 0 1 0
4 4 - 80 - 0.03501450932041431 0.03249606133128206 0 0 2
4 4 - 81 - 0.03387478634249419 0.030859445687383413 0 0 2
4 4 - 82 - 0.033496452340235315 0.029183045650521915 0 0 2
4 4 - 83 - 0.03310231301778307 0.033094210686006896 0 0 2
4 4 - 84 - 0.03035247298733642 0.027151933677184086 0 1 0
4 4 - 85 - 0.030702737315247457 0.030173252996367715 0 1 0
4 4 - 86 - 0.035513545017844685 0.034433972323313355 0 0 2
4 4 - 87 - 0.03086056232374782 0.029841623346631724 0 1 0
4 4 - 88 - 0.03306030330713838 0.03092404396738857 0 1 0
4 4 - 89 - 0.029685646994039416 0.0294438999844715 0 1 0
4 4 - 90 - 0.03507664202091594 0.03298480399341012 0 0 2
4 4 - 91 - 0.03307311199993516 0.032019924333629504 0 1 0
4 4 - 92 - 0.03149895267173027 0.02989610300088922 0 1 0
4 4 - 93 - 0.046132063667755574 0.029610362680008016 1 0 1
4 4 - 94 - 0.031705283637469016 0.02869113532748694 0 0 2
4 4 - 95 - 0.03239266898405428 0.03151981967190902 0 0 2
4 4 - 96 - 0.03691107133636251 0.03165419236756861 0 0 2
4 4 - 97 - 0.030722878659920145 0.03211163063921655 0 1 0
4 4 - 98 - 0.02908658067462966 0.027401649684179574 0 1 0
4 4 - 99 - 0.03162884535656 0.030375304011007152 0 1 0
8 1 - 0 - 0.0940944830266138 0.0989732367064183 0 1 0
8 1 - 1 - 0.08018542368275425 0.07903323167314133 0 1 0
8 1 - 2 - 0.09245992498472333 0.09287338267313316 0 1 0
8 1 - 3 - 0.08665991200056548 0.08829220727784559 0 1 0
8 1 - 4 - 0.10554863202075163 0.07281282431601235 0 0 2
8 1 - 5 - 0.07994150566325213 0.07717866134286548 0 1 0
8 1 - 6 - 0.08450833034779255 0.0837517066587073 0 1 0
8 1 - 7 - 0.07925240435482313 0.07443393435096368 0 1 0
8 1 - 8 - 0.07715502833404267 0.07709768267037967 0 1 0
8 1 - 9 - 0.07364602167702591 0.07628273831990859 0 1 0
8 1 - 10 - 0.08656862599309534 0.08542731400423993 0 1 0
8 1 - 11 - 0.07965566132528086 0.0767490980021345 0 1 0
8 1 - 12 - 0.09445672332852457 0.08698837833556657 0 1 0
8 1 - 13 - 0.09689900164570038 0.09934177831746638 0 1 0
8 1 - 14 - 0.0911816493414032 0.0854030693299137 0 1 0
8 1 - 15 - 0.09330684934199478 0.0987291776885589 0 1 0
8 1 - 16 - 0.0773064869766434 0.07419177433863904 0 1 0
8 1 - 17 - 0.08777286465434979 0.08676532064176476 0 1 0
8 1 - 18 - 0.08469333534594625 0.09250195801723748 0 1 0
8 1 - 19 - 0.09511130165386324 0.08202193768617387 0 1 0
8 1 - 20 - 0.09017624702149382 0.09784526930889115 0 1 0
8 1 - 21 - 0.08287267066771165 0.075129309669137 0 1 0
8 1 - 22 - 0.10044381600649406 0.09217064565746114 0 1 0
8 1 - 23 - 0.1055500926837946 0.09227459765194605 0 1 0
8 1 - 24 - 0.09461871600554635 0.07828739169053733 0 0 2
8 1 - 25 - 0.09155179034375274 0.09288849398338546 0 1 0
8 1 - 26 - 0.09407083001375818 0.09120565031965573 0 1 0
8 1 - 27 - 0.09315994566228862 0.09029942500637844 0 1 0
8 1 - 28 - 0.09012090632071097 0.09232620667899027 0 1 0
8 1 - 29 - 0.09920161568637316 0.10250090900808573 0 1 0
8 1 - 30 - 0.09492883367541556 0.10773660632548854 0 1 0
8 1 - 31 - 0.10175707400776446 0.09121221164241433 0 0 2
8 1 - 32 - 0.07716287032235414 0.08007917733630165 0 1 0
8 1 - 33 - 0.08487363099508607 0.08326507301535457 0 1 0
8 1 - 34 - 0.08670641900971532 0.08347900867617378 0 1 0
8 1 - 35 - 0.07248346831571932 0.06696170432648312 0 1 0
8 1 - 36 - 0.09228890200999255 0.08770566930373509 0 1 0
8 1 - 37 - 0.08190926434084153 0.08015612565213814 0 1 0
8 1 - 38 - 0.08989410666981712 0.08820145899274698 0 1 0
8 1 - 39 - 0.09549491299549118 0.09887009102385491 0 1 0
8 1 - 40 - 0.08025722403544933 0.07681284464585285 0 1 0
8 1 - 41 - 0.07355009632495542 0.07856786301514754 0 1 0
8 1 - 42 - 0.09229802567278966 0.0894631616732416 0 1 0
8 1 - 43 - 0.09257617802359164 0.08943156632206714 0 1 0
8 1 - 44 - 0.08844240000083423 0.09035360135991748 0 1 0
8 1 - 45 - 0.08946166431996971 0.07952104200376198 0 1 0
8 1 - 46 - 0.09812320865845929 0.10348282201448455 0 1 0
8 1 - 47 - 0.07494812332636987 0.0729463580258501 0 1 0
8 1 - 48 - 0.10024291201261804 0.0901632213499397 0 1 0
8 1 - 49 - 0.09146501768069963 0.08248939799765746 0 0 2
8 1 - 50 - 0.09315200233443952 0.09522566798841581 0 1 0
8 1 - 51 - 0.09430843267667419 0.09474456432508305 0 1 0
8 1 - 52 - 0.10133261800122759 0.09798844533118731 0 1 0
8 1 - 53 - 0.09307664269969489 0.09618943667737767 0 1 0
8 1 - 54 - 0.10249439368878181 0.09345612434359889 0 1 0
8 1 - 55 - 0.0796394603094086 0.07388307002838701 0 1 0
8 1 - 56 - 0.08573203068226576 0.08084364301369837 0 1 0
8 1 - 57 - 0.09404894598992541 0.09784850695480903 0 1 0
8 1 - 58 - 0.09620177398513383 0.0930449859588407 0 1 0
8 1 - 59 - 0.09111552867883195 0.08693926401125887 0 1 0
8 1 - 60 - 0.09138799866195768 0.08889913535676897 0 1 0
8 1 - 61 - 0.09116711533473183 0.09361003500331813 0 1 0
8 1 - 62 - 0.08379118299732605 0.08210905295951912 0 1 0
8 1 - 63 - 0.10016463334128882 0.08980509068351239 0 1 0
8 1 - 64 - 0.09669453833096972 0.0943773426503564 0 1 0
8 1 - 65 - 0.09333070499512056 0.09394765798545752 0 1 0
8 1 - 66 - 0.08064069633837789 0.07602048966024691 0 1 0
8 1 - 67 - 0.09782354599641015 0.09622224168075869 0 1 0
8 1 - 68 - 0.09604009531904012 0.09189550466059397 0 1 0
8 1 - 69 - 0.08560600667260587 0.08672339634116118 0 1 0
8 1 - 70 - 0.10972152966617918 0.09116034898518896 0 1 0
8 1 - 71 - 0.112520555635759 0.09347734835076457 0 1 0
8 1 - 72 - 0.09139133132218073 0.0937108636717312 0 1 0
8 1 - 73 - 0.09204959933413193 0.09640984202269465 0 1 0
8 1 - 74 - 0.08709825466697414 0.09427672500411668 0 1 0
8 1 - 75 - 0.08859317633323371 0.0835518607054837 0 1 0
8 1 - 76 - 0.09591912798350677 0.09922303298177818 0 1 0
8 1 - 77 - 0.09746148200550427 0.10333235001113887 0 1 0
8 1 - 78 - 0.09786452999105677 0.08780066766000043 0 1 0
8 1 - 79 - 0.08617117133690044 0.09516420731476198 0 1 0
8 1 - 80 - 0.0943056476729301 0.0960263783344999 0 1 0
8 1 - 81 - 0.09207120399999742 0.0957233363102811 0 1 0
8 1 - 82 - 0.15516968366379538 0.07680583432860053 0 0 2
8 1 - 83 - 0.10389991168631241 0.08169461666451146 0 0 2
8 1 - 84 - 0.09552118096811076 0.08176185766933486 0 1 0
8 1 - 85 - 0.08499235632674149 0.0821585919863234 0 1 0
8 1 - 86 - 0.08597555665376906 0.08971030034202461 0 1 0
8 1 - 87 - 0.08735278865788132 0.08498472867844005 0 1 0
8 1 - 88 - 0.09424806933384389 0.09137362864566967 0 1 0
8 1 - 89 - 0.08670853932077686 0.08651977333162601 0 1 0
8 1 - 90 - 0.09262187701339522 0.08959947668093567 0 1 0
8 1 - 91 - 0.08929226933590448 0.10605027967055018 0 1 0
8 1 - 92 - 0.08578022532553102 0.08309172363563752 0 1 0
8 1 - 93 - 0.10921734567576398 0.07086075566864262 0 1 0
8 1 - 94 - 0.12063280566750716 0.10261539365941039 0 1 0
8 1 - 95 - 0.09946018870687112 0.09322229732060805 0 1 0
8 1 - 96 - 0.07967452435210969 0.08164285505578543 0 1 0
8 1 - 97 - 0.09694672732924421 0.08950080866149317 0 1 0
8 1 - 98 - 0.09788737967998411 0.09455299833401416 0 1 0
8 1 - 99 - 0.09079753299010918 0.0865987836344478 0 1 0
8 2 - 0 - 0.09033391898265108 0.130535703288236 0 1 0
8 2 - 1 - 0.0891262039852639 0.08672238238311061 0 1 0
8 2 - 2 - 0.0978351053587782 0.1373724330139036 0 1 0
8 2 - 3 - 0.09244315268006176 0.10792658264593531 0 1 0
8 2 - 4 - 0.09225895434307556 0.07638356865694126 0 0 2
8 2 - 5 - 0.08237487968290225 0.10424131766194478 0 1 0
8 2 - 6 - 0.09044910732579108 0.08563060565696408 0 1 0
8 2 - 7 - 0.08033680399724592 0.08643910865066573 0 1 0
8 2 - 8 - 0.08188696065917611 0.11591423733625561 0 1 0
8 2 - 9 - 0.07793526033249994 0.12218551502640669 0 1 0
8 2 - 10 - 0.0857569386716932 0.0962105543197443 0 1 0
8 2 - 11 - 0.08956310500313218 0.08064442702258627 0 1 0
8 2 - 12 - 0.09593969732911016 0.09571689134463668 0 0 2
8 2 - 13 - 0.10601497635555764 0.10323506098939106 0 0 2
8 2 - 14 - 0.09214358398457989 0.09065455665889506 0 1 0
8 2 - 15 - 0.09701205933621775 0.09902809298364446 0 0 2
8 2 - 16 - 0.08244600368198007 0.0786195807158947 0 1 0
8 2 - 17 - 0.09863995799484353 0.1256390233368923 0 1 0
8 2 - 18 - 0.09196547601216783 0.13138110795989633 0 1 0
8 2 - 19 - 0.09725349334379037 0.08359553531045094 0 0 2
8 2 - 20 - 0.09796569434305032 0.1519978639941352 0 1 0
8 2 - 21 - 0.0983455183256107 0.08154371764976531 0 1 0
8 2 - 22 - 0.10097557898067558 0.0901534580043517 0 0 2
8 2 - 23 - 0.1220175296572658 0.09001373901264742 0 0 2
8 2 - 24 - 0.08942210767418146 0.08221345000977938 0 0 2
8 2 - 25 - 0.09903450702161838 0.0929144886516345 0 0 2
8 2 - 26 - 0.09674832399468869 0.09940372733399272 0 0 2
8 2 - 27 - 0.09351874666754156 0.10741319031997895 0 1 0
8 2 - 28 - 0.09324910233650978 0.1055730363392892 0 0 2
8 2 - 29 - 0.09452209732262418 0.10942441133859877 0 1 0
8 2 - 30 - 0.10492796066682786 0.09819894035657246 0 0 2
8 2 - 31 - 0.10408025533736995 0.09845797896074752 0 0 2
8 2 - 32 - 0.08782157530852903 0.11158911765475446 0 1 0
8 2 - 33 - 0.08134973833026986 0.11634606431471184 0 1 0
8 2 - 34 - 0.10266350531795372 0.1081009290064685 0 1 0
8 2 - 35 - 0.07432787133924042 0.07952110900077969 0 1 0
8 2 - 36 - 0.0988861419997799 0.10558855065998311 0 1 0
8 2 - 37 - 0.0840948840098766 0.10260228199573855 0 1 0
8 2 - 38 - 0.09582197598259275 0.08991761668585241 0 1 0
8 2 - 39 - 0.10776762734167278 0.09878619300434366 0 0 2
8 2 - 40 - 0.08151353400899097 0.08098118501948193 0 1 0
8 2 - 41 - 0.07852422966000934 0.10454812131744498 0 1 0
8 2 - 42 - 0.08493995633519565 0.09215988833845283 0 0 2
8 2 - 43 - 0.0969949320036297 0.09343952701116601 0 1 0
8 2 - 44 - 0.10103930598900965 0.09192538632002349 0 0 2
8 2 - 45 - 0.09295750566525385 0.09278818964958191 0 1 0
8 2 - 46 - 0.10473295097472146 0.10638616032277544 0 1 0
8 2 - 47 - 0.07750540300427626 0.08263702201656997 0 1 0
8 2 - 48 - 0.08636347866073872 0.11141426700244969 0 1 0
8 2 - 49 - 0.08722242031944916 0.08587409699490915 0 0 2
8 2 - 50 - 0.09404122868242362 0.09651599131757393 0 1 0
8 2 - 51 - 0.09913875866914168 0.09648264399341618 0 0 2
8 2 - 52 - 0.10231146066992854 0.10425873300603901 0 0 2
8 2 - 53 - 0.10270559199852869 0.1380121560068801 0 1 0
8 2 - 54 - 0.08654926965634029 0.1286760686780326 0 1 0
8 2 - 55 - 0.08298118034144863 0.07924806834974638 0 1 0
8 2 - 56 - 0.09086831732808302 0.12436912804453944 0 1 0
8 2 - 57 - 0.09893195267068222 0.10120135766919702 0 0 2
8 2 - 58 - 0.0974728690343909 0.10181517697249849 0 1 0
8 2 - 59 - 0.09431324734274918 0.09406205167761073 0 1 0
8 2 - 60 - 0.09720316996875529 0.09224747965345159 0 1 0
8 2 - 61 - 0.09041008165028566 0.09469768701819703 0 0 2
8 2 - 62 - 0.08460028131958097 0.08491906168637797 0 0 2
8 2 - 63 - 0.11816976168969025 0.11750033200951293 0 1 0
8 2 - 64 - 0.10078338900348172 0.10874003967425475 0 0 2
8 2 - 65 - 0.10672831801154341 0.0925180646784914 0 0 2
8 2 - 66 - 0.08005615634222825 0.0784757073270157 0 1 0
8 2 - 67 - 0.0984810763426746 0.14038569833307216 0 1 0
8 2 - 68 - 0.098256356024649 0.10105571565994373 0 1 0
8 2 - 69 - 0.09168521200384325 0.0903463286619323 0 1 0
8 2 - 70 - 0.0957924293470569 0.09449589599777634 0 0 2
8 2 - 71 - 0.09800839800542842 0.09103858337039128 0 0 2
8 2 - 72 - 0.11024925364957501 0.0897536520108891 0 1 0
8 2 - 73 - 0.10209670767653733 0.10061511700041592 0 1 0
8 2 - 74 - 0.0865276733529754 0.0857720763112108 0 0 2
8 2 - 75 - 0.09889550000661984 0.08575858297990635 0 1 0
8 2 - 76 - 0.11498798666677128 0.1351810386404395 0 1 0
8 2 - 77 - 0.10752787233407919 0.09360633398561427 0 0 2
8 2 - 78 - 0.08868838598330815 0.112208990030922 0 1 0
8 2 - 79 - 0.08104763300313304 0.11825733333049963 0 1 0
8 2 - 80 - 0.1100167183127875 0.09752376631756002 0 1 0
8 2 - 81 - 0.09210273132581884 0.09232546132989228 0 0 2
8 2 - 82 - 0.12171763901521142 0.08166772433711837 0 0 2
8 2 - 83 - 0.0910264519819369 0.08820908468139048 0 0 2
8 2 - 84 - 0.09653172900046532 0.08776336896698922 0 0 2
8 2 - 85 - 0.09000107265698412 0.08606788469478488 0 1 0
8 2 - 86 - 0.08933908032486215 0.11591289103186378 0 1 0
8 2 - 87 - 0.0955874799983576 0.08873125833148758 0 0 2
8 2 - 88 - 0.10176612764674549 0.09113074229874958 0 0 2
8 2 - 89 - 0.08886665233876556 0.08567835334300374 0 1 0
8 2 - 90 - 0.095950184991428 0.09658242432245363 0 0 2
8 2 - 91 - 0.08969765065315491 0.14167306933086365 0 1 0
8 2 - 92 - 0.08954540564445779 0.098711998318322 0 1 0
8 2 - 93 - 0.0789095673438472 0.07177537365350872 0 1 0
8 2 - 94 - 0.11282505135750398 0.09724811136644955 0 0 2
8 2 - 95 - 0.0990415446770688 0.09665542633350319 0 0 2
8 2 - 96 - 0.08595526067074388 0.11186718733127539 0 1 0
8 2 - 97 - 0.09977671767895421 0.08861770265502855 0 0 2
8 2 - 98 - 0.11618502765971546 0.10699347167974338 0 0 2
8 2 - 99 - 0.09348377401086812 0.08825890298855181 0 1 0
8 4 - 0 - 0.1033488839942341 0.10852109068461384 0 0 2
8 4 - 1 - 0.08865767234237865 0.11167045636102557 0 1 0
8 4 - 2 - 0.10571809968678281 0.1291271016622583 0 0 2
8 4 - 3 - 0.09564964898163453 0.09527529533564423 0 1 0
8 4 - 4 - 0.11635264899814501 0.08859347802354023 0 0 2
8 4 - 5 - 0.11575551835509638 0.09006562462309375 0 0 2
8 4 - 6 - 0.09657529564962411 0.09764635766623542 0 1 0
8 4 - 7 - 0.09026722231647 0.08355244134630387 0 1 0
8 4 - 8 - 0.10060528966520603 0.16661945866265643 0 1 0
8 4 - 9 - 0.08669689165738721 0.09504681032073373 0 1 0
8 4 - 10 - 0.09531615866580978 0.09959304567504054 0 1 0
8 4 - 11 - 0.10149958266022927 0.09199503099080175 0 1 0
8 4 - 12 - 0.1048514543605658 0.1205093430277581 0 0 2
8 4 - 13 - 0.12803723166386285 0.1660232990204046 0 0 2
8 4 - 14 - 0.0973153209973437 0.10795258266928916 0 1 0
8 4 - 15 - 0.10198109432045992 0.10737727266193058 0 0 2
8 4 - 16 - 0.09408416267251596 0.09040104797653233 0 1 0
8 4 - 17 - 0.10087120598958184 0.13258966797729954 0 0 2
8 4 - 18 - 0.09905435100275402 0.12411403465860833 0 1 0
8 4 - 19 - 0.09613841267613074 0.0953755906666629 0 0 2
8 4 - 20 - 0.10610449300535645 0.17200217535719275 0 0 2
8 4 - 21 - 0.1024619570040765 0.09364315366838127 0 1 0
8 4 - 22 - 0.10812871598560983 0.12405398435657844 0 0 2
8 4 - 23 - 0.11079073769118016 0.09869405466209476 0 0 2
8 4 - 24 - 0.10116965632187203 0.09624642168637365 0 0 2
8 4 - 25 - 0.11759013001574203 0.12467091598470385 0 0 2
8 4 - 26 - 0.1027356359991245 0.1099954370292835 0 0 2
8 4 - 27 - 0.10546806398391102 0.11343177970654021 0 1 0
8 4 - 28 - 0.10991380868169169 0.1478005389799364 0 0 2
8 4 - 29 - 0.11861404733887564 0.11174168299961214 0 0 2
8 4 - 30 - 0.11223442866078889 0.13967148135028157 0 0 2
8 4 - 31 - 0.10916959601066387 0.10325492233581221 0 0 2
8 4 - 32 - 0.09727066964842379 0.18653627502499148 0 1 0
8 4 - 33 - 0.0958938819821924 0.17230115099422014 0 1 0
8 4 - 34 - 0.11152070434764028 0.12318678299197927 0 0 2
8 4 - 35 - 0.08233230935487275 0.10506962734507397 0 1 0
8 4 - 36 - 0.10294486467804138 0.10158513466982792 0 1 0
8 4 - 37 - 0.09311497535478945 0.09923946432536468 0 1 0
8 4 - 38 - 0.10896175201438989 0.10292668365097295 0 1 0
8 4 - 39 - 0.11043327967248236 0.13288759399438277 0 0 2
8 4 - 40 - 0.09016539866570383 0.09021235100226477 0 1 0
8 4 - 41 - 0.09440712535676235 0.1705331190217597 0 1 0
8 4 - 42 - 0.10093229066114873 0.1062049189931713 0 0 2
8 4 - 43 - 0.10444846431103845 0.09911394332690786 0 1 0
8 4 - 44 - 0.10097183467587456 0.12086085100114966 0 0 2
8 4 - 45 - 0.09872944497813782 0.09162992000347003 0 1 0
8 4 - 46 - 0.11211484600789845 0.12602075765607879 0 1 0
8 4 - 47 - 0.0871894613179999 0.08698140798757473 0 1 0
8 4 - 48 - 0.09150937067655227 0.11257191801754138 0 0 2
8 4 - 49 - 0.09749943766898166 0.09217529802117497 0 0 2
8 4 - 50 - 0.10351092201502372 0.10879897663835436 0 1 0
8 4 - 51 - 0.10506892231448242 0.11822756498198335 0 0 2
8 4 - 52 - 0.11078874266240746 0.12301044169968614 0 0 2
8 4 - 53 - 0.10509221032649899 0.10427697464668502 0 1 0
8 4 - 54 - 0.10803105767505865 0.09859053402518232 0 0 2
8 4 - 55 - 0.0919049903168343 0.08626146738727887 0 1 0
8 4 - 56 - 0.10785159668497121 0.09365296336666992 0 0 2
8 4 - 57 - 0.10531162831466645 0.13340151666974026 0 0 2
8 4 - 58 - 0.10521654668264091 0.10639940132386982 0 1 0
8 4 - 59 - 0.10023960034595802 0.1082818476910082 0 1 0
8 4 - 60 - 0.1045681910084871 0.10226050832231219 0 1 0
8 4 - 61 - 0.10151107500617702 0.13871867366833612 0 0 2
8 4 - 62 - 0.09643027667577068 0.10757360333809629 0 0 2
8 4 - 63 - 0.11447888667074343 0.12293757764079298 0 0 2
8 4 - 64 - 0.11846472369506955 0.12778802866038555 0 0 2
8 4 - 65 - 0.10545601299963892 0.11848846334032714 0 0 2
8 4 - 66 - 0.08976007369346917 0.09186449097857499 0 1 0
8 4 - 67 - 0.11630604899255559 0.16036553067776066 0 0 2
8 4 - 68 - 0.1011757073380674 0.09965848965415111 0 1 0
8 4 - 69 - 0.09740096101692568 0.10685422199700649 0 1 0
8 4 - 70 - 0.11339864932233468 0.0994638649863191 0 0 2
8 4 - 71 - 0.10434224931911255 0.10236712970072404 0 0 2
8 4 - 72 - 0.11607721432422598 0.116233577990594 0 1 0
8 4 - 73 - 0.10808217963979891 0.10567505399618919 0 1 0
8 4 - 74 - 0.09202160767745227 0.0970583683423077 0 0 2
8 4 - 75 - 0.09463609898618112 0.09816717833746225 0 1 0
8 4 - 76 - 0.1311598676838912 0.11675426800502464 0 0 2
8 4 - 77 - 0.10669045934143166 0.1081185953419966 0 0 2
8 4 - 78 - 0.08965991367585957 0.091181002673693 0 0 2
8 4 - 79 - 0.08355201066782077 0.09043936734087765 0 0 2
8 4 - 80 - 0.1071725613437593 0.11193657136755064 0 1 0
8 4 - 81 - 0.09594189901448166 0.10943778233680254 0 0 2
8 4 - 82 - 0.11568893032381311 0.08907196565996855 0 0 2
8 4 - 83 - 0.10468413034686819 0.11426543000076587 0 0 2
8 4 - 84 - 0.10339640265253063 0.10944107101143649 0 0 2
8 4 - 85 - 0.09717787532523894 0.09409694198984653 0 1 0
8 4 - 86 - 0.10120142998251443 0.10782320366706699 0 1 0
8 4 - 87 - 0.09424400768087556 0.11145585532843445 0 0 2
8 4 - 88 - 0.10821579666420196 0.1009081516919347 0 0 2
8 4 - 89 - 0.09522316500078887 0.09510454496679206 0 1 0
8 4 - 90 - 0.10516658499060819 0.1463821716606617 0 0 2
8 4 - 91 - 0.09460359033740436 0.11618794898580138 0 0 2
8 4 - 92 - 0.09876461664680392 0.10472925868816674 0 1 0
8 4 - 93 - 0.09324578032828867 0.08767394702105473 0 1 0
8 4 - 94 - 0.1280837580173587 0.11447565100388601 0 0 2
8 4 - 95 - 0.1123953436811765 0.1453758419957012 0 0 2
8 4 - 96 - 0.09482582266597699 0.13096737031204003 0 0 2
8 4 - 97 - 0.1039512959929804 0.10772567801177502 0 0 2
8 4 - 98 - 0.10573786000410716 0.11955705366563052 0 0 2
8 4 - 99 - 0.10102587466826662 0.09718799065255249 0 1 0
8 8 - 0 - 0.10784573300043121 0.09967685335626204 0 0 2
8 8 - 1 - 0.10344345865693563 0.1089341000188142 0 1 0
8 8 - 2 - 0.12962256034370512 0.12493434495991096 0 0 2
8 8 - 3 - 0.10768094332888722 0.11545922331667194 0 1 0
8 8 - 4 - 0.10842622168517362 0.09601929401590799 0 0 2
8 8 - 5 - 0.09441484398363778 0.11197007267037407 0 0 2
8 8 - 6 - 0.10633478734719877 0.1119714406862234 0 1 0
8 8 - 7 - 0.09717477735830471 0.1000045036780648 0 1 0
8 8 - 8 - 0.09260545368306339 0.14443445535531887 0 0 2
8 8 - 9 - 0.09621754901794095 0.0969341873230102 0 1 0
8 8 - 10 - 0.10217959202903633 0.11589855332082759 0 1 0
8 8 - 11 - 0.09753453166922554 0.1055369209886218 0 1 0
8 8 - 12 - 0.11271143968527517 0.15529835129079098 0 0 2
8 8 - 13 - 0.1161479030076104 0.15216991569225988 0 0 2
8 8 - 14 - 0.1047379650020351 0.11321627899693947 0 1 0
8 8 - 15 - 0.1131480333278887 0.12507417330440754 0 0 2
8 8 - 16 - 0.0993389050127007 0.10109741537598893 0 1 0
8 8 - 17 - 0.11882134497864172 0.12210635169564436 0 0 2
8 8 - 18 - 0.1040629946704333 0.11921292999371265 0 1 0
8 8 - 19 - 0.10758020300030088 0.11306948532971244 0 0 2
8 8 - 20 - 0.1078103226609528 0.12299832367959122 0 0 2
8 8 - 21 - 0.1159786203255256 0.10409060068195686 0 1 0
8 8 - 22 - 0.11403223163991545 0.11890821034709613 0 0 2
8 8 - 23 - 0.12296806167190273 0.1244980803069969 0 0 2
8 8 - 24 - 0.10914035032813749 0.09986249565069254 0 0 2
8 8 - 25 - 0.10801101099544515 0.12352562235901132 0 0 2
8 8 - 26 - 0.12040474797443798 0.12355967768235132 0 0 2
8 8 - 27 - 0.10620980300397302 0.1183748629797871 0 1 0
8 8 - 28 - 0.10805740667274222 0.11294550900735582 0 0 2
8 8 - 29 - 0.136394078998516 0.10778251703595743 0 0 2
8 8 - 30 - 0.12188205800096814 0.13330949932181588 0 0 2
8 8 - 31 - 0.1241459939822865 0.12358788298054908 0 0 2
8 8 - 32 - 0.09547654399648309 0.14237195067107677 0 0 2
8 8 - 33 - 0.11079618930428599 0.11791866266867146 0 0 2
8 8 - 34 - 0.11490740068256855 0.1295765296672471 0 0 2
8 8 - 35 - 0.09032021666644141 0.0948483586932222 0 1 0
8 8 - 36 - 0.10668367999217783 0.12148998031625524 0 1 0
8 8 - 37 - 0.10924197735342508 0.1144760946626775 0 1 0
8 8 - 38 - 0.10827232835193475 0.11417353731424858 0 1 0
8 8 - 39 - 0.11416042733859892 0.1415742909690986 0 0 2
8 8 - 40 - 0.10326908200901622 0.10355270533667256 0 1 0
8 8 - 41 - 0.1077654486677299 0.12388810236006975 0 0 2
8 8 - 42 - 0.1071266890115415 0.12968230204811942 0 0 2
8 8 - 43 - 0.11717969964956865 0.1338218070062188 0 1 0
8 8 - 44 - 0.12955987067349875 0.1341806127068897 0 0 2
8 8 - 45 - 0.10278120064564669 0.1089200813245649 0 1 0
8 8 - 46 - 0.11646533099701628 0.12800295097986236 0 1 0
8 8 - 47 - 0.09475788633183886 0.0948825316542449 0 1 0
8 8 - 48 - 0.1143958893371746 0.10643081498953204 0 0 2
8 8 - 49 - 0.10404474864481017 0.10524638633554181 0 0 2
8 8 - 50 - 0.11441713235884284 0.1317551546768906 0 1 0
8 8 - 51 - 0.11550870136125013 0.14429872535401955 0 0 2
8 8 - 52 - 0.11948620366941518 0.13377889565890655 0 0 2
8 8 - 53 - 0.1110951453059291 0.1375394863425754 0 1 0
8 8 - 54 - 0.10334373665197442 0.11837265566767503 0 0 2
8 8 - 55 - 0.1022440316931655 0.09887785435421392 0 1 0
8 8 - 56 - 0.10012558333498116 0.12964634001643086 0 0 2
8 8 - 57 - 0.1255898239905946 0.12196294132930537 0 0 2
8 8 - 58 - 0.1159228029816101 0.12363701998644198 0 1 0
8 8 - 59 - 0.11134114599553868 0.12697752167393145 0 1 0
8 8 - 60 - 0.11185137997381389 0.12256730233396713 0 1 0
8 8 - 61 - 0.11011179501656443 0.11192704434506595 0 0 2
8 8 - 62 - 0.11406364132805417 0.13692372133179256 0 0 2
8 8 - 63 - 0.10281744665311028 0.1234870883442151 0 0 2
8 8 - 64 - 0.11851358733838424 0.13634870065531385 0 0 2
8 8 - 65 - 0.10950122666933264 0.11235171769900869 0 0 2
8 8 - 66 - 0.10200602266316612 0.10135580702141547 0 1 0
8 8 - 67 - 0.11654456964849184 0.14861004399911812 0 0 2
8 8 - 68 - 0.10709250365228702 0.11986071532980228 0 1 0
8 8 - 69 - 0.10794342866089816 0.11221274331910536 0 1 0
8 8 - 70 - 0.11332520733897886 0.12053682102123275 0 0 2
8 8 - 71 - 0.11082269433730592 0.13631649635499343 0 0 2
8 8 - 72 - 0.10799975035479292 0.10633971831218028 0 1 0
8 8 - 73 - 0.11338096131415416 0.12012482830323279 0 1 0
8 8 - 74 - 0.10656823799945414 0.12172770267352462 0 0 2
8 8 - 75 - 0.10190664534457028 0.11060755467042327 0 1 0
8 8 - 76 - 0.1120394909909616 0.1427077726693824 0 0 2
8 8 - 77 - 0.11152651102747768 0.12680206401273608 0 0 2
8 8 - 78 - 0.10087353530495118 0.13439395501821613 0 0 2
8 8 - 79 - 0.09257251466624439 0.1046900896859976 0 0 2
8 8 - 80 - 0.11615436968471234 0.13260276264433438 0 1 0
8 8 - 81 - 0.10285297131243472 0.12828667199937627 0 0 2
8 8 - 82 - 0.13157851301366463 0.09877159368867676 0 0 2
8 8 - 83 - 0.10949311733323461 0.11296486800226073 0 0 2
8 8 - 84 - 0.10573983731834839 0.10228190703007083 0 0 2
8 8 - 85 - 0.10666572065868725 0.10968911901970083 0 1 0
8 8 - 86 - 0.106980192339203 0.11292660403220603 0 1 0
8 8 - 87 - 0.1142058203307291 0.11687119369162247 0 0 2
8 8 - 88 - 0.1145118743297644 0.11725141170124212 0 0 2
8 8 - 89 - 0.10684413699588428 0.11281461400600772 0 1 0
8 8 - 90 - 0.11504446897500505 0.12858796829823405 0 0 2
8 8 - 91 - 0.1004031896785212 0.12993441330036148 0 0 2
8 8 - 92 - 0.10507246799534187 0.10794645497420181 0 1 0
8 8 - 93 - 0.12004622465853268 0.10938101900198186 0 1 0
8 8 - 94 - 0.14182275966353092 0.1355448576893347 0 0 2
8 8 - 95 - 0.12598325566311058 0.14966499632767713 0 0 2
8 8 - 96 - 0.10545313267114884 0.10871538265685862 0 0 2
8 8 - 97 - 0.10240240098210052 0.11781983729451895 0 0 2
8 8 - 98 - 0.1180016986715297 0.14248294129113978 0 0 2
8 8 - 99 - 0.10345000899784888 0.105155347691228 0 1 0
16 1 - 0 - 0.3168696136563085 0.2973587293527089 0 1 0
16 1 - 1 - 0.5815331803169101 0.3927319793147035 0 0 2
16 1 - 2 - 0.3143074106774293 0.46226387533048785 0 1 0
16 1 - 3 - 0.31806543801212683 0.28632478734167915 0 1 0
16 1 - 4 - 0.36541877368775505 0.30688702398523066 0 1 0
16 1 - 5 - 0.30393832766761386 0.27506071430010104 0 1 0
16 1 - 6 - 0.39012042801671976 0.31096822496814036 0 1 0
16 1 - 7 - 0.36734610200316337 0.3207061803162408 0 1 0
16 1 - 8 - 0.5080834740268377 0.2949178929945144 0 1 0
16 1 - 9 - 0.27932635134008404 0.26392586199411505 0 1 0
16 1 - 10 - 0.3209696363386077 0.29189995765530813 0 1 0
16 1 - 11 - 0.4797227280214429 0.3531868696445599 0 1 0
16 1 - 12 - 0.2991668463218957 0.27124752765909454 0 1 0
16 1 - 13 - 0.35250719731751207 0.30931192832455656 0 1 0
16 1 - 14 - 0.37199313833843917 0.29079163163745153 0 1 0
16 1 - 15 - 0.3089869043518168 0.2773730866611004 0 1 0
16 1 - 16 - 0.36510297865606844 0.32594154534551006 0 1 0
16 1 - 17 - 0.33148829233444604 0.3075296056534474 0 1 0
16 1 - 18 - 0.288220588331266 0.2718913253435555 0 1 0
16 1 - 19 - 0.309937454003375 0.387903530014834 0 1 0
16 1 - 20 - 0.41652766832460963 0.31703344132984057 0 1 0
16 1 - 21 - 0.3572042000014335 0.3380195646896027 0 1 0
16 1 - 22 - 0.40095826965989545 0.2979087350346769 0 1 0
16 1 - 23 - 0.3242581453329573 0.30479866433112573 0 1 0
16 1 - 24 - 0.3441984776485091 0.2978553516441025 0 1 0
16 1 - 25 - 0.36799240933032706 0.2853913566796109 0 1 0
16 1 - 26 - 0.2628016923166191 0.24904685269575566 0 1 0
16 1 - 27 - 0.36637890465014306 0.3540816800086759 0 1 0
16 1 - 28 - 0.33629872700354707 0.3133122683696759 0 1 0
16 1 - 29 - 0.33043939800700173 0.30166142833574366 0 1 0
16 1 - 30 - 0.3200707119928362 0.28639858633202186 0 1 0
16 1 - 31 - 0.3149027283264635 0.286684772989247 0 1 0
16 1 - 32 - 0.34148770101213205 0.43847794564984116 0 1 0
16 1 - 33 - 0.30278122900441906 0.3033475883227462 0 1 0
16 1 - 34 - 0.34845889400457963 0.3466354366779948 0 1 0
16 1 - 35 - 0.3350375743272404 0.3122590996596652 0 1 0
16 1 - 36 - 0.3054296106953795 0.29227944533340633 0 1 0
16 1 - 37 - 0.34457596533078083 0.38222100434359163 0 1 0
16 1 - 38 - 0.31445404167364666 0.3246103133424185 0 1 0
16 1 - 39 - 0.3160801373499756 0.28288435002711293 0 1 0
16 1 - 40 - 0.2448107153371287 0.24528114701388404 0 1 0
16 1 - 41 - 0.37729710633478436 0.4343594220117666 0 1 0
16 1 - 42 - 0.2994479433206531 0.4262920660160792 0 1 0
16 1 - 43 - 0.3663771950135318 0.381879793984505 0 1 0
16 1 - 44 - 0.36908999900333583 0.31423736532451585 0 1 0
16 1 - 45 - 0.36188998067518696 0.27274151367601007 0 1 0
16 1 - 46 - 0.33543957434206584 0.3613738363298277 0 1 0
16 1 - 47 - 0.3261979526723735 0.3204952766536735 0 1 0
16 1 - 48 - 0.37178386833208305 0.5201720130086566 0 1 0
16 1 - 49 - 0.2902918690039466 0.28143067500786856 0 1 0
16 1 - 50 - 0.27090818165258196 0.24858132198763389 0 1 0
16 1 - 51 - 0.39713223967313144 0.3778177693408603 0 1 0
16 1 - 52 - 0.4472840783225062 0.3184213733378177 0 1 0
16 1 - 53 - 0.28737670268553 0.31026586864997324 0 1 0
16 1 - 54 - 0.30355238235400367 0.30758134165080264 0 1 0
16 1 - 55 - 0.3263049539915907 0.3198032609846753 0 1 0
16 1 - 56 - 0.3192820139811374 0.28960185633817065 0 1 0
16 1 - 57 - 0.2987530536677999 0.27302132370338467 0 1 0
16 1 - 58 - 0.3736803200057087 0.3215680833285054 0 1 0
16 1 - 59 - 0.3761608899997858 0.32664137632430845 0 1 0
16 1 - 60 - 0.3479939983420384 0.31315216270741075 0 1 0
16 1 - 61 - 0.31525848867992556 0.31524239139010507 0 1 0
16 1 - 62 - 0.3769654100178741 0.378983648668509 0 1 0
16 1 - 63 - 0.3133010136468026 0.3300840696513963 0 1 0
16 1 - 64 - 0.3537614126495707 0.3873602560294482 0 1 0
16 1 - 65 - 0.31970239634392783 0.2894052236612576 0 1 0
16 1 - 66 - 0.33852427534293383 0.2907628290122375 0 1 0
16 1 - 67 - 0.306886103314658 0.29762316297274083 0 1 0
16 1 - 68 - 0.33842629101127386 0.29563439035943395 0 1 0
16 1 - 69 - 0.4833010613413838 0.33684810631287593 0 1 0
16 1 - 70 - 0.3589242493423323 0.2734025556322498 0 1 0
16 1 - 71 - 0.365855327671549 0.33673951997964957 0 1 0
16 1 - 72 - 0.40896149033990997 0.35051747265970334 0 1 0
16 1 - 73 - 0.3083981003340644 0.32564706766667467 0 1 0
16 1 - 74 - 0.3536858326406218 0.31578945700312033 0 1 0
16 1 - 75 - 0.26984183631914976 0.2341632703319192 0 1 0
16 1 - 76 - 0.33428851367595297 0.30149217599925277 0 1 0
16 1 - 77 - 0.3585788046669525 0.31320535502163693 0 1 0
16 1 - 78 - 0.3470273073374604 0.2868221756652929 0 1 0
16 1 - 79 - 0.30996745033189654 0.2787487273259709 0 1 0
16 1 - 80 - 0.3554163256776519 0.41485930333146825 0 1 0
16 1 - 81 - 0.34875259833643213 0.3272807776617507 0 1 0
16 1 - 82 - 0.3569273629885477 0.33188583432153484 0 1 0
16 1 - 83 - 0.3586898100135537 0.4479559350099104 0 1 0
16 1 - 84 - 0.34570774032423895 0.3228469963457125 0 1 0
16 1 - 85 - 0.42726750631118193 0.4394298300030641 0 1 0
16 1 - 86 - 0.3190939153622215 0.33372919901739806 0 1 0
16 1 - 87 - 0.3210448943427764 0.28906366298906505 0 1 0
16 1 - 88 - 0.36526328631831956 0.32518809601121274 0 1 0
16 1 - 89 - 0.3545439593338718 0.3220106950029731 0 1 0
16 1 - 90 - 0.3680452353437431 0.30151899067762616 0 1 0
16 1 - 91 - 0.35432613268494606 0.3101812209739971 0 1 0
16 1 - 92 - 0.46802779368590564 0.35420823099169263 0 1 0
16 1 - 93 - 0.38021997498193133 0.43457162102761987 0 1 0
16 1 - 94 - 0.32380991568788886 0.3122985046550942 0 1 0
16 1 - 95 - 0.2921420173176254 0.2690464273716013 0 1 0
16 1 - 96 - 0.30928088831327233 0.2757634696899913 0 1 0
16 1 - 97 - 0.3630984143431609 0.31109678401844576 0 1 0
16 1 - 98 - 0.37938498800698045 0.3237520979794984 0 1 0
16 1 - 99 - 0.38536917998377856 0.34127449698280543 0 1 0
16 2 - 0 - 0.3319858626734155 0.537064896003964 0 1 0
16 2 - 1 - 0.42232420733974624 0.5301720199834866 0 0 2
16 2 - 2 - 0.3611494359987167 0.7708451003224278 0 1 0
16 2 - 3 - 0.3203519826444487 0.30149134566696983 0 1 0
16 2 - 4 - 0.36846220400184393 0.39478389200909686 0 1 0
16 2 - 5 - 0.3055895513195234 0.620098720304668 0 1 0
16 2 - 6 - 0.36149645765544847 0.7778983703465201 0 0 2
16 2 - 7 - 0.35633732632656273 0.6471064446765619 0 0 2
16 2 - 8 - 0.5291919986678597 0.7996083619849135 0 0 2
16 2 - 9 - 0.3166599369918307 0.2688203493404823 0 1 0
16 2 - 10 - 0.3255246486514807 0.4466271856993747 0 1 0
16 2 - 11 - 0.40842568534814444 0.5347188663242074 0 1 0
16 2 - 12 - 0.31215845100814477 0.3366359229936885 0 1 0
16 2 - 13 - 0.38475474234049517 0.5166818210079024 0 1 0
16 2 - 14 - 0.38669547900402296 0.5408767153664181 0 1 0
16 2 - 15 - 0.3212740746481965 0.550339222982681 0 1 0
16 2 - 16 - 0.3780908146679091 0.5034433606973229 0 1 0
16 2 - 17 - 0.33426458832885453 0.454956941655837 0 1 0
16 2 - 18 - 0.3245009243255481 0.39629130566027015 0 1 0
16 2 - 19 - 0.34527482798633474 0.3895313740164662 0 1 0
16 2 - 20 - 0.37381061067571864 0.5255928070012791 0 1 0
16 2 - 21 - 0.3730684403368893 0.5519194396523137 0 1 0
16 2 - 22 - 0.35089174632836756 0.5110561046555328 0 1 0
16 2 - 23 - 0.3619029446660231 0.5033653726568446 0 1 0
16 2 - 24 - 0.30151151336031035 0.3208106063345137 0 1 0
16 2 - 25 - 0.35957550366098684 0.4365244129827867 0 1 0
16 2 - 26 - 0.2952122466716295 0.36159314098767936 0 1 0
16 2 - 27 - 0.39274955765965086 0.40683425499203923 0 1 0
16 2 - 28 - 0.39354453299893066 0.5483914553575838 0 1 0
16 2 - 29 - 0.34921666665468365 0.5181808096822351 0 1 0
16 2 - 30 - 0.3354276106886876 0.394460479010983 0 1 0
16 2 - 31 - 0.3170146390136021 0.39757075634164113 0 1 0
16 2 - 32 - 0.4087803889803278 0.6894583166576922 0 1 0
16 2 - 33 - 0.345217430673074 0.40351536532398313 0 1 0
16 2 - 34 - 0.4665901733290715 0.4377434433554299 0 1 0
16 2 - 35 - 0.3276753673368754 0.4177489573291192 0 1 0
16 2 - 36 - 0.3032015186618082 0.3405029453375998 0 1 0
16 2 - 37 - 0.34870473567085963 0.411902645311784 0 1 0
16 2 - 38 - 0.33356331766117364 0.3513149936722281 0 1 0
16 2 - 39 - 0.4240034683025442 0.5456045170042975 0 1 0
16 2 - 40 - 0.28319338633446023 0.251094185669596 0 1 0
16 2 - 41 - 0.35808793730878585 0.5496448306560826 0 1 0
16 2 - 42 - 0.30925115032975253 0.602103087992873 0 1 0
16 2 - 43 - 0.42507457835987833 0.8593758506467566 0 1 0
16 2 - 44 - 0.35869129564768326 0.3173137240228243 0 1 0
16 2 - 45 - 0.37248598266160116 0.5904325060158346 0 0 2
16 2 - 46 - 0.3833145529885466 0.47647192331108573 0 1 0
16 2 - 47 - 0.3558720169821754 0.4419303309987299 0 1 0
16 2 - 48 - 0.40654518400939804 0.7270502100388209 0 1 0
16 2 - 49 - 0.2972096980083734 0.43042818627630675 0 1 0
16 2 - 50 - 0.27948409332505736 0.3636366216815077 0 1 0
16 2 - 51 - 0.40686894132522866 0.6461633143092815 0 0 2
16 2 - 52 - 0.353964665652408 0.4396558893301214 0 1 0
16 2 - 53 - 0.3129812546928103 0.5396181933271388 0 1 0
16 2 - 54 - 0.30578293899695075 0.5602330026643662 0 1 0
16 2 - 55 - 0.3581404723227024 1.022234137635678 0 1 0
16 2 - 56 - 0.5689886289959152 0.39310783000352484 0 1 0
16 2 - 57 - 0.2916006123414263 0.2740009643215065 0 1 0
16 2 - 58 - 0.35891077764487517 0.42557716998271644 0 1 0
16 2 - 59 - 0.3866174609865993 0.4153307503050504 0 1 0
16 2 - 60 - 0.33740887032278505 0.40260857830677804 0 1 0
16 2 - 61 - 0.3259580943461818 0.5534812773112208 0 1 0
16 2 - 62 - 0.41064482803146046 0.6135783013305627 0 1 0
16 2 - 63 - 0.35992010500437266 0.4054930263082497 0 1 0
16 2 - 64 - 0.3373353259909588 0.40033171432636055 0 1 0
16 2 - 65 - 0.32641553131785866 0.43943692734076956 0 1 0
16 2 - 66 - 0.35944667334357894 1.0004800203217503 0 1 0
16 2 - 67 - 0.3462197193293832 0.30287873168708757 0 1 0
16 2 - 68 - 0.3591279643393743 0.511181038338691 0 1 0
16 2 - 69 - 0.35254515699731803 0.3559764606761746 0 1 0
16 2 - 70 - 0.3582110406520466 0.37732639198657125 0 1 0
16 2 - 71 - 0.3778807256797639 0.75423997733742 0 1 0
16 2 - 72 - 0.40353252566031494 0.8429648766565757 0 0 2
16 2 - 73 - 0.3398520116655466 0.45755496200096485 0 1 0
16 2 - 74 - 0.34426203998737037 0.4560646913596429 0 1 0
16 2 - 75 - 0.2660216560082821 0.24251454533077776 0 1 0
16 2 - 76 - 0.36583309768078226 0.5011250659978638 0 1 0
16 2 - 77 - 0.3524688573282523 0.43772265468336025 0 1 0
16 2 - 78 - 0.31645437935367227 0.3182575806664924 0 1 0
16 2 - 79 - 0.3080489086569287 0.28233397936370846 0 1 0
16 2 - 80 - 0.36890164601694175 0.6427003666758537 0 1 0
16 2 - 81 - 0.351662656001281 0.4567099113288956 0 1 0
16 2 - 82 - 0.35527803500493366 0.5544767399745373 0 1 0
16 2 - 83 - 0.4650873476833416 0.840731297348005 0 1 0
16 2 - 84 - 0.3461058826651424 0.5430591509793885 0 1 0
16 2 - 85 - 0.4117519129843762 0.6709494003249953 0 1 0
16 2 - 86 - 0.32325759799762943 0.4358153333305381 0 1 0
16 2 - 87 - 0.384358092987289 0.36192148365080357 0 1 0
16 2 - 88 - 0.4412083803520849 0.5092213939836558 0 1 0
16 2 - 89 - 0.3495653476760102 0.3843049933590616 0 1 0
16 2 - 90 - 0.3528587996843271 0.46238513265658787 0 1 0
16 2 - 91 - 0.3574563436753427 0.5567002133466303 0 1 0
16 2 - 92 - 0.4398375323313909 0.7397029816832704 0 1 0
16 2 - 93 - 0.38833219034131616 0.806376725648685 0 1 0
16 2 - 94 - 0.35723886865889654 0.7539375993267944 0 0 2
16 2 - 95 - 0.2925320499925874 0.3060134849705113 0 1 0
16 2 - 96 - 0.3190106316857661 0.35943190299440175 0 1 0
16 2 - 97 - 0.4457263699926747 0.4102973460297411 0 1 0
16 2 - 98 - 0.39654869099225226 0.5337130996631458 0 1 0
16 2 - 99 - 0.41687299466381467 0.7705368992950147 0 1 0
16 4 - 0 - 0.3456094113256161 0.37919868433770415 0 1 0
16 4 - 1 - 0.5825163549937618 0.6997576253100608 0 0 2
16 4 - 2 - 0.3410788479959592 1.1114486383157782 0 0 2
16 4 - 3 - 0.35412676667328924 0.31110031697123003 0 1 0
16 4 - 4 - 0.41292496498984593 0.5860339149755115 0 1 0
16 4 - 5 - 0.3084224689907084 0.38632066701150813 0 1 0
16 4 - 6 - 0.421403369672286 1.2298970520108317 0 0 2
16 4 - 7 - 0.45156767665563774 1.0294938773537676 0 0 2
16 4 - 8 - 0.4419561486574821 0.9712543713394552 0 0 2
16 4 - 9 - 0.299680390007173 0.28683576732873917 0 1 0
16 4 - 10 - 0.3338167436692553 0.7973108943163728 0 1 0
16 4 - 11 - 0.47699542101084563 0.8916049162896039 0 0 2
16 4 - 12 - 0.32881264200356475 0.3639152180209445 0 1 0
16 4 - 13 - 0.4348632086766884 1.1175386003451422 0 0 2
16 4 - 14 - 0.45075164634423953 1.1451053190006255 0 0 2
16 4 - 15 - 0.32931107833671075 0.4134502766731506 0 1 0
16 4 - 16 - 0.4270371126476675 1.0706212713266723 0 0 2
16 4 - 17 - 0.42174527200404555 0.5371908886784998 0 1 0
16 4 - 18 - 0.3253055466338992 0.4690905513513523 0 1 0
16 4 - 19 - 0.370503620011732 0.38983210034590837 0 1 0
16 4 - 20 - 0.5034031563360866 1.4099837246661384 0 0 2
16 4 - 21 - 0.43518169332916534 0.585088052689874 0 1 0
16 4 - 22 - 0.45217021700227633 1.2275535466809138 0 0 2
16 4 - 23 - 0.40636671367489424 1.4908595489687286 0 0 2
16 4 - 24 - 0.30816967201341566 0.3161625696811825 0 1 0
16 4 - 25 - 0.4183186179919479 1.1015600999817252 0 0 2
16 4 - 26 - 0.32946930798546725 0.4144692183472216 0 1 0
16 4 - 27 - 0.3639118746505119 0.7633168733445928 0 0 2
16 4 - 28 - 0.3792985230102204 1.340879070320322 0 0 2
16 4 - 29 - 0.44055009198685485 0.6171707343310118 0 1 0
16 4 - 30 - 0.35664174635894597 0.7265096736567406 0 1 0
16 4 - 31 - 0.3599163926555775 0.39626807063662756 0 1 0
16 4 - 32 - 0.395322494674474 1.4615227713172014 0 0 2
16 4 - 33 - 0.33392643798530725 0.6235771530191414 0 1 0
16 4 - 34 - 0.5025555556446003 0.48144854366546497 0 1 0
16 4 - 35 - 0.32826229865895584 0.6804050853437122 0 1 0
16 4 - 36 - 0.32826831967880327 0.3837576343018251 0 1 0
16 4 - 37 - 0.4409357376668292 0.6138584300060757 0 1 0
16 4 - 38 - 0.35677395964739844 0.33396731600320584 0 1 0
16 4 - 39 - 0.439719494994885 0.6137259366611639 0 0 2
16 4 - 40 - 0.27885495867424953 0.3510461483383551 0 1 0
16 4 - 41 - 0.38265287200920284 0.7924129369979103 0 0 2
16 4 - 42 - 0.38989423067929846 1.0119563829697047 0 0 2
16 4 - 43 - 0.40660537433965754 1.2145024123601615 0 0 2
16 4 - 44 - 0.36667391531712684 0.3290315559715964 0 1 0
16 4 - 45 - 0.39773356933922815 0.9465994266987158 0 0 2
16 4 - 46 - 0.36840842666182044 0.5848387500348812 0 1 0
16 4 - 47 - 0.3471405120023216 1.1329545103168737 0 0 2
16 4 - 48 - 0.5418654563060652 0.7485129529959522 0 0 2
16 4 - 49 - 0.3199820170023789 0.35036989835013327 0 1 0
16 4 - 50 - 0.31557655167610693 0.3965410483069718 0 1 0
16 4 - 51 - 0.5290834269835614 1.0924302626711626 0 0 2
16 4 - 52 - 0.44980653534488135 0.5360810343408957 0 1 0
16 4 - 53 - 0.3728816413398211 0.9934643706462036 0 0 2
16 4 - 54 - 0.3510330436596026 0.5297727483363511 0 1 0
16 4 - 55 - 0.3813015110014627 1.1644456603292686 0 0 2
16 4 - 56 - 0.5824492236521716 0.42918392767508823 0 1 0
16 4 - 57 - 0.32479781368359306 0.5020251316794504 0 1 0
16 4 - 58 - 0.38371320901205763 0.6633454779706275 0 1 0
16 4 - 59 - 0.44366239835896215 1.0943166400150706 0 0 2
16 4 - 60 - 0.3985032763448544 0.3712328016408719 0 1 0
16 4 - 61 - 0.36379440035670996 0.7475361626711674 0 1 0
16 4 - 62 - 0.4074405256930428 1.222872913679263 0 0 2
16 4 - 63 - 0.41953966597793624 1.019545918349953 0 1 0
16 4 - 64 - 0.46111050902012113 0.5216896976732338 0 1 0
16 4 - 65 - 0.3672660103184171 0.8429951400030404 0 1 0
16 4 - 66 - 0.3915797693383259 1.0165460883484532 0 0 2
16 4 - 67 - 0.3533587386482395 0.32548623834736645 0 1 0
16 4 - 68 - 0.42964579531690106 1.096315422677435 0 0 2
16 4 - 69 - 0.462431149984089 0.3354747256768557 0 1 0
16 4 - 70 - 0.3852191936651555 0.941667138307821 0 1 0
16 4 - 71 - 0.4117197363326947 0.7148542780002268 0 1 0
16 4 - 72 - 0.4588005056527133 0.9518225983095665 0 0 2
16 4 - 73 - 0.3984305916625696 1.1488875770204081 0 0 2
16 4 - 74 - 0.44780071366888785 1.2164709026692435 0 0 2
16 4 - 75 - 0.27885708967611816 0.31326039764098823 0 1 0
16 4 - 76 - 0.4133334949923058 1.4380996883458768 0 0 2
16 4 - 77 - 0.35298396833240986 0.36252090464889386 0 1 0
16 4 - 78 - 0.37498880932495615 0.31454265300029266 0 1 0
16 4 - 79 - 0.37337254934633773 0.30663168465252966 0 1 0
16 4 - 80 - 0.40648633501647663 1.3124169129878283 0 0 2
16 4 - 81 - 0.5076662180169176 0.5269924120123809 0 1 0
16 4 - 82 - 0.4178415396794056 0.6638383470126428 0 1 0
16 4 - 83 - 0.6057234963324543 1.0928173993597738 0 0 2
16 4 - 84 - 0.3922493630088866 1.2651405073314284 0 0 2
16 4 - 85 - 0.44385107298148796 1.3098104646584638 0 0 2
16 4 - 86 - 0.3591383299984348 0.8217085159849375 0 1 0
16 4 - 87 - 0.41588296968257055 0.5876635469806691 0 1 0
16 4 - 88 - 0.45099674101220444 1.2300769436794023 0 0 2
16 4 - 89 - 0.3595913223301371 0.36919419634311146 0 1 0
16 4 - 90 - 0.3724284973189545 0.5677460316413393 0 1 0
16 4 - 91 - 0.3952983706840314 1.1913029536178026 0 0 2
16 4 - 92 - 0.3967581096415718 1.140386672321862 0 0 2
16 4 - 93 - 0.41439133467307937 1.3162362493070152 0 0 2
16 4 - 94 - 0.4250628813363922 1.0087330256549951 0 0 2
16 4 - 95 - 0.3080889296640332 0.29531186999520287 0 1 0
16 4 - 96 - 0.3439818090021921 0.5112186943103249 0 1 0
16 4 - 97 - 0.478518477990292 0.46584716299548745 0 1 0
16 4 - 98 - 0.4315352200064808 1.238316681352444 0 0 2
16 4 - 99 - 0.45089269099601853 1.3051395436826472 0 0 2
16 8 - 0 - 0.41859567167315015 0.4632077079925997 0 1 0
16 8 - 1 - 0.480510874321529 0.8044452710115971 0 0 2
16 8 - 2 - 0.449784851341974 1.3011655226776688 0 0 2
16 8 - 3 - 0.4089343959931284 0.3983956099837087 0 1 0
16 8 - 4 - 0.46238274466789636 0.5852084976698583 0 1 0
16 8 - 5 - 0.39412853533091646 0.6648412123322487 0 1 0
16 8 - 6 - 0.43909074998615927 1.198735064031401 0 0 2
16 8 - 7 - 0.5575047566671856 1.5107079376854624 0 0 2
16 8 - 8 - 0.44932623733378324 1.2713292323363323 0 0 2
16 8 - 9 - 0.3749189169999833 0.5372537589670779 0 1 0
16 8 - 10 - 0.4191133129837302 0.6219026243391756 0 1 0
16 8 - 11 - 0.7198683600096654 0.8739710596467679 0 0 2
16 8 - 12 - 0.39966569932100054 0.4229713706687714 0 1 0
16 8 - 13 - 0.43358823565843824 1.6447663043315213 0 0 2
16 8 - 14 - 0.4585254823323339 1.3958188042937156 0 0 2
16 8 - 15 - 0.3914637386721248 0.5578484213134896 0 1 0
16 8 - 16 - 0.43651655733507744 1.6487561106526603 0 0 2
16 8 - 17 - 0.501792290674833 0.4706281109829433 0 1 0
16 8 - 18 - 0.3937903613162537 0.4941210156345429 0 1 0
16 8 - 19 - 0.38943793665384874 0.6278519969782792 0 1 0
16 8 - 20 - 0.4447200566646643 1.4908781456761062 0 0 2
16 8 - 21 - 0.46367443500397104 0.6031921553464297 0 1 0
16 8 - 22 - 0.4285544300025018 1.0471071266608 0 0 2
16 8 - 23 - 0.4766290219849907 2.019192397672062 0 0 2
16 8 - 24 - 0.4010182530231153 0.34764406234414 0 1 0
16 8 - 25 - 0.45414232231754187 1.0424562486781117 0 0 2
16 8 - 26 - 0.35586743867800885 0.37131588531580445 0 1 0
16 8 - 27 - 0.662444902661567 1.042078034641842 0 0 2
16 8 - 28 - 0.5733717819869828 1.670506706694141 0 0 2
16 8 - 29 - 0.41852741399391863 0.5130836403307816 0 1 0
16 8 - 30 - 0.4316028043588934 0.5610751889956493 0 1 0
16 8 - 31 - 0.3980659726463879 0.5121884463199725 0 1 0
16 8 - 32 - 0.5133707646552162 1.395866019340853 0 0 2
16 8 - 33 - 0.4343408473262874 0.7872511560368972 0 1 0
16 8 - 34 - 0.4762674026618091 0.6456462683272548 0 1 0
16 8 - 35 - 0.40116255301594117 0.5539482146462735 0 1 0
16 8 - 36 - 0.38916827501573914 0.4521204913617112 0 1 0
16 8 - 37 - 0.48687125532887876 0.5580376446402322 0 1 0
16 8 - 38 - 0.4272800423398925 0.49068432330386713 0 1 0
16 8 - 39 - 0.4260628273671804 1.4757468106884821 0 0 2
16 8 - 40 - 0.37302171132372075 0.3977861109888181 0 1 0
16 8 - 41 - 0.4894178453250788 1.4536420096992515 0 0 2
16 8 - 42 - 0.3938273580085176 0.8399449636732849 0 0 2
16 8 - 43 - 0.48564092634478584 1.6479747386571642 0 0 2
16 8 - 44 - 0.48012169332165894 0.3642888897059796 0 1 0
16 8 - 45 - 0.4285492389850939 1.1478381660029602 0 0 2
16 8 - 46 - 0.48563368566101417 0.622845197659141 0 1 0
16 8 - 47 - 0.36378687098234275 1.5209638120334907 0 0 2
16 8 - 48 - 0.617549869348295 1.0255771030206233 0 0 2
16 8 - 49 - 0.4009439170088929 0.3555767790142757 0 1 0
16 8 - 50 - 0.3545292613368171 0.4909468013405179 0 1 0
16 8 - 51 - 0.514415398996789 0.991063392003222 0 0 2
16 8 - 52 - 0.5783773879714621 0.47424153067792457 0 1 0
16 8 - 53 - 0.4467291890177876 0.7930113860056736 0 0 2
16 8 - 54 - 0.4068957746688587 0.4700154833262786 0 1 0
16 8 - 55 - 0.4433883866489244 1.4254572399659082 0 0 2
16 8 - 56 - 0.3805077373399399 0.4083358646409276 0 1 0
16 8 - 57 - 0.3830830123236713 0.34094351634848863 0 1 0
16 8 - 58 - 0.4407069470034912 0.9076109643210657 0 1 0
16 8 - 59 - 0.44641478202538565 0.8716588456882164 0 0 2
16 8 - 60 - 0.42140137798075256 0.45365002733888105 0 1 0
16 8 - 61 - 0.40688045033797005 0.5036285833339207 0 1 0
16 8 - 62 - 0.5073837926611304 1.17370867364419 0 0 2
16 8 - 63 - 0.3821951756447864 1.4028789983130991 0 0 2
16 8 - 64 - 0.6946881476712102 0.5163309236716789 0 1 0
16 8 - 65 - 0.42257417034124956 0.5056495646907327 0 1 0
16 8 - 66 - 0.45809119965027395 1.5945733336654182 0 0 2
16 8 - 67 - 0.412998016011746 0.415865330316592 0 1 0
16 8 - 68 - 0.49891416800286004 1.0206257970615602 0 0 2
16 8 - 69 - 0.5476988276738363 0.36630308800765005 0 1 0
16 8 - 70 - 0.6982638103460583 1.7687742466611476 0 0 2
16 8 - 71 - 0.6256715000102607 0.5845867703513553 0 1 0
16 8 - 72 - 0.5665099679802855 1.2945972600136884 0 0 2
16 8 - 73 - 0.4590853573366379 1.0698628893393713 0 0 2
16 8 - 74 - 0.5254082953324541 1.5402806493414878 0 0 2
16 8 - 75 - 0.35909699633096653 0.2934841119761889 0 1 0
16 8 - 76 - 0.4656594313176659 1.7622808626814124 0 0 2
16 8 - 77 - 0.4256596446891005 0.6993360010092147 0 1 0
16 8 - 78 - 0.38303842032716295 0.47110791568411514 0 1 0
16 8 - 79 - 0.41795678801524144 0.34045116032939404 0 1 0
16 8 - 80 - 0.43292299632836756 1.9249798796954565 0 0 2
16 8 - 81 - 0.4278559056886782 0.5375439923567077 0 1 0
16 8 - 82 - 0.46917066666840884 0.738100970357967 0 1 0
16 8 - 83 - 0.3994482959775875 1.1642127839926009 0 0 2
16 8 - 84 - 0.4690652513333286 1.1263402826928843 0 0 2
16 8 - 85 - 0.5250037113437429 1.6292489959741943 0 0 2
16 8 - 86 - 0.3775130489957519 2.005385537360174 0 1 0
16 8 - 87 - 0.5190741886617616 0.46592411067103967 0 1 0
16 8 - 88 - 0.49866765000236535 2.322093737350466 0 0 2
16 8 - 89 - 0.42112447464993846 0.3977823590006058 0 1 0
16 8 - 90 - 0.4615835019891771 0.8449939036509022 0 1 0
16 8 - 91 - 0.53543733167074 1.3088003493612632 0 0 2
16 8 - 92 - 0.6074738103585938 1.2768754829885438 0 0 2
16 8 - 93 - 0.4882904830155894 1.4088953660102561 0 0 2
16 8 - 94 - 0.5913617466770423 1.3707184629941669 0 0 2
16 8 - 95 - 0.4101067563363662 0.3855334253166802 0 1 0
16 8 - 96 - 0.3985877440039379 0.5757567860224905 0 1 0
16 8 - 97 - 0.5429183920108093 0.5224336620109777 0 1 0
16 8 - 98 - 0.5335933166788891 1.0627792126809557 0 0 2
16 8 - 99 - 0.5599943723257942 1.631833099333259 0 0 2
32 1 - 0 - 1.8693903499903777 1.2865921056363732 0 1 0
32 1 - 1 - 1.7481726063415408 1.3094474596825116 0 1 0
32 1 - 2 - 2.1240862820025845 1.6675297143131804 0 1 0
32 1 - 3 - 1.6128615030126336 1.0542452693722832 0 1 0
32 1 - 4 - 1.844814097683411 1.2407757456724844 0 1 0
32 1 - 5 - 1.8578282669962694 1.4819866433196391 0 1 0
32 1 - 6 - 2.091529092324587 1.9096868243262481 0 1 0
32 1 - 7 - 1.4565905896791567 0.8843133376406817 0 1 0
32 1 - 8 - 1.6761479650158435 1.0811723153456114 0 1 0
32 1 - 9 - 1.9170816896754939 1.0840584666778645 0 1 0
32 1 - 10 - 1.7515763123325694 1.0740555210116631 0 1 0
32 1 - 11 - 1.74663658333399 1.5605052633327432 0 1 0
32 1 - 12 - 1.582624268970297 1.0595486639843632 0 1 0
32 1 - 13 - 1.5709625909803435 1.1374387636897154 0 1 0
32 1 - 14 - 1.802631852333434 1.1918885829897288 0 1 0
32 1 - 15 - 1.9085306813552354 1.1251872460125014 0 1 0
32 1 - 16 - 2.145539684337564 1.2244592603334847 0 1 0
32 1 - 17 - 1.6587824533538271 1.1637519576664392 0 1 0
32 1 - 18 - 1.7811709046751882 1.0422708440067556 0 1 0
32 1 - 19 - 1.9944148430173905 1.7669524766776399 0 1 0
32 1 - 20 - 2.1046492303333557 1.7165883876538526 0 1 0
32 1 - 21 - 1.689785805666664 1.1910359473743786 0 1 0
32 1 - 22 - 2.2908470313414 1.5256305916894537 0 1 0
32 1 - 23 - 2.1375402293439643 1.3429789346992038 0 1 0
32 1 - 24 - 1.9621155899949372 1.0976455146834876 0 1 0
32 1 - 25 - 1.3898543916875497 0.9910261066591678 0 1 0
32 1 - 26 - 1.7901639086582386 1.110482763343801 0 1 0
32 1 - 27 - 1.7568989663462464 1.225613027306584 0 1 0
32 1 - 28 - 2.2562171976896934 1.2719953493603195 0 1 0
32 1 - 29 - 2.0280703989944113 1.3091283236669065 0 1 0
32 1 - 30 - 1.7331877453446698 1.1361284919936832 0 1 0
32 1 - 31 - 1.9905393159909486 1.6401022856783434 0 1 0
32 1 - 32 - 1.4561569336607743 1.010212258338773 0 1 0
32 1 - 33 - 1.9364049723371863 1.012188243640897 0 1 0
32 1 - 34 - 2.5582728133692094 1.6881514120226107 0 1 0
32 1 - 35 - 1.6483122953213751 1.4082624833293569 0 1 0
32 1 - 36 - 1.8133784170107297 1.0990448603212524 0 1 0
32 1 - 37 - 1.663017029680001 1.621095446695108 0 1 0
32 1 - 38 - 1.9379994483315386 1.2782111893369197 0 1 0
32 1 - 39 - 1.2131527923241567 0.9530136683218492 0 1 0
32 1 - 40 - 1.4683344920243446 1.1396557266513505 0 1 0
32 1 - 41 - 1.9299130396878657 1.5436808696831577 0 1 0
32 1 - 42 - 2.1287953019879446 1.4930471876674953 0 1 0
32 1 - 43 - 1.7038637559938554 1.086937043000944 0 1 0
32 1 - 44 - 2.0962370289877676 1.2577520273237799 0 1 0
32 1 - 45 - 1.9377963646547869 1.2123257130151615 0 1 0
32 1 - 46 - 1.664338045656526 1.235821100320512 0 1 0
32 1 - 47 - 1.4691089936726107 1.1001991813342709 0 1 0
32 1 - 48 - 1.7671161206671968 1.0545262216279905 0 1 0
32 1 - 49 - 1.6387078599849094 1.7393264826775217 0 1 0
32 1 - 50 - 1.6521858340129256 1.541784088340743 0 1 0
32 1 - 51 - 1.4427880883449689 1.075396942673251 0 1 0
32 1 - 52 - 1.60196891935387 1.2563082636528027 0 1 0
32 1 - 53 - 1.8693828953158422 1.5172341279685497 0 1 0
32 1 - 54 - 2.230595009653674 1.239009391341824 0 1 0
32 1 - 55 - 1.4818339340078333 1.401006292978612 0 1 0
32 1 - 56 - 1.9157544213424746 1.3684434839912378 0 1 0
32 1 - 57 - 3.1131959019888504 1.2770919046597555 0 1 0
32 1 - 58 - 2.320270417316351 1.5342422606190667 0 1 0
32 1 - 59 - 1.798882084316574 1.2079538436955772 0 1 0
32 1 - 60 - 1.8580269269878045 1.1897683676603872 0 1 0
32 1 - 61 - 1.8407711873102623 1.138218503658815 0 1 0
32 1 - 62 - 1.7577196763401541 1.4166542633514232 0 1 0
32 1 - 63 - 2.813145367001804 1.7400731046606477 0 1 0
32 1 - 64 - 1.5898557199980132 1.7458365786393795 0 1 0
32 1 - 65 - 1.907207039980373 1.2070426099817269 0 1 0
32 1 - 66 - 2.215393027678753 1.070152280696978 0 1 0
32 1 - 67 - 1.8675263869808987 1.4282243343574614 0 1 0
32 1 - 68 - 1.5620630653575063 1.0229264083318412 0 1 0
32 1 - 69 - 1.438826890681715 1.0250048073357902 0 1 0
32 1 - 70 - 3.7349958713360443 1.1181149539770558 0 1 0
32 1 - 71 - 1.6363883403440316 1.5175370126768635 0 1 0
32 1 - 72 - 1.8155087433406152 1.645368062328392 0 1 0
32 1 - 73 - 1.5516022193284396 1.1531517903204076 0 1 0
32 1 - 74 - 1.8040732186636887 1.4113814213584799 0 1 0
32 1 - 75 - 2.334324307332281 1.3552874106875 0 1 0
32 1 - 76 - 1.6769251359898287 1.1680672640019718 0 1 0
32 1 - 77 - 1.4282760546775535 1.2139626873540692 0 1 0
32 1 - 78 - 1.7068437979905866 1.0748698949658622 0 1 0
32 1 - 79 - 1.7725812543261175 1.1170099626372878 0 1 0
32 1 - 80 - 1.493234953978875 1.047358449024614 0 1 0
32 1 - 81 - 2.249674480020379 2.084025405327945 0 1 0
32 1 - 82 - 1.5215976313338615 1.15711237800618 0 1 0
32 1 - 83 - 1.678215001670954 1.0251280836916217 0 1 0
32 1 - 84 - 1.9313073233352043 1.5025054700284575 0 1 0
32 1 - 85 - 1.8350830113437648 1.577177161971728 0 1 0
32 1 - 86 - 1.490111759339925 1.0623902853306693 0 1 0
32 1 - 87 - 1.6951055766742986 1.1890302493314568 0 1 0
32 1 - 88 - 2.675100063342446 1.8418573233260152 0 1 0
32 1 - 89 - 1.6401665599745077 1.1859532220017475 0 1 0
32 1 - 90 - 1.9714142059868511 1.5428243506660995 0 1 0
32 1 - 91 - 2.463778117691011 2.0892281440125466 0 1 0
32 1 - 92 - 1.5985856750048697 1.1843724336358719 0 1 0
32 1 - 93 - 1.4243983270134777 1.046745379358375 0 1 0
32 1 - 94 - 1.897792579664383 1.521556271977412 0 1 0
32 1 - 95 - 1.522258991356163 0.9298684453242458 0 1 0
32 1 - 96 - 1.3803427609964274 1.0782487922891353 0 1 0
32 1 - 97 - 1.5676783826590204 1.4540683293016627 0 1 0
32 1 - 98 - 2.110133499314543 1.6897382883083385 0 1 0
32 1 - 99 - 2.0616319743179097 1.584521921002306 0 1 0
32 2 - 0 - 1.7412132523410642 1.9958680190223579 0 1 0
32 2 - 1 - 1.8236655536650992 1.823785491656357 0 1 0
32 2 - 2 - 2.1388686403321726 2.0791835040048077 0 1 0
32 2 - 3 - 1.8406593350033895 1.2475304840287813 0 1 0
32 2 - 4 - 1.869921973654224 1.7736368063488044 0 1 0
32 2 - 5 - 1.9016978733319168 3.5649385960229365 0 1 0
32 2 - 6 - 2.2359935936595625 1.9919523176698324 0 1 0
32 2 - 7 - 1.567615938023664 0.9024108959711157 0 1 0
32 2 - 8 - 1.6322492740000598 1.0667297070031054 0 1 0
32 2 - 9 - 1.7692016583362906 2.3715587000090936 0 1 0
32 2 - 10 - 1.7217110236524604 1.5395433963470473 0 1 0
32 2 - 11 - 2.2368880633342387 3.226941530961388 0 1 0
32 2 - 12 - 1.9795596246646407 3.107726476000001 0 1 0
32 2 - 13 - 1.870090020316032 1.0880738006477864 0 1 0
32 2 - 14 - 1.7974449683485243 4.256356502359267 0 1 0
32 2 - 15 - 1.8896467673475854 2.9318691383620417 0 1 0
32 2 - 16 - 2.0928574686598345 10.64372589768997 0 0 2
32 2 - 17 - 2.5259100803329297 3.946059552661609 0 1 0
32 2 - 18 - 1.801920034980867 1.280209021681609 0 1 0
32 2 - 19 - 2.0295296673236107 2.75192432833137 0 1 0
32 2 - 20 - 2.2093496906454675 2.20106805601002 0 1 0
32 2 - 21 - 1.994181925333881 2.4489316807012074 0 1 0
32 2 - 22 - 2.051275725689872 2.821817023330368 0 1 0
32 2 - 23 - 2.3434651263135793 2.9198129300105693 0 1 0
32 2 - 24 - 2.1336359550089883 2.2331668389961123 0 1 0
32 2 - 25 - 1.4256056669983082 1.6042885933226596 0 1 0
32 2 - 26 - 2.0789792526629753 3.308039950672537 0 1 0
32 2 - 27 - 1.757501349648616 2.9334330593507425 0 1 0
32 2 - 28 - 2.422148543642834 4.981640352343675 0 1 0
32 2 - 29 - 2.601849606318865 2.5463261626816043 0 1 0
32 2 - 30 - 1.765796423656866 4.049348380319619 0 1 0
32 2 - 31 - 2.0062118806526996 3.503239865996875 0 1 0
32 2 - 32 - 2.1187696583219804 1.6389566670210722 0 1 0
32 2 - 33 - 1.6136366613209248 2.8983423189880946 0 1 0
32 2 - 34 - 2.518132236999615 3.5075630519810757 0 1 0
32 2 - 35 - 1.8979764900092657 2.3160983950171308 0 1 0
32 2 - 36 - 1.8961382296596032 1.1029407583215896 0 1 0
32 2 - 37 - 2.4840674076694995 2.203367737645749 0 1 0
32 2 - 38 - 2.764959780673962 3.519564992321345 0 1 0
32 2 - 39 - 1.6080901756843862 1.2006919870036654 0 1 0
32 2 - 40 - 2.438689004998499 4.486101648983701 0 1 0
32 2 - 41 - 1.8398773476559047 2.614638492678447 0 1 0
32 2 - 42 - 2.874677788660241 5.618177025326683 0 1 0
32 2 - 43 - 1.9590388253175963 9.58280020734916 0 0 2
32 2 - 44 - 3.2349119423306547 3.704024000035133 0 1 0
32 2 - 45 - 2.0793832156729573 4.58985371037852 0 1 0
32 2 - 46 - 2.1994209813225702 3.652822528325487 0 1 0
32 2 - 47 - 1.9714678516611457 2.3064320163684897 0 1 0
32 2 - 48 - 3.4142544333396168 2.213015932337536 0 1 0
32 2 - 49 - 2.0039285329985432 2.716326465655584 0 1 0
32 2 - 50 - 1.9034142156597227 2.0967488363191173 0 1 0
32 2 - 51 - 1.6906477716790203 1.031412949358734 0 1 0
32 2 - 52 - 1.8063160689974516 2.6145144049854325 0 1 0
32 2 - 53 - 2.298820732316623 3.6275953663086207 0 1 0
32 2 - 54 - 1.8633098999853246 2.4681435840126746 0 1 0
32 2 - 55 - 1.623877003963571 2.220033583638724 0 1 0
32 2 - 56 - 2.1283856640026593 5.101712309328529 0 1 0
32 2 - 57 - 3.495878536681024 8.916772827331442 0 0 2
32 2 - 58 - 2.509719456662424 3.1139872013397203 0 1 0
32 2 - 59 - 1.7544663469889201 1.6511088010156527 0 1 0
32 2 - 60 - 2.0328053970006295 1.2048936003508668 0 1 0
32 2 - 61 - 2.221026645313638 3.547417799689962 0 1 0
32 2 - 62 - 2.2559489223446385 2.240828304667957 0 1 0
32 2 - 63 - 2.123821670305915 3.175922716987164 0 1 0
32 2 - 64 - 1.8661530809865023 2.3933064180309884 0 1 0
32 2 - 65 - 2.2961036639947756 4.283841431024484 0 1 0
32 2 - 66 - 2.5214256516774185 2.7392091529715494 0 1 0
32 2 - 67 - 2.486662872329665 2.954418276650055 0 1 0
32 2 - 68 - 1.9806215926655568 1.430510374639804 0 1 0
32 2 - 69 - 1.6132461166707799 1.020305073664834 0 1 0
32 2 - 70 - 3.7380312266759574 2.1272095052797035 0 1 0
32 2 - 71 - 1.9603095103326875 3.740099619336737 0 1 0
32 2 - 72 - 2.2399584763334133 5.868109637657956 0 1 0
32 2 - 73 - 1.7694460036388289 1.4698325613280758 0 1 0
32 2 - 74 - 1.981981748326992 3.0325484436665042 0 1 0
32 2 - 75 - 1.8122840940292615 2.7774683366684862 0 1 0
32 2 - 76 - 1.8278012940039237 1.5212580936883264 0 1 0
32 2 - 77 - 1.7512522856510866 3.3819548463410074 0 1 0
32 2 - 78 - 1.821021202330788 2.758956396350792 0 1 0
32 2 - 79 - 1.9457243629925263 2.48052896130442 0 1 0
32 2 - 80 - 1.618095696341091 0.9953451287001371 0 1 0
32 2 - 81 - 2.0449242676453045 4.543657817004714 0 1 0
32 2 - 82 - 1.813139817987879 1.4757406432957698 0 1 0
32 2 - 83 - 2.0388131959868283 3.5739200493359626 0 1 0
32 2 - 84 - 1.9245265789989692 3.572603667329531 0 1 0
32 2 - 85 - 2.0179812376736663 4.860860877670348 0 1 0
32 2 - 86 - 1.9174937309968907 1.0739256237090256 0 1 0
32 2 - 87 - 1.8473774609932054 1.2403055613394827 0 1 0
32 2 - 88 - 2.0606407486678413 2.436556067337127 0 1 0
32 2 - 89 - 2.065828993994122 2.4994587270193733 0 1 0
32 2 - 90 - 2.046280005015433 2.0926368716948973 0 1 0
32 2 - 91 - 1.9152956423543703 4.125458550329009 0 1 0
32 2 - 92 - 1.9360350409988314 2.7755860176791125 0 1 0
32 2 - 93 - 1.8207888583419845 1.0213954463445893 0 1 0
32 2 - 94 - 2.057579464007479 9.68009370334524 0 0 2
32 2 - 95 - 1.8192352776920113 1.3733759752940387 0 1 0
32 2 - 96 - 1.702942627016455 1.0758247116852242 0 1 0
32 2 - 97 - 1.715447708343466 4.310650625304939 0 1 0
32 2 - 98 - 2.3739935816653697 2.661462527990807 0 1 0
32 2 - 99 - 1.8943709106727813 1.9025852686609142 0 1 0
32 4 - 0 - 3.0075618163294466 26.45301538767914 0 0 2
32 4 - 1 - 2.3017347369653485 23.439554004347883 0 0 2
32 4 - 2 - 2.794559598667547 3.378805843666972 0 1 0
32 4 - 3 - 2.0152343316585757 1.6251216230060286 0 1 0
32 4 - 4 - 1.9081410960061476 2.317022093979176 0 1 0
32 4 - 5 - 2.686606988989903 5.387810446321964 0 1 0
32 4 - 6 - 1.89370441500796 7.95235559734283 0 1 0
32 4 - 7 - 1.8057113966594138 1.1761638873140328 0 1 0
32 4 - 8 - 1.8927798766526394 1.1902876323632274 0 1 0
32 4 - 9 - 1.9620484846721713 5.389092597994022 0 1 0
32 4 - 10 - 2.384842622326687 17.284055547652923 0 0 2
32 4 - 11 - 2.069055090328523 6.053198795299977 0 1 0
32 4 - 12 - 1.6451033656679406 6.754864073377879 0 1 0
32 4 - 13 - 1.9078626569826156 1.9219910919782706 0 1 0
32 4 - 14 - 1.872138884655821 2.764072367688641 0 1 0
32 4 - 15 - 2.5531677633407526 17.812617387331557 0 0 2
32 4 - 16 - 2.0539040086829727 22.19949628401082 0 0 2
32 4 - 17 - 2.1178814686718397 8.206077225642122 0 1 0
32 4 - 18 - 1.888735051305654 1.6497880666865967 0 1 0
32 4 - 19 - 2.349477342989606 5.612124180343623 0 1 0
32 4 - 20 - 2.770977015333301 20.6740739223333 0 0 2
32 4 - 21 - 2.192354516320241 15.5845302559707 0 0 2
32 4 - 22 - 2.304069663300955 3.450472101006502 0 1 0
32 4 - 23 - 2.1057831876678392 21.768100321971968 0 0 2
32 4 - 24 - 1.9042239983294469 16.76294653400934 0 0 2
32 4 - 25 - 1.7104776300063045 1.4735372756646634 0 1 0
32 4 - 26 - 1.9157868953382908 20.97980239770065 0 0 2
32 4 - 27 - 2.0481132772983983 4.190291955698437 0 1 0
32 4 - 28 - 3.6285908150215014 5.434317098678244 0 1 0
32 4 - 29 - 2.0504478470150693 6.0942547469749115 0 1 0
32 4 - 30 - 2.0347635860089213 18.885787765320856 0 0 2
32 4 - 31 - 3.136736976002188 22.936585140705574 0 0 2
32 4 - 32 - 2.33415628199388 2.0224336486814236 0 1 0
32 4 - 33 - 2.58445417265951 3.8267929000042686 0 1 0
32 4 - 34 - 2.65422324797449 21.346124252013396 0 0 2
32 4 - 35 - 2.2193273503410937 2.5759593436572077 0 1 0
32 4 - 36 - 2.2214603560084165 1.4970269113352213 0 1 0
32 4 - 37 - 2.197135623641467 2.2383688866975717 0 1 0
32 4 - 38 - 3.1096854049999743 29.58309234566669 0 0 2
32 4 - 39 - 1.8041613893583417 0.9810302983193347 0 1 0
32 4 - 40 - 2.474694148695562 15.418570447984772 0 1 0
32 4 - 41 - 2.0831867100011245 5.233688955660909 0 1 0
32 4 - 42 - 3.241480173329667 14.522757949346365 0 0 2
32 4 - 43 - 2.48215763066662 22.17886602300003 0 0 2
32 4 - 44 - 3.998480310003894 10.323214136296883 0 1 0
32 4 - 45 - 2.0786415219772607 6.408691898628604 0 1 0
32 4 - 46 - 2.0870569346589036 15.117052712671768 0 0 2
32 4 - 47 - 2.17258635268081 4.512809716999375 0 1 0
32 4 - 48 - 2.2684088723423583 3.5491521099853953 0 1 0
32 4 - 49 - 2.573252913658507 7.300440878025256 0 1 0
32 4 - 50 - 2.236613982007839 17.527963539372045 0 0 2
32 4 - 51 - 2.06881358367779 1.3346369873227861 0 1 0
32 4 - 52 - 2.115954811005698 6.841174092687045 0 1 0
32 4 - 53 - 2.1918582296542204 6.528254651968988 0 1 0
32 4 - 54 - 2.6354160679814713 16.179174813985206 0 0 2
32 4 - 55 - 2.11446180898929 6.422271931621557 0 1 0
32 4 - 56 - 2.6090383759971396 20.831565952704597 0 0 2
32 4 - 57 - 3.4516087986606485 23.28015049100698 0 0 2
32 4 - 58 - 2.867399243676725 18.743127405682266 0 0 2
32 4 - 59 - 2.2372801516709537 19.441564692009706 0 0 2
32 4 - 60 - 1.9575734139846948 1.2413012860148833 0 1 0
32 4 - 61 - 2.0821170723334035 23.90988370066672 0 0 2
32 4 - 62 - 2.4563603380035297 18.283395328675397 0 0 2
32 4 - 63 - 4.492626846321704 17.26144865968187 0 0 2
32 4 - 64 - 2.390682971007967 3.307814186613541 0 1 0
32 4 - 65 - 2.953436866325016 24.847726462331288 0 0 2
32 4 - 66 - 2.2335232153418474 18.067446800298057 0 0 2
32 4 - 67 - 2.3245581629841277 5.429615352671438 0 1 0
32 4 - 68 - 2.0400229273169925 4.178260489328143 0 1 0
32 4 - 69 - 1.853742891359919 1.0555277323001064 0 1 0
32 4 - 70 - 3.1240171279835827 13.878626983360544 0 0 2
32 4 - 71 - 1.8630450623459183 4.860091170334878 0 1 0
32 4 - 72 - 1.8283333566505462 18.263722045347095 0 0 2
32 4 - 73 - 2.1742040960040563 3.012553083632762 0 1 0
32 4 - 74 - 1.948798324020269 9.935476167709567 0 1 0
32 4 - 75 - 3.0635781833164706 16.47667088066616 0 0 2
32 4 - 76 - 2.001029798334154 1.7464359690008375 0 1 0
32 4 - 77 - 1.893304187008956 1.8994652976786408 0 1 0
32 4 - 78 - 1.954783458999979 7.3659991316768965 0 1 0
32 4 - 79 - 1.9870853720155235 15.673407292672588 0 0 2
32 4 - 80 - 1.887357825995423 1.0846647587022744 0 1 0
32 4 - 81 - 2.4052157606735514 18.558145347963244 0 0 2
32 4 - 82 - 2.01148935801272 1.2508437036691853 0 1 0
32 4 - 83 - 1.7854871360080626 11.703246397334928 0 1 0
32 4 - 84 - 2.1491892603226006 7.57902033367039 0 1 0
32 4 - 85 - 2.640941316979782 16.400194834005863 0 0 2
32 4 - 86 - 1.9695536349900067 1.092035383975599 0 1 0
32 4 - 87 - 1.8189524266830026 17.826375172977958 0 0 2
32 4 - 88 - 2.5728188226542743 20.51946284431809 0 0 2
32 4 - 89 - 1.8218557369934085 13.854516428662464 0 0 2
32 4 - 90 - 3.2294055163317053 2.388325589359738 0 1 0
32 4 - 91 - 2.0292862673522905 20.412554365000688 0 0 2
32 4 - 92 - 1.8955463369881422 15.539831880324831 0 0 2
32 4 - 93 - 1.857192435321243 1.0858457549863185 0 1 0
32 4 - 94 - 1.972076794016175 19.865852730018865 0 0 2
32 4 - 95 - 2.397185689983113 7.937123083645323 0 1 0
32 4 - 96 - 1.6613211099950909 1.1253493993426673 0 1 0
32 4 - 97 - 1.951735463323227 4.1447940323268995 0 1 0
32 4 - 98 - 2.279282880985799 16.06380022664477 0 0 2
32 4 - 99 - 2.5905338086692304 16.52943812200101 0 0 2
32 8 - 0 - 3.3880831836666325 41.697719977666715 0 0 2
32 8 - 1 - 2.3089728163333803 49.677172638333445 0 0 2
32 8 - 2 - 3.3421496743297516 12.090942667661391 0 1 0
32 8 - 3 - 2.408343781658914 1.7630575690224455 0 1 0
32 8 - 4 - 2.250581009682113 1.6490897503099404 0 1 0
32 8 - 5 - 2.2789025076666953 35.479810627000006 0 0 2
32 8 - 6 - 3.2362274553332404 42.28467300300008 0 0 2
32 8 - 7 - 1.7081640226727661 1.0172964320130025 0 1 0
32 8 - 8 - 2.4830808536692834 1.201915006308506 0 1 0
32 8 - 9 - 2.840013538642476 7.355677975671521 0 1 0
32 8 - 10 - 2.456882820666654 27.397355657000013 0 0 2
32 8 - 11 - 3.3085503463516943 6.389369016358008 0 1 0
32 8 - 12 - 2.9694765363333318 37.32966510499985 0 0 2
32 8 - 13 - 2.0829366843293733 1.1817149293298521 0 1 0
32 8 - 14 - 2.5252212966637066 1.9721010333353963 0 1 0
32 8 - 15 - 3.080111582000048 43.87678425233336 0 0 2
32 8 - 16 - 2.697112420999929 43.49882612166682 0 0 2
32 8 - 17 - 4.060492292667429 10.983643228032937 0 1 0
32 8 - 18 - 2.548553168657236 1.6461998066709689 0 1 0
32 8 - 19 - 2.537436672001301 16.37634746868086 0 1 0
32 8 - 20 - 3.056248684666646 45.7115576996667 0 0 2
32 8 - 21 - 4.625052536666772 38.177978336666605 0 0 2
32 8 - 22 - 3.365554408306101 7.796551759005524 0 1 0
32 8 - 23 - 2.783562912333309 41.081840522666425 0 0 2
32 8 - 24 - 3.130667022333303 31.630585526666437 0 0 2
32 8 - 25 - 1.9829130129849848 1.5133233360053662 0 1 0
32 8 - 26 - 2.826584767999975 44.81342348233329 0 0 2
32 8 - 27 - 2.6707446556732366 12.248524574310673 0 1 0
32 8 - 28 - 5.390028134977911 11.590978950688926 0 1 0
32 8 - 29 - 3.5907519049748466 11.757615660666488 0 1 0
32 8 - 30 - 2.6443283723335 52.94701839933366 0 0 2
32 8 - 31 - 2.9775107526664515 46.477435991666425 0 0 2
32 8 - 32 - 2.2923609739906774 7.568842409993522 0 1 0
32 8 - 33 - 2.447027492336929 7.157897454337217 0 1 0
32 8 - 34 - 3.2960320756666683 37.28764735966691 0 0 2
32 8 - 35 - 2.5756078243333222 8.903481734315088 0 1 0
32 8 - 36 - 2.2438623046618886 1.2320719209965318 0 1 0
32 8 - 37 - 3.3103221930020177 12.784121798312603 0 1 0
32 8 - 38 - 3.4363108399999573 41.346331348333024 0 0 2
32 8 - 39 - 2.341518580661311 1.0390724530055497 0 1 0
32 8 - 40 - 3.1075534410000123 41.23939053699996 0 0 2
32 8 - 41 - 3.8443670260021463 6.726189652690664 0 1 0
32 8 - 42 - 3.7434112459998987 35.062109540000314 0 0 2
32 8 - 43 - 3.7809479956664895 40.67959744399999 0 0 2
32 8 - 44 - 4.671321698333334 35.769645353000065 0 0 2
32 8 - 45 - 2.8396625096599264 8.448500904002383 0 1 0
32 8 - 46 - 2.4988330626667143 41.1572324146667 0 0 2
32 8 - 47 - 2.5144357003543214 6.15263130570141 0 1 0
32 8 - 48 - 3.4844481669909633 6.565652136690915 0 1 0
32 8 - 49 - 3.587529598657663 14.496761601651087 0 1 0
32 8 - 50 - 4.268386398666583 39.82947409600017 0 0 2
32 8 - 51 - 2.4852422639960423 1.1270834936682756 0 1 0
32 8 - 52 - 2.384453748663266 13.048842371635448 0 1 0
32 8 - 53 - 2.549735934666842 33.67868641733306 0 0 2
32 8 - 54 - 3.1419710760043627 20.35098061863876 0 0 2
32 8 - 55 - 2.0117302063332922 35.736465297999985 0 0 2
32 8 - 56 - 2.9959776976663006 44.04677520799972 0 0 2
32 8 - 57 - 6.265526995999911 29.028114947332448 0 0 2
32 8 - 58 - 2.8370290739997777 42.465084396000144 0 0 2
32 8 - 59 - 2.797581026333925 37.78413555433326 0 0 2
32 8 - 60 - 3.149120097999306 1.345378241695774 0 1 0
32 8 - 61 - 3.2415204753336484 43.19870539699998 0 0 2
32 8 - 62 - 2.8615685603332772 45.40507161933298 0 0 2
32 8 - 63 - 4.052282203666739 32.986565070333505 0 0 2
32 8 - 64 - 2.2735733573208563 4.231164578309593 0 1 0
32 8 - 65 - 2.558939316333332 36.320547374999784 0 0 2
32 8 - 66 - 2.8728248876665625 45.2615040323332 0 0 2
32 8 - 67 - 2.710865661016821 8.88826847767147 0 1 0
32 8 - 68 - 3.387731245330845 4.39598137101469 0 1 0
32 8 - 69 - 1.7934731076626726 1.148542646318674 0 1 0
32 8 - 70 - 3.8308294210000895 29.213524161003683 0 0 2
32 8 - 71 - 2.2174307530003716 29.057177682333226 0 0 2
32 8 - 72 - 2.0060235736667287 37.49809867199959 0 0 2
32 8 - 73 - 2.5759093119801646 1.7786324860256475 0 1 0
32 8 - 74 - 3.7180867973332474 36.89969364533317 0 0 2
32 8 - 75 - 5.31253849299992 30.076021448999803 0 0 2
32 8 - 76 - 2.840916052014412 3.138843638706021 0 1 0
32 8 - 77 - 2.1407166839926504 5.756957215354002 0 1 0
32 8 - 78 - 2.443561608340436 8.928618262657741 0 1 0
32 8 - 79 - 2.351977806333101 38.785218080333536 0 0 2
32 8 - 80 - 2.0962287056609057 1.138400497691085 0 1 0
32 8 - 81 - 2.60192561533313 32.93769145966629 0 0 2
32 8 - 82 - 2.342093900331141 2.4512166889811247 0 1 0
32 8 - 83 - 3.082902640000308 36.030556205667075 0 0 2
32 8 - 84 - 3.984939903661143 8.584487534651998 0 1 0
32 8 - 85 - 3.0454973543337474 30.091589849666285 0 0 2
32 8 - 86 - 2.9947815383202396 1.1603859459670882 0 1 0
32 8 - 87 - 4.886471193666694 39.27777452366627 0 0 2
32 8 - 88 - 3.6089520400000765 29.295193927333152 0 0 2
32 8 - 89 - 3.286494820332943 39.60728422666701 0 0 2
32 8 - 90 - 4.229910642645942 2.3495645350194536 0 1 0
32 8 - 91 - 2.903885920666956 29.03827241833339 0 0 2
32 8 - 92 - 2.5166537550000307 34.167780256334176 0 0 2
32 8 - 93 - 2.201684865654291 1.143473557002532 0 1 0
32 8 - 94 - 3.5801889329998935 51.32175515533345 0 0 2
32 8 - 95 - 3.074910970999857 42.28626539799977 0 0 2
32 8 - 96 - 2.6679340846797763 1.595195279631298 0 1 0
32 8 - 97 - 1.8768191286556735 6.439508352661505 0 1 0
32 8 - 98 - 2.7455729119998673 42.941319545333194 0 0 2
32 8 - 99 - 2.4373477709999256 36.46823222733383 0 0 2
