4 1 - 0 - 0.23662495400640182 0.19150386033773734 0 1 0
4 1 - 1 - 0.2661130423366558 0.31454657766153105 1 0 1
4 1 - 2 - 0.27838186565592576 0.3541627586625206 0 1 0
4 1 - 3 - 0.2955855466716457 0.2991191746453599 0 0 2
4 1 - 4 - 0.21165465900169994 0.29329871166070615 1 0 1
4 1 - 5 - 0.2964723543360985 0.330653987339853 0 0 2
4 1 - 6 - 0.2841456549940631 0.2785427663378262 0 0 2
4 1 - 7 - 0.28741739267328137 0.3164063216536306 0 0 2
4 1 - 8 - 0.21803402166309147 0.2913832683407236 1 0 1
4 1 - 9 - 0.2712537693344833 0.20697943031943092 0 1 0
4 1 - 10 - 0.2715110050048679 0.3187028646837765 0 0 2
4 1 - 11 - 0.27523868465990137 0.36489810534597683 0 1 0
4 1 - 12 - 0.253363714000443 0.3823867106596784 0 0 2
4 1 - 13 - 0.3008437353516153 0.32627587001964764 0 0 2
4 1 - 14 - 0.2980798033240717 0.3319789349916391 0 0 2
4 1 - 15 - 0.2704825079999864 0.20436716033145785 0 1 0
4 1 - 16 - 0.29374750232091174 0.21008602964381376 0 1 0
4 1 - 17 - 0.2878726446554841 0.29600698766686645 1 0 1
4 1 - 18 - 0.2725486086759096 0.3715470810129773 0 1 0
4 1 - 19 - 0.29720213933615014 0.40550648966260877 0 0 2
4 1 - 20 - 0.2799797519983258 0.3331044473355481 0 1 0
4 1 - 21 - 0.28548315399287577 0.2775978686695453 1 0 1
4 1 - 22 - 0.2979188719958377 0.2159620286547579 0 1 0
4 1 - 23 - 0.2673872896605947 0.20565863400891735 0 1 0
4 1 - 24 - 0.27775543433381245 0.208011043316219 0 1 0
4 1 - 25 - 0.2884267683257349 0.2152869276663599 0 1 0
4 1 - 26 - 0.2732082709941703 0.3359515030072847 0 0 2
4 1 - 27 - 0.28081699601413374 0.21204483000716814 0 1 0
4 1 - 28 - 0.26952148400596343 0.3830630933516659 0 1 0
4 1 - 29 - 0.30109428366995417 0.20940547200734727 0 1 0
4 1 - 30 - 0.2795319889943736 0.2814798043303502 0 0 2
4 1 - 31 - 0.28098192900264013 0.32515882965526544 0 0 2
4 1 - 32 - 0.2942867093370296 0.21283638831422041 0 1 0
4 1 - 33 - 0.29676105800899677 0.30534546900889836 1 0 1
4 1 - 34 - 0.27228951766543713 0.33843929434078746 0 0 2
4 1 - 35 - 0.28627998133500415 0.293501734995516 0 0 2
4 1 - 36 - 0.29574090867148095 0.33096114399571286 0 0 2
4 1 - 37 - 0.27391320766764693 0.20464842499738248 0 1 0
4 1 - 38 - 0.2735126063247056 0.20430840400513262 0 1 0
4 1 - 39 - 0.27013166933708516 0.34517231734935194 0 1 0
4 1 - 40 - 0.2708829273275721 0.5239413396726983 0 1 0
4 1 - 41 - 0.2717492853407748 0.35725112567888573 0 1 0
4 1 - 42 - 0.2862699383404106 0.32963563965555903 0 1 0
4 1 - 43 - 0.27181692866724916 0.20024163267225958 0 1 0
4 1 - 44 - 0.28484217132790945 0.3337994020160598 0 0 2
4 1 - 45 - 0.2914788329993219 0.2106373536613925 0 1 0
4 1 - 46 - 0.2842628470001121 0.20342858898220584 0 1 0
4 1 - 47 - 0.208148296000824 0.28274574800161645 1 0 1
4 1 - 48 - 0.30283099734030355 0.2906063496678447 0 0 2
4 1 - 49 - 0.2720583973374838 0.2705398896650877 0 0 2
4 1 - 50 - 0.2120750673348084 0.292297702311771 1 0 1
4 1 - 51 - 0.2803219349880237 0.30332453166677925 0 0 2
4 1 - 52 - 0.23908842833285843 0.19210477932938375 0 1 0
4 1 - 53 - 0.299375941666464 0.21610204533014138 0 1 0
4 1 - 54 - 0.3135283096732261 0.29622226833210635 1 0 1
4 1 - 55 - 0.28253400133689865 0.35899382632730215 0 1 0
4 1 - 56 - 0.26344205933855847 0.21248059667414054 0 1 0
4 1 - 57 - 0.21002732766404128 0.28510748999542557 1 0 1
4 1 - 58 - 0.27416071532449376 0.2193562633183319 0 1 0
4 1 - 59 - 0.3011644129971197 0.2122294376701272 0 1 0
4 1 - 60 - 0.30645559933812666 0.29427447133154294 1 0 1
4 1 - 61 - 0.30039289499594213 0.3039766979927663 1 0 1
4 1 - 62 - 0.2075621326706217 0.2812758283204554 1 0 1
4 1 - 63 - 0.32046899434256676 0.28640455232622725 1 0 1
4 1 - 64 - 0.32174644333038793 0.29212436332212144 1 0 1
4 1 - 65 - 0.2871598546723059 0.20051401032833382 0 1 0
4 1 - 66 - 0.2724794230016414 0.29297536800731905 0 0 2
4 1 - 67 - 0.2882759676722344 0.2921571743208915 0 0 2
4 1 - 68 - 0.21286713133061613 0.2988128396876467 1 0 1
4 1 - 69 - 0.3159821449953597 0.3147529683386286 0 0 2
4 1 - 70 - 0.25254578365517466 0.2163721986677653 0 1 0
4 1 - 71 - 0.29972323267914663 0.3344057996776731 0 0 2
4 1 - 72 - 0.3066696643460697 0.2929142309973637 0 0 2
4 1 - 73 - 0.21669669366868524 0.28992558500613086 1 0 1
4 1 - 74 - 0.27963244265993126 0.325232147006318 0 0 2
4 1 - 75 - 0.2843534846615512 0.19998562900582328 0 1 0
4 1 - 76 - 0.28517520366585813 0.3279889360128436 0 0 2
4 1 - 77 - 0.2952649816676664 0.3363557540093704 0 0 2
4 1 - 78 - 0.27588116001182544 0.19971094400777173 0 1 0
4 1 - 79 - 0.3043798883348548 0.4837568613196102 0 1 0
4 1 - 80 - 0.2883456770020226 0.33221132098697126 0 0 2
4 1 - 81 - 0.2808357909962069 0.34247041300598846 0 0 2
4 1 - 82 - 0.2553261326684151 0.1999813976775234 0 1 0
4 1 - 83 - 0.3280694599864849 0.31100553399301134 1 0 1
4 1 - 84 - 0.31311833734313643 0.28145608032355085 1 0 1
4 1 - 85 - 0.2794893986720126 0.4865985933186797 0 1 0
4 1 - 86 - 0.26142780800000764 0.21503809398078982 0 1 0
4 1 - 87 - 0.28377440400072373 0.4055905693288272 0 1 0
4 1 - 88 - 0.28952237334063585 0.2091650636672663 0 1 0
4 1 - 89 - 0.280640785000287 0.5521215179954501 0 1 0
4 1 - 90 - 0.27615567199730623 0.21064881500205956 0 1 0
4 1 - 91 - 0.28320518233037245 0.5355729723135785 0 1 0
4 1 - 92 - 0.30298567533221404 0.5208670083375182 0 1 0
4 1 - 93 - 0.2200243003220142 0.29542600767066085 1 0 1
4 1 - 94 - 0.27927608132207143 0.36167032332741655 0 1 0
4 1 - 95 - 0.3120694936757597 0.2929758206785967 1 0 1
4 1 - 96 - 0.2899894050012032 0.3873279123314811 0 1 0
4 1 - 97 - 0.332477895009409 0.2891317660008402 1 0 1
4 1 - 98 - 0.28184054333056946 0.4865638956738015 0 1 0
4 1 - 99 - 0.27747603599952225 0.5703256933387214 0 1 0
4 2 - 0 - 0.3921540000010282 0.24304409168932276 0 1 0
4 2 - 1 - 0.40443599966238253 0.42502332433165674 0 0 2
4 2 - 2 - 0.3969755469879601 0.4726185983454343 0 0 2
4 2 - 3 - 0.43937547200281796 0.44292829664967337 0 0 2
4 2 - 4 - 0.3203924869885668 0.4403866943224178 1 0 1
4 2 - 5 - 0.4003485516780832 0.4486917173295903 0 0 2
4 2 - 6 - 0.40477965866254334 0.45541477599181235 0 0 2
4 2 - 7 - 0.38793371166684665 0.41292772932987043 0 0 2
4 2 - 8 - 0.30753031964801875 0.4236349516625827 1 0 1
4 2 - 9 - 0.40205451001141534 0.2736772463346521 0 1 0
4 2 - 10 - 0.4107530789915472 0.4773018356742493 0 0 2
4 2 - 11 - 0.399701939333075 0.5356917416696282 0 1 0
4 2 - 12 - 0.4099005303287413 0.4420984289899934 0 0 2
4 2 - 13 - 0.45887095634437475 0.3963897913345136 0 0 2
4 2 - 14 - 0.43899311567656696 0.436244926667617 0 0 2
4 2 - 15 - 0.4104488906644595 0.2639144630035541 0 1 0
4 2 - 16 - 0.4003229990097073 0.26913907733978704 0 1 0
4 2 - 17 - 0.45927712533739395 0.43229363633630175 1 0 1
4 2 - 18 - 0.3680055509903468 0.5814188406608688 0 1 0
4 2 - 19 - 0.4479775586708759 0.4941565826787458 0 0 2
4 2 - 20 - 0.3779230083261306 0.7874665466758112 0 1 0
4 2 - 21 - 0.4695525156663886 0.4170501113209563 1 0 1
4 2 - 22 - 0.3966108813183382 0.2750662966573145 0 1 0
4 2 - 23 - 0.40941507899939705 0.25983534501089406 0 1 0
4 2 - 24 - 0.41175441867865936 0.2597831756672046 0 1 0
4 2 - 25 - 0.4067011956552354 0.26719768400653265 0 1 0
4 2 - 26 - 0.42313250365744653 0.50419813299474 0 0 2
4 2 - 27 - 0.39054789398990886 0.2936080376675818 0 1 0
4 2 - 28 - 0.41510991399021197 0.5437667329970282 0 1 0
4 2 - 29 - 0.40287164434751804 0.2718697266536765 0 1 0
4 2 - 30 - 0.4202975806644341 0.4259381339846489 0 0 2
4 2 - 31 - 0.4427079700011139 0.41655948833795264 0 0 2
4 2 - 32 - 0.40006251499289647 0.2687052776648973 0 1 0
4 2 - 33 - 0.4099102653368997 0.4220688226632774 0 0 2
4 2 - 34 - 0.42289791800430976 0.5029472860042006 0 0 2
4 2 - 35 - 0.38246024333056994 0.3687393646687269 0 0 2
4 2 - 36 - 0.42761065434509266 0.4486004699914095 0 0 2
4 2 - 37 - 0.40907207066387247 0.2598984026602314 0 1 0
4 2 - 38 - 0.38815780033473857 0.262174189342962 0 1 0
4 2 - 39 - 0.3858662369990877 0.4619199576651833 0 0 2
4 2 - 40 - 0.39195235032821074 0.4724578453460708 0 0 2
4 2 - 41 - 0.3808896876774573 0.4973923566673572 0 1 0
4 2 - 42 - 0.38749157132891315 0.9872314036571576 0 1 0
4 2 - 43 - 0.39964968533604406 0.25481218498316593 0 1 0
4 2 - 44 - 0.4383176543342415 0.4737948113276313 0 0 2
4 2 - 45 - 0.4023527003397855 0.28386968765213777 0 1 0
4 2 - 46 - 0.43484305433230475 0.25975395733257756 0 1 0
4 2 - 47 - 0.29209055233513936 0.4025294970100125 1 0 1
4 2 - 48 - 0.4054933453250366 0.41788261067510274 0 0 2
4 2 - 49 - 0.41917689333786257 0.4504663146508392 0 0 2
4 2 - 50 - 0.3219175323320087 0.441484167657715 1 0 1
4 2 - 51 - 0.4276080129978557 0.42899202133412473 0 0 2
4 2 - 52 - 0.39375052199466154 0.2558068423240911 0 1 0
4 2 - 53 - 0.3973418766787897 0.2747451909914768 0 1 0
4 2 - 54 - 0.4804745956692689 0.45388255098562996 1 0 1
4 2 - 55 - 0.41113833932710503 0.4623909970202173 0 0 2
4 2 - 56 - 0.41032889399987954 0.27976347734996426 0 1 0
4 2 - 57 - 0.2892158569981499 0.4035842283531868 1 0 1
4 2 - 58 - 0.41268426732858643 0.2716122413209329 0 1 0
4 2 - 59 - 0.380563834332861 0.2750016060017515 0 1 0
4 2 - 60 - 0.45852214566548355 0.4006763106832902 1 0 1
4 2 - 61 - 0.4154380913435792 0.4237163713163075 0 0 2
4 2 - 62 - 0.30626633867116954 0.39817181331454776 1 0 1
4 2 - 63 - 0.46636640934351214 0.3919787486665882 1 0 1
4 2 - 64 - 0.44338304599902284 0.37353687400658 1 0 1
4 2 - 65 - 0.4124954216725503 0.26188737167588744 0 1 0
4 2 - 66 - 0.42084412133165944 0.44576592268034193 0 0 2
4 2 - 67 - 0.4275636576639954 0.45271793732536025 0 0 2
4 2 - 68 - 0.31804327899590135 0.43972518533701077 1 0 1
4 2 - 69 - 0.42672786201001145 0.48913758402341045 0 0 2
4 2 - 70 - 0.3904998423240613 0.27044588633968186 0 1 0
4 2 - 71 - 0.4000699020010264 0.4517972416651901 0 0 2
4 2 - 72 - 0.3990194543439429 0.4357518523465842 0 0 2
4 2 - 73 - 0.29647874566338334 0.40168983732777025 1 0 1
4 2 - 74 - 0.3874382820019188 0.39763189101358876 0 0 2
4 2 - 75 - 0.343361481995089 0.2838458383339457 0 1 0
4 2 - 76 - 0.4533163789989582 0.45042182434311445 0 0 2
4 2 - 77 - 0.4031904213382707 0.4460666030063294 0 0 2
4 2 - 78 - 0.3832421159992615 0.27554383567379165 0 1 0
4 2 - 79 - 0.40274183666527585 0.40930592133857624 0 0 2
4 2 - 80 - 0.43495975601642084 0.4148158910005198 0 0 2
4 2 - 81 - 0.40301168265674886 0.4136633633461315 0 0 2
4 2 - 82 - 0.4092598016723059 0.25840525200086023 0 1 0
4 2 - 83 - 0.414138301993565 0.40392023635407287 0 0 2
4 2 - 84 - 0.4732003949854212 0.4435753170206832 1 0 1
4 2 - 85 - 0.40619948933211464 0.45369366834832664 0 0 2
4 2 - 86 - 0.4189037056833816 0.27293832567132387 0 1 0
4 2 - 87 - 0.39431234266764176 0.5281196126694946 0 1 0
4 2 - 88 - 0.431687774330688 0.259709134659109 0 1 0
4 2 - 89 - 0.43766672633743536 0.4532196613242074 0 0 2
4 2 - 90 - 0.42295129533158615 0.26603454233069596 0 1 0
4 2 - 91 - 0.4321287489923028 0.4431921539847584 0 0 2
4 2 - 92 - 0.4022796856588684 0.4129677696619183 0 0 2
4 2 - 93 - 0.3181173589934284 0.43180952600475087 1 0 1
4 2 - 94 - 0.41987724166635115 0.5265222279704176 0 1 0
4 2 - 95 - 0.40262563701253384 0.3989425229956396 0 0 2
4 2 - 96 - 0.41276118765623926 0.5102277483480673 0 0 2
4 2 - 97 - 0.4720222706576654 0.38261237198215287 1 0 1
4 2 - 98 - 0.37744459400225117 1.3399844596666903 0 1 0
4 2 - 99 - 0.37574583567523706 0.45938380468093476 0 0 2
4 4 - 0 - 0.481088017999961 0.4242635963328212 0 1 0
4 4 - 1 - 0.5080470906665747 0.5144211936667489 0 0 2
4 4 - 2 - 0.5254954063335996 0.5939626076666779 0 0 2
4 4 - 3 - 0.53174712700032 0.5662248813332553 0 0 2
4 4 - 4 - 0.4163234493332008 0.5001087219995194 1 0 1
4 4 - 5 - 0.5223251356668092 0.5143676446668906 0 0 2
4 4 - 6 - 0.5502807449999333 0.5057860186667918 0 0 2
4 4 - 7 - 0.47473932266681607 0.5011944853337507 0 0 2
4 4 - 8 - 0.4338460406667461 0.5120000316668059 1 0 1
4 4 - 9 - 0.4811629979997936 0.4280051976669104 0 1 0
4 4 - 10 - 0.5223637469998721 0.5681977526667955 0 0 2
4 4 - 11 - 0.5077221933333931 0.6025031073334807 0 1 0
4 4 - 12 - 0.5246305110000927 0.5693342960003065 0 0 2
4 4 - 13 - 0.5436325913330318 0.49416980800015153 0 0 2
4 4 - 14 - 0.5730136683332603 0.5302801273331472 0 0 2
4 4 - 15 - 0.451829221000177 0.43747474833313993 0 1 0
4 4 - 16 - 0.49062368600001116 0.3706281206671823 0 1 0
4 4 - 17 - 0.5936548709999745 0.5226035706670397 1 0 1
4 4 - 18 - 0.5243119079996177 0.5701575749999392 0 0 2
4 4 - 19 - 0.5559847823333257 0.5371722096667023 0 0 2
4 4 - 20 - 0.5152022256664471 1.2067115619996305 0 1 0
4 4 - 21 - 0.6250759050002065 0.518632572333748 1 0 1
4 4 - 22 - 0.5061670896666328 0.379255841333664 0 1 0
4 4 - 23 - 0.47884805233328126 0.3946312340003715 0 1 0
4 4 - 24 - 0.48935409199990926 0.4403945140002179 0 1 0
4 4 - 25 - 0.5227363129997684 0.4235587263334916 0 1 0
4 4 - 26 - 0.5283720246661687 0.6127817469999475 0 0 2
4 4 - 27 - 0.46500489766640385 0.40759812966704584 0 1 0
4 4 - 28 - 0.5546367379999235 0.5616263950005305 0 0 2
4 4 - 29 - 0.4968993053334998 0.4225252733328186 0 1 0
4 4 - 30 - 0.5171253643335755 0.5082305980001062 0 0 2
4 4 - 31 - 0.5489636236661681 0.4982814289996895 0 0 2
4 4 - 32 - 0.4889136623332888 0.3683847250000933 0 1 0
4 4 - 33 - 0.5314181926666303 0.5581051823337475 0 0 2
4 4 - 34 - 0.5264333856666781 0.6169015906668088 0 0 2
4 4 - 35 - 0.4926908289999119 0.4930647213338185 0 0 2
4 4 - 36 - 0.5277067513334259 0.5586318680000962 0 0 2
4 4 - 37 - 0.49045513033343013 0.43914452499999845 0 1 0
4 4 - 38 - 0.4734311476671185 0.37942195766663644 0 1 0
4 4 - 39 - 0.5151099553331733 0.5624092346664231 0 0 2
4 4 - 40 - 0.4871342533333518 0.553707399666564 0 0 2
4 4 - 41 - 0.4752480003329159 0.5979471889998724 0 1 0
4 4 - 42 - 0.5259951013334406 0.4939657933330939 0 0 2
4 4 - 43 - 0.5085704156669332 0.3721359243333306 0 1 0
4 4 - 44 - 0.4824998126665984 0.5571659913330222 0 0 2
4 4 - 45 - 0.5103881673336824 0.37690132866706944 0 1 0
4 4 - 46 - 0.5388005476661419 0.4627537906665869 0 1 0
4 4 - 47 - 0.4004847943330484 0.517742992666778 1 0 1
4 4 - 48 - 0.5489604979999664 0.5178746016663354 0 0 2
4 4 - 49 - 0.5136819480000365 0.566952152333215 0 0 2
4 4 - 50 - 0.4174061743333368 0.5034324216667301 1 0 1
4 4 - 51 - 0.5353695499998139 0.48282860099940683 0 0 2
4 4 - 52 - 0.5171321969995308 0.41492755633347167 0 1 0
4 4 - 53 - 0.5083105393329485 0.3796951273331312 0 1 0
4 4 - 54 - 0.606521403666496 0.5529883173333777 1 0 1
4 4 - 55 - 0.5176899426666448 0.5546105890001248 0 0 2
4 4 - 56 - 0.49663594699995883 0.39367909899950365 0 1 0
4 4 - 57 - 0.400759949999762 0.5235323033330133 1 0 1
4 4 - 58 - 0.5248745556667321 0.3848253393334744 0 1 0
4 4 - 59 - 0.4820666056663564 0.41283718699984695 0 1 0
4 4 - 60 - 0.5972051770001297 0.4878538169996318 1 0 1
4 4 - 61 - 0.5283693389998614 0.5534149253332241 0 0 2
4 4 - 62 - 0.3742818706665882 0.5125721540001299 1 0 1
4 4 - 63 - 0.5896924816664372 0.49520105599973857 1 0 1
4 4 - 64 - 0.5675006716671003 0.5060266773334661 1 0 1
4 4 - 65 - 0.49350999133366713 0.40147178766680247 0 1 0
4 4 - 66 - 0.5691750716669048 0.5416475433333593 0 0 2
4 4 - 67 - 0.5412413313333673 0.5231352343337979 0 0 2
4 4 - 68 - 0.4106399509998179 0.4955809509998896 1 0 1
4 4 - 69 - 0.5275716516668277 0.5519117919993732 0 0 2
4 4 - 70 - 0.48985187000016595 0.3941094583339388 0 1 0
4 4 - 71 - 0.5216435693334158 0.5135656279999239 0 0 2
4 4 - 72 - 0.5158601350000632 0.5199009660000229 0 0 2
4 4 - 73 - 0.3733169120002155 0.5340496063336104 1 0 1
4 4 - 74 - 0.4778093873337639 0.5221024529995096 0 0 2
4 4 - 75 - 0.4940572076663253 0.39778723966689233 0 1 0
4 4 - 76 - 0.5589857396665441 0.5413934053334135 0 0 2
4 4 - 77 - 0.52094261833372 0.5119317299998632 0 0 2
4 4 - 78 - 0.4697059063328197 0.42965932566645887 0 1 0
4 4 - 79 - 0.5051118086663943 0.5104202140003812 0 0 2
4 4 - 80 - 0.5284504389998498 0.5320323669996773 0 0 2
4 4 - 81 - 0.5307580689999062 0.49186645066644513 0 0 2
4 4 - 82 - 0.515125414666727 0.40220061966677656 0 1 0
4 4 - 83 - 0.49881661833357305 0.5047498769999947 0 0 2
4 4 - 84 - 0.5754403696664667 0.5159988463337868 1 0 1
4 4 - 85 - 0.544899015999969 0.5226255569999315 0 0 2
4 4 - 86 - 0.47970523466665327 0.4524595326662772 0 1 0
4 4 - 87 - 0.497715266000038 0.6721258440002202 0 1 0
4 4 - 88 - 0.537376037666642 0.4588816556670281 0 1 0
4 4 - 89 - 0.5079337193334746 0.5279417579995425 0 0 2
4 4 - 90 - 0.5123360846667614 0.40500475400009844 0 1 0
4 4 - 91 - 0.5933888263334666 0.5260543233331797 0 0 2
4 4 - 92 - 0.5371542196665663 0.524174835000243 0 0 2
4 4 - 93 - 0.40680488233344175 0.5134989106669915 1 0 1
4 4 - 94 - 0.5339204956668862 0.54487733800003 0 0 2
4 4 - 95 - 0.548808593666763 0.5245404029998705 0 0 2
4 4 - 96 - 0.552924636333349 0.6149170530003781 0 0 2
4 4 - 97 - 0.5944985053335282 0.5149149920004371 1 0 1
4 4 - 98 - 0.4790488693336859 1.8154048526669915 0 1 0
4 4 - 99 - 0.5002879903331632 0.5706665353336575 0 0 2
8 1 - 0 - 16.53352029067658 28.027846104009463 0 0 2
8 1 - 1 - 15.29067346266432 17.553736331989057 0 0 2
8 1 - 2 - 16.88863235032962 2.7408108456778186 0 1 0
8 1 - 3 - 15.869864816660993 54.87470810467494 0 1 0
8 1 - 4 - 17.910235824335057 69.2182969013423 0 1 0
8 1 - 5 - 20.508115379993495 16.581968105669755 0 0 2
8 1 - 6 - 14.856050375994528 52.05365515033676 0 1 0
8 1 - 7 - 20.505925032998977 20.930169959669 0 0 2
8 1 - 8 - 16.75919418033057 15.999642790663833 0 0 2
8 1 - 9 - 12.026813234338382 42.909055784325275 0 1 0
8 1 - 10 - 18.161916991666658 2.710945314000128 0 1 0
8 1 - 11 - 21.591163838330733 21.481213327662164 0 0 2
8 1 - 12 - 15.766916354662197 92.3480792446644 0 1 0
8 1 - 13 - 14.599207372336727 2.7920899306676197 0 1 0
8 1 - 14 - 20.123526416001063 20.64703376799783 0 0 2
8 1 - 15 - 21.265742164338008 25.281873860997923 0 0 2
8 1 - 16 - 21.437009325677842 24.335886295652017 0 0 2
8 1 - 17 - 19.328660682658665 80.46889730598195 0 1 0
8 1 - 18 - 16.12068749734317 2.6929506176578193 0 1 0
8 1 - 19 - 15.49544450067333 16.195569711659722 0 0 2
8 1 - 20 - 19.894733626327554 19.575293218319224 0 0 2
8 1 - 21 - 17.12439953966532 22.407977344671963 0 0 2
8 1 - 22 - 17.60434452132904 2.7148875286608622 0 1 0
8 1 - 23 - 19.712142777668 22.322849601332564 0 0 2
8 1 - 24 - 19.353656004328514 60.48236891900888 0 1 0
8 1 - 25 - 17.093356319683757 2.7495790983278616 0 1 0
8 1 - 26 - 15.58710184233496 2.7753481560115083 0 1 0
8 1 - 27 - 21.49313146499723 19.415851443317177 0 0 2
8 1 - 28 - 17.521908618335146 70.46645200033284 0 0 2
8 1 - 29 - 17.92977835100222 56.43323418901612 0 1 0
8 1 - 30 - 11.724691054997189 2.7539753336750437 0 1 0
8 1 - 31 - 15.313895534995632 17.61647882932448 0 0 2
8 1 - 32 - 26.902910888321152 20.24591229300131 1 0 1
8 1 - 33 - 18.058118296670727 63.98372442067678 0 1 0
8 1 - 34 - 18.132492443992913 16.203111802984495 0 0 2
8 1 - 35 - 17.666904167000514 49.04703680531626 0 1 0
8 1 - 36 - 18.08393466765604 63.00153129233513 0 1 0
8 1 - 37 - 17.327176744681005 19.08599828900575 0 0 2
8 1 - 38 - 20.09674386699529 21.63504662832323 0 0 2
8 1 - 39 - 15.443160015672523 2.8142884903160543 0 1 0
8 1 - 40 - 18.197921280002145 2.673754956010574 0 1 0
8 1 - 41 - 16.16302276166971 2.620642002332412 0 1 0
8 1 - 42 - 17.155438682675594 2.693130605330225 0 1 0
8 1 - 43 - 15.03624583899121 24.118783806654392 0 0 2
8 1 - 44 - 15.557773079674615 29.840510485674407 0 0 2
8 1 - 45 - 16.536419864996184 17.557714866648894 0 0 2
8 1 - 46 - 18.74937957501 2.858127184677869 0 1 0
8 1 - 47 - 20.07015889766626 54.65472822164884 0 1 0
8 1 - 48 - 17.94222020233671 86.6866297183248 0 1 0
8 1 - 49 - 16.116466962674167 2.671778150678923 0 1 0
8 1 - 50 - 19.386617897010485 19.40742244734429 0 0 2
8 1 - 51 - 14.774928655669404 40.26508249798402 0 0 2
8 1 - 52 - 16.73132082099134 27.42444965033792 0 0 2
8 1 - 53 - 17.277709408003528 2.833612351678312 0 1 0
8 1 - 54 - 14.901115811323203 17.866744888335234 0 0 2
8 1 - 55 - 17.0222703453328 33.53316185864969 0 0 2
8 1 - 56 - 19.01627157566448 56.33442176898825 0 0 2
8 1 - 57 - 19.23570608732795 23.66112679199432 0 0 2
8 1 - 58 - 18.290041266319655 2.753979208335901 0 1 0
8 1 - 59 - 15.072496701662505 15.212476488328926 0 0 2
8 1 - 60 - 16.480816976332182 62.15869602401896 0 1 0
8 1 - 61 - 18.07085791300051 2.7526850969976904 0 1 0
8 1 - 62 - 19.136995591339655 2.7188472813383364 0 1 0
8 1 - 63 - 18.74133916932624 21.764948651999777 0 0 2
8 1 - 64 - 17.684986670006765 20.636063047675027 0 0 2
8 1 - 65 - 17.085027098665403 43.90889304568797 0 1 0
8 1 - 66 - 17.132794101315085 64.12851264799247 0 1 0
8 1 - 67 - 13.606749052996747 2.8141094826569315 0 1 0
8 1 - 68 - 14.823796024322897 25.20622641366208 0 0 2
8 1 - 69 - 16.268370090343524 18.589199689333327 0 0 2
8 1 - 70 - 18.336683637317037 2.694313876340554 0 1 0
8 1 - 71 - 16.555147602329573 2.74430050632994 0 1 0
8 1 - 72 - 15.396266050665872 28.03958190033639 0 0 2
8 1 - 73 - 15.023631757658828 2.7584013493227153 0 1 0
8 1 - 74 - 17.607844275335083 2.6337545183487236 0 1 0
8 1 - 75 - 15.702407575319134 2.7203902543406002 0 1 0
8 1 - 76 - 21.245832636331517 20.338097316998756 0 0 2
8 1 - 77 - 17.381895188669052 21.13257158000488 0 0 2
8 1 - 78 - 17.324228169668153 2.673616028322916 0 1 0
8 1 - 79 - 13.078211928678988 73.38439745332774 0 1 0
8 1 - 80 - 16.48054982733447 21.79405727199628 0 0 2
8 1 - 81 - 19.11201671031692 27.2748839436681 0 1 0
8 1 - 82 - 20.30808633133226 20.090766826673644 0 0 2
8 1 - 83 - 15.764115998346824 2.69367919502353 0 1 0
8 1 - 84 - 18.586280606667668 26.18352144099966 0 0 2
8 1 - 85 - 16.549518862001907 18.515378935660312 0 0 2
8 1 - 86 - 19.92274666133259 2.7180188093237425 0 1 0
8 1 - 87 - 18.051414249338755 2.693289808676733 0 1 0
8 1 - 88 - 15.993854192007955 23.21286973498839 0 0 2
8 1 - 89 - 14.799558063338432 116.23115522866526 0 1 0
8 1 - 90 - 13.382497966338025 22.47173514334524 0 0 2
8 1 - 91 - 16.788763135661913 2.6672274469941235 0 1 0
8 1 - 92 - 15.44178913598686 19.821770073011674 0 0 2
8 1 - 93 - 16.967754825678032 19.318600859337796 0 0 2
8 1 - 94 - 15.376051570337342 2.774168424337404 0 1 0
8 1 - 95 - 17.69181541634801 27.771778966668837 0 0 2
8 1 - 96 - 20.010465755331097 27.834051089322507 0 0 2
8 1 - 97 - 16.174630327984534 103.33663570665522 0 1 0
8 1 - 98 - 19.487591729004635 26.58135692367796 0 0 2
8 1 - 99 - 15.40337936532645 24.621696112987895 0 0 2
8 2 - 0 - 28.91778475799947 38.33803553233156 0 0 2
8 2 - 1 - 35.61937717734448 39.75747665367089 0 0 2
8 2 - 2 - 26.061363297339994 3.349984459016317 0 1 0
8 2 - 3 - 28.918334926342748 32.03712143233861 0 0 2
8 2 - 4 - 31.42732050433794 47.06826218932595 0 0 2
8 2 - 5 - 33.584755911006745 36.074083075334784 0 0 2
8 2 - 6 - 35.78998846933246 33.436674654338276 0 0 2
8 2 - 7 - 35.616195413992195 40.73887474266424 0 0 2
8 2 - 8 - 29.650820807000855 30.226070118670275 0 0 2
8 2 - 9 - 25.571863020333694 47.270785852665234 0 1 0
8 2 - 10 - 33.77811313799854 7.436718331339459 0 1 0
8 2 - 11 - 31.10083807866128 33.072777032338 0 0 2
8 2 - 12 - 26.585234223661246 59.180215923658885 0 0 2
8 2 - 13 - 26.51002082065679 9.098380972320836 0 1 0
8 2 - 14 - 32.55357646866469 39.175648794005006 0 0 2
8 2 - 15 - 30.309332298338024 38.655616277004206 0 0 2
8 2 - 16 - 31.76414145199427 32.89163882566693 0 0 2
8 2 - 17 - 44.31095098366495 43.30560204466261 0 0 2
8 2 - 18 - 28.240477263345383 4.533460971986642 0 1 0
8 2 - 19 - 26.189239801004685 42.00167790367656 0 0 2
8 2 - 20 - 37.95638681267155 44.055564218666404 0 0 2
8 2 - 21 - 36.18025517700395 48.13886750633052 0 0 2
8 2 - 22 - 23.608923422997275 3.423051766323624 0 1 0
8 2 - 23 - 17.315868261328433 24.567162733660854 0 0 2
8 2 - 24 - 29.19061472567652 58.92186574933778 0 0 2
8 2 - 25 - 25.86414429966438 5.040112342666059 0 1 0
8 2 - 26 - 27.784437358670402 8.775095720998555 0 1 0
8 2 - 27 - 29.282650339339547 34.230897504652 0 0 2
8 2 - 28 - 30.41912155234604 69.77952300965747 0 0 2
8 2 - 29 - 29.961089640671464 49.90590261666997 0 1 0
8 2 - 30 - 24.042256756996117 3.7110588513314724 0 1 0
8 2 - 31 - 23.765788437662803 35.86318139632931 0 0 2
8 2 - 32 - 36.0573589016567 36.85336040700592 0 0 2
8 2 - 33 - 31.1334396910097 58.88146113732364 0 1 0
8 2 - 34 - 35.8719569753157 48.44949409633409 0 0 2
8 2 - 35 - 29.780178586331505 47.778502866664596 0 0 2
8 2 - 36 - 23.40922404967326 25.29540440732186 0 0 2
8 2 - 37 - 37.93036550698647 39.50330295033443 0 0 2
8 2 - 38 - 35.51269883367544 28.35304928633074 0 0 2
8 2 - 39 - 17.79496725900875 3.7850261476608766 0 1 0
8 2 - 40 - 30.627910341330182 3.446769342990592 0 1 0
8 2 - 41 - 24.594184860664733 8.6873294399896 0 1 0
8 2 - 42 - 32.35401867367909 3.263415670332809 0 1 0
8 2 - 43 - 20.503208276000805 24.90830261334001 0 0 2
8 2 - 44 - 30.33662786500645 37.84810952933428 0 0 2
8 2 - 45 - 26.190503208005488 38.594471915013855 0 0 2
8 2 - 46 - 15.227928507335795 6.331709063660431 0 1 0
8 2 - 47 - 28.37270965166196 39.13963314766685 0 0 2
8 2 - 48 - 42.035038867004914 189.32400626701806 0 0 2
8 2 - 49 - 26.802065379335545 3.565921340661589 0 1 0
8 2 - 50 - 19.277988460991764 14.341293002003416 0 0 2
8 2 - 51 - 39.80360141265555 45.388331706344616 0 0 2
8 2 - 52 - 29.817597906997737 44.297207979660016 0 0 2
8 2 - 53 - 19.01300755700019 5.880970590000895 0 1 0
8 2 - 54 - 24.51995229399957 34.22417062298822 0 0 2
8 2 - 55 - 33.522607529002315 39.880185549671296 0 0 2
8 2 - 56 - 34.30463131533664 39.87954791365579 0 0 2
8 2 - 57 - 36.19002253799893 42.03302256166353 0 0 2
8 2 - 58 - 28.742863217329916 7.884852583985776 0 1 0
8 2 - 59 - 30.559022161003668 40.2658014583285 0 0 2
8 2 - 60 - 16.711040411668364 38.643920720671304 0 0 2
8 2 - 61 - 38.76095829431627 6.077623575004206 0 1 0
8 2 - 62 - 45.976565386003735 4.689314916322473 0 1 0
8 2 - 63 - 29.499851120674673 36.16112280066591 0 0 2
8 2 - 64 - 28.315793080003157 30.80101735566859 0 0 2
8 2 - 65 - 29.320412908661336 36.32910724533333 0 0 2
8 2 - 66 - 33.807507020663856 40.69235613933415 0 0 2
8 2 - 67 - 19.801817400672007 4.912137576650518 0 1 0
8 2 - 68 - 17.862767795993324 23.987620476672113 0 0 2
8 2 - 69 - 17.160067254337868 23.440679325654248 0 0 2
8 2 - 70 - 24.87924213799609 8.89165283900608 0 1 0
8 2 - 71 - 34.37105639168294 6.374638586004342 0 1 0
8 2 - 72 - 29.887678986667503 46.01406664267415 0 0 2
8 2 - 73 - 31.75448908332813 3.8691559383296408 0 1 0
8 2 - 74 - 23.811608040336676 3.843709032322901 0 1 0
8 2 - 75 - 31.08019704798547 3.694023114997738 0 1 0
8 2 - 76 - 20.535998398341082 29.69659717697262 0 0 2
8 2 - 77 - 17.325348182338836 28.626217437684925 0 0 2
8 2 - 78 - 25.82802767701408 7.20439479831839 0 1 0
8 2 - 79 - 26.019503280336117 78.86691466332802 0 1 0
8 2 - 80 - 19.179142753001848 18.576468201674288 0 0 2
8 2 - 81 - 34.190283504334126 40.91353282900915 0 0 2
8 2 - 82 - 33.35993407767577 38.08262959099375 0 0 2
8 2 - 83 - 32.115742897003656 6.9260114776552655 0 1 0
8 2 - 84 - 35.14645689866544 43.52930295901994 0 0 2
8 2 - 85 - 29.10592660099307 34.32606465567369 0 0 2
8 2 - 86 - 38.54699338032515 4.650411818341429 0 1 0
8 2 - 87 - 27.711766825338902 4.336386542321027 0 1 0
8 2 - 88 - 31.543310173340917 26.96131840601447 0 0 2
8 2 - 89 - 30.040402194679096 30.27212251199914 0 0 2
8 2 - 90 - 34.38079774932703 37.261791120661655 0 0 2
8 2 - 91 - 27.446733647996247 5.386186008661753 0 1 0
8 2 - 92 - 19.56071835733989 31.09827267032233 0 0 2
8 2 - 93 - 26.46332198365902 34.16844617267876 0 0 2
8 2 - 94 - 15.156977521663066 6.916569640336093 0 1 0
8 2 - 95 - 18.174752482998883 30.106923952989746 0 0 2
8 2 - 96 - 33.71105037133869 38.75090183332213 0 0 2
8 2 - 97 - 33.92691032167447 68.90646483101105 0 0 2
8 2 - 98 - 26.65931312266427 49.7598130646608 0 0 2
8 2 - 99 - 28.249089796998305 26.535152697993908 0 0 2
8 4 - 0 - 51.242062319341734 65.29058512998745 0 0 2
8 4 - 1 - 57.74958659900585 81.89331362401329 0 0 2
8 4 - 2 - 24.114818791325284 5.193331194003501 0 1 0
8 4 - 3 - 26.617215408662258 36.941996955002345 0 0 2
8 4 - 4 - 53.28901720800786 63.295952022667436 0 0 2
8 4 - 5 - 52.06996728499264 61.40307146698857 0 0 2
8 4 - 6 - 41.293570387332394 57.919635824694225 0 0 2
8 4 - 7 - 56.62882793200939 63.49406443398524 0 0 2
8 4 - 8 - 47.418033797662545 54.86647909566333 0 0 2
8 4 - 9 - 44.3720188193353 57.479375554006154 0 0 2
8 4 - 10 - 51.7707949646671 5.599778898671502 0 1 0
8 4 - 11 - 30.3146872149955 18.923377335323796 0 0 2
8 4 - 12 - 22.396229967668962 30.617226012671985 0 0 2
8 4 - 13 - 38.672222128671514 10.533839913337337 0 1 0
8 4 - 14 - 49.64500890567433 62.08136998999786 0 0 2
8 4 - 15 - 58.367633016993445 56.04753276965736 0 0 2
8 4 - 16 - 58.094899682328105 71.21786406465496 0 0 2
8 4 - 17 - 53.93166607899669 66.29923327734771 0 0 2
8 4 - 18 - 53.8963059996701 12.181298366340343 0 1 0
8 4 - 19 - 49.99989960365929 57.59439526700104 0 0 2
8 4 - 20 - 35.51479317666963 54.34486507166488 0 0 2
8 4 - 21 - 37.89515382265866 45.898536657322744 0 0 2
8 4 - 22 - 36.55070462399938 9.28430379400379 0 1 0
8 4 - 23 - 47.22515451367751 45.21209492567384 0 0 2
8 4 - 24 - 50.699812840010665 74.40247917734087 0 0 2
8 4 - 25 - 51.918873106663035 4.364658781996695 0 1 0
8 4 - 26 - 47.44770157199431 11.840049985320851 0 1 0
8 4 - 27 - 51.13916405333051 47.90531705634203 0 0 2
8 4 - 28 - 48.785718178328054 54.50383451666373 0 0 2
8 4 - 29 - 54.45830657134259 59.17266291734025 0 0 2
8 4 - 30 - 15.752994145004777 4.052574191669312 0 1 0
8 4 - 31 - 23.568425348668825 26.465931917986985 0 0 2
8 4 - 32 - 57.710086283662044 45.01434629266926 0 0 2
8 4 - 33 - 49.284221181665394 85.1268337876827 0 1 0
8 4 - 34 - 52.07435899533448 56.45828412768121 0 0 2
8 4 - 35 - 58.676845095663644 63.85560131898577 0 0 2
8 4 - 36 - 42.42248757733614 42.96055588434683 0 0 2
8 4 - 37 - 58.32971079501051 67.38665916966663 0 0 2
8 4 - 38 - 47.509381873979386 45.15585040898683 0 0 2
8 4 - 39 - 20.862239965664532 4.531763953680638 0 1 0
8 4 - 40 - 59.435797545670844 4.044321441673674 0 1 0
8 4 - 41 - 44.759955221321434 17.819057773022603 0 1 0
8 4 - 42 - 42.68180984432305 4.350426206326422 0 1 0
8 4 - 43 - 14.936684073337043 16.395837593988595 0 0 2
8 4 - 44 - 57.19149985332236 50.3746984610043 0 0 2
8 4 - 45 - 41.967525515996385 42.9287349943285 0 0 2
8 4 - 46 - 42.13425777900071 10.738368486694526 0 1 0
8 4 - 47 - 52.440262839333926 74.19726569733272 0 0 2
8 4 - 48 - 41.49477255631549 50.023458408317914 0 0 2
8 4 - 49 - 39.804712313004224 4.476116964001752 0 1 0
8 4 - 50 - 36.34978361266743 30.958067077658292 0 0 2
8 4 - 51 - 41.38747586632962 37.603051827987656 0 0 2
8 4 - 52 - 23.50735088066237 41.07793402600995 0 0 2
8 4 - 53 - 25.274698777328013 8.954053765327748 0 1 0
8 4 - 54 - 51.987151261341445 75.25513818864906 0 0 2
8 4 - 55 - 44.32400610600598 46.10273647531479 0 0 2
8 4 - 56 - 56.14788902500489 80.37383402866544 0 0 2
8 4 - 57 - 54.65328701633067 65.67798537601873 0 0 2
8 4 - 58 - 53.44037013700775 12.27581023799333 0 1 0
8 4 - 59 - 28.359576028664986 24.949220626663493 0 0 2
8 4 - 60 - 35.079808773996774 48.192392985656625 0 0 2
8 4 - 61 - 41.96320127133125 5.8671468696556985 0 1 0
8 4 - 62 - 55.572548445993256 3.7496516536630224 0 1 0
8 4 - 63 - 19.976780322671402 26.459209703335848 0 0 2
8 4 - 64 - 33.75512541967328 50.319681818005236 0 0 2
8 4 - 65 - 35.92854257234528 32.37491648833384 0 0 2
8 4 - 66 - 51.094352842337685 65.91915626300033 0 0 2
8 4 - 67 - 32.11810736266973 12.337445864657639 0 1 0
8 4 - 68 - 42.503431855012124 47.46955348633735 0 0 2
8 4 - 69 - 50.36467085099624 53.0392659046629 0 0 2
8 4 - 70 - 38.84502436867721 9.223482664005132 0 1 0
8 4 - 71 - 57.123526635996924 4.936722292681225 0 1 0
8 4 - 72 - 39.21201278100489 43.11577241300256 0 0 2
8 4 - 73 - 58.69848552566449 4.798516559327254 0 1 0
8 4 - 74 - 51.239607961664056 23.925754497982172 0 1 0
8 4 - 75 - 53.82726530267003 4.018573618668597 0 1 0
8 4 - 76 - 24.175175669341115 28.824680830662448 0 0 2
8 4 - 77 - 27.07854247766469 24.07784431367569 0 0 2
8 4 - 78 - 39.79285834200952 7.354948888998479 0 1 0
8 4 - 79 - 50.20489243466484 90.16246508633292 0 1 0
8 4 - 80 - 17.052718388983827 13.712413967354223 0 0 2
8 4 - 81 - 54.22883960965555 64.87538148767392 0 0 2
8 4 - 82 - 44.06667059432948 50.463015139335766 0 0 2
8 4 - 83 - 49.976590822023965 13.38813131665423 0 1 0
8 4 - 84 - 54.67760029029644 52.021550434001256 0 0 2
8 4 - 85 - 48.080815922352485 71.11968766864932 0 0 2
8 4 - 86 - 42.79955224566705 4.759821147696735 0 1 0
8 4 - 87 - 52.68657276399124 17.5800111546608 0 1 0
8 4 - 88 - 39.454649594340786 23.12222584199238 0 0 2
8 4 - 89 - 41.111418972005296 54.7862788643494 0 0 2
8 4 - 90 - 41.358414018002804 58.25463900268854 0 0 2
8 4 - 91 - 57.024040962996274 5.087343661677248 0 1 0
8 4 - 92 - 32.77531806499852 39.85760332401454 0 0 2
8 4 - 93 - 45.0540125973445 49.984796664328314 0 0 2
8 4 - 94 - 34.12110549232845 9.37921467832833 0 1 0
8 4 - 95 - 40.133044195982315 51.255968132948816 0 0 2
8 4 - 96 - 67.39065177333154 70.81763215529888 0 0 2
8 4 - 97 - 55.245193227970354 60.06171524299619 0 0 2
8 4 - 98 - 49.1389992889793 73.12714559602318 0 0 2
8 4 - 99 - 42.90021710000777 41.45176392735448 0 0 2
8 8 - 0 - 58.69822217766705 65.1861953493341 0 0 2
8 8 - 1 - 62.390399996333144 67.50780344166742 0 0 2
8 8 - 2 - 48.11489046666611 5.805709561665935 0 1 0
8 8 - 3 - 56.51160471266667 53.68821566166722 0 0 2
8 8 - 4 - 64.63564342566679 68.83085940600056 0 0 2
8 8 - 5 - 68.01593211733295 74.02284454800065 0 0 2
8 8 - 6 - 47.72687905533227 52.50624037199971 0 0 2
8 8 - 7 - 69.61157078466688 71.86895839733309 0 0 2
8 8 - 8 - 45.561684610999386 53.05430405399966 0 0 2
8 8 - 9 - 53.95074949766664 74.56120508800025 0 0 2
8 8 - 10 - 61.24469093966703 13.340944711665847 0 1 0
8 8 - 11 - 51.85384330500044 58.4232393680001 0 0 2
8 8 - 12 - 51.20919378333383 55.06068070533305 0 0 2
8 8 - 13 - 56.08030345466735 21.893655959667132 0 1 0
8 8 - 14 - 64.22045358199952 64.78551193900057 0 0 2
8 8 - 15 - 62.70033410233312 60.09021734900004 0 0 2
8 8 - 16 - 62.29949941500006 81.9518681619999 0 0 2
8 8 - 17 - 73.18773638766713 69.9483139990019 0 0 2
8 8 - 18 - 48.12752597466655 25.600777951333534 0 1 0
8 8 - 19 - 57.68850275366519 55.472108861333254 0 0 2
8 8 - 20 - 47.61578763933237 52.41709614133409 0 0 2
8 8 - 21 - 51.5610219500001 47.874521452332075 0 0 2
8 8 - 22 - 60.38504354433462 7.352864835334913 0 1 0
8 8 - 23 - 57.67805348133455 51.78413745199941 0 0 2
8 8 - 24 - 64.1494807563334 63.16780608733461 0 0 2
8 8 - 25 - 52.965966867667404 6.3976876663315725 0 1 0
8 8 - 26 - 48.620811355666476 43.33594916133249 0 1 0
8 8 - 27 - 67.48495817733298 65.03521081266688 0 0 2
8 8 - 28 - 53.39330291866645 64.85971007033488 0 0 2
8 8 - 29 - 40.46692154600047 60.0683636303329 0 0 2
8 8 - 30 - 41.90562063766629 10.416818108332032 0 1 0
8 8 - 31 - 64.01763904866675 45.82108156933464 0 0 2
8 8 - 32 - 50.99460533299983 47.521554781999534 0 0 2
8 8 - 33 - 56.95479015666691 79.23871899966737 0 0 2
8 8 - 34 - 57.544103153001444 60.01075977599976 0 0 2
8 8 - 35 - 57.87939454033282 62.23980210199928 0 0 2
8 8 - 36 - 63.7147531586658 69.28124470799835 0 0 2
8 8 - 37 - 66.60982757533323 80.39320835900071 0 0 2
8 8 - 38 - 60.25789463899976 75.78333259766563 0 0 2
8 8 - 39 - 47.037476928000004 8.455038240332215 0 1 0
8 8 - 40 - 54.86241704999944 6.1819918203315565 0 1 0
8 8 - 41 - 53.9363538973339 32.78282613799941 0 1 0
8 8 - 42 - 47.27615130333288 7.083892932667368 0 1 0
8 8 - 43 - 39.193714671332906 43.32246249066642 0 0 2
8 8 - 44 - 61.68954164866591 46.73175567766642 0 0 2
8 8 - 45 - 49.32948556233411 50.19295124266622 0 0 2
8 8 - 46 - 61.219343855000865 18.099381116667548 0 1 0
8 8 - 47 - 61.16486450500088 64.59713076733412 0 0 2
8 8 - 48 - 58.042158900999006 65.40379669200047 0 0 2
8 8 - 49 - 42.15618787866697 5.875852956998036 0 1 0
8 8 - 50 - 47.34139384566637 51.84461336566892 0 0 2
8 8 - 51 - 53.64369268100078 63.158964003331974 0 0 2
8 8 - 52 - 53.5789157216653 58.37339631566768 0 0 2
8 8 - 53 - 55.964155144333446 14.658051803666847 0 1 0
8 8 - 54 - 57.790021621667016 69.03492046999963 0 0 2
8 8 - 55 - 48.190593134999894 45.28462941533386 0 0 2
8 8 - 56 - 60.82031057533459 69.73311603499921 0 0 2
8 8 - 57 - 71.83887986800012 73.72437627833521 0 0 2
8 8 - 58 - 59.9478046643344 37.879056382998286 0 1 0
8 8 - 59 - 56.03502714899878 51.585888022001505 0 0 2
8 8 - 60 - 52.95218701299988 50.31816511000094 0 0 2
8 8 - 61 - 52.40466280999923 9.54774470533448 0 1 0
8 8 - 62 - 55.55353456133404 7.906573123000271 0 1 0
8 8 - 63 - 56.17824678033261 58.84950643200136 0 0 2
8 8 - 64 - 51.43321067799965 61.52388441900136 0 0 2
8 8 - 65 - 64.12666958466798 49.723798944001224 0 0 2
8 8 - 66 - 50.37764776966651 62.73067632400125 0 0 2
8 8 - 67 - 47.176072419667136 22.865284430336033 0 1 0
8 8 - 68 - 52.05901089866529 59.14986810766519 0 0 2
8 8 - 69 - 49.91376856733284 53.0110744829993 0 0 2
8 8 - 70 - 48.35262599966639 24.283475474667892 0 1 0
8 8 - 71 - 59.45185776733221 6.0510185803335235 0 1 0
8 8 - 72 - 61.026023043001864 65.30762340233439 0 0 2
8 8 - 73 - 53.32298224666738 7.204763446328191 0 1 0
8 8 - 74 - 58.39315708866586 30.390974038668595 0 1 0
8 8 - 75 - 50.655462782667506 10.322829329331096 0 1 0
8 8 - 76 - 53.54361493999992 49.604777631999845 0 0 2
8 8 - 77 - 67.15387964199908 58.61433723932957 0 0 2
8 8 - 78 - 48.48304901033165 21.66408393733339 0 1 0
8 8 - 79 - 62.83581557266492 68.44163218299946 0 0 2
8 8 - 80 - 46.542587876332014 50.7733711089968 0 0 2
8 8 - 81 - 55.7380792473341 77.50184043133292 0 0 2
8 8 - 82 - 51.991808741331624 55.04509851433734 0 0 2
8 8 - 83 - 53.143928693333386 25.158363772997596 0 1 0
8 8 - 84 - 72.3597918366698 58.638395848332344 0 0 2
8 8 - 85 - 50.144618575664936 60.14689402033158 0 0 2
8 8 - 86 - 67.14867711166396 9.788750650996613 0 1 0
8 8 - 87 - 54.864463492000745 31.763997308664937 0 1 0
8 8 - 88 - 68.58551073966615 63.19850530166635 0 0 2
8 8 - 89 - 43.41771565666568 53.08077824199911 0 0 2
8 8 - 90 - 52.2398713006672 56.659049822000576 0 0 2
8 8 - 91 - 55.06171981633331 25.379220253331972 0 1 0
8 8 - 92 - 44.271755464333786 52.86399530833296 0 0 2
8 8 - 93 - 56.10882533266946 54.878545744664734 0 0 2
8 8 - 94 - 48.79925731233379 24.12033467366564 0 1 0
8 8 - 95 - 60.68641292366859 64.42580977899827 0 0 2
8 8 - 96 - 72.78292633699797 68.79655878900425 0 0 2
8 8 - 97 - 60.91089412899843 69.64297699400292 0 0 2
8 8 - 98 - 60.07943821366886 66.25564087733073 0 0 2
8 8 - 99 - 42.16694117100027 47.933282627998175 0 0 2
