4 1 - 0 - 0.24210351600777358 0.19318554131314158 0 1 0
4 1 - 1 - 0.21566314999169361 0.2984203866605336 1 0 1
4 1 - 2 - 0.2587041476702628 0.34258170596634346 0 0 2
4 1 - 3 - 0.2824099476565607 0.30858329668020207 0 0 2
4 1 - 4 - 0.21096374465075013 0.30982986203162 1 0 1
4 1 - 5 - 0.28804355167085305 0.3301199256675318 0 0 2
4 1 - 6 - 0.26738440233748406 0.28696526200898614 0 0 2
4 1 - 7 - 0.28431496732324985 0.34431981667876244 0 0 2
4 1 - 8 - 0.21330952136001238 0.3116092503381272 1 0 1
4 1 - 9 - 0.25996736301264417 0.2072851860236066 0 1 0
4 1 - 10 - 0.2935576920087139 0.31768362000972655 0 0 2
4 1 - 11 - 0.2752823183545843 0.48670229263370857 0 1 0
4 1 - 12 - 0.3013746223296039 0.3561147843526366 1 0 1
4 1 - 13 - 0.2996524720219895 0.2981409696706881 0 0 2
4 1 - 14 - 0.29512231699967134 0.3091521660098806 0 0 2
4 1 - 15 - 0.2895655756777463 0.20966168834517399 0 1 0
4 1 - 16 - 0.26306525666344294 0.21094741301688674 0 1 0
4 1 - 17 - 0.23881337331840768 0.2951378899742849 1 0 1
4 1 - 18 - 0.2583158559864387 0.4121945673638644 0 1 0
4 1 - 19 - 0.3039543353370391 0.39461087501452613 0 0 2
4 1 - 20 - 0.27317500935168937 0.3687578810107274 0 1 0
4 1 - 21 - 0.28319205465959385 0.2887085953261703 1 0 1
4 1 - 22 - 0.27524513101282844 0.20995668337369958 0 1 0
4 1 - 23 - 0.2876593036732326 0.20477844530250877 0 1 0
4 1 - 24 - 0.2881436856502357 0.206070840669175 0 1 0
4 1 - 25 - 0.26491197999954846 0.21065879504506788 0 1 0
4 1 - 26 - 0.30231179133988917 0.3182949233838978 0 0 2
4 1 - 27 - 0.2730194056639448 0.21044064435409382 0 1 0
4 1 - 28 - 0.2677854813518934 0.4931149176166703 0 1 0
4 1 - 29 - 0.27397181299359846 0.21043616098662218 0 1 0
4 1 - 30 - 0.2723510063563784 0.31675630966977525 0 0 2
4 1 - 31 - 0.32983093668008223 0.3496206656758053 0 0 2
4 1 - 32 - 0.26183147132784745 0.2095177053124644 0 1 0
4 1 - 33 - 0.28332869665852434 0.29801008330347634 1 0 1
4 1 - 34 - 0.3022444116650149 0.32025435801673063 0 0 2
4 1 - 35 - 0.20654404733795673 0.2857613450032659 1 0 1
4 1 - 36 - 0.26333449833327904 0.3462572203328212 0 0 2
4 1 - 37 - 0.2887764183299926 0.2073126370087266 0 1 0
4 1 - 38 - 0.26367917301831767 0.2055164806661196 0 1 0
4 1 - 39 - 0.25953721398642904 0.39053289134365815 0 0 2
4 1 - 40 - 0.25859585499468574 0.6865619296828905 0 1 0
4 1 - 41 - 0.2683379706771423 0.46921104765109095 0 1 0
4 1 - 42 - 0.2947330003177437 0.37250399899979436 0 1 0
4 1 - 43 - 0.2730271070031449 0.199886043711255 0 1 0
4 1 - 44 - 0.27798358465467266 0.33273700399634737 0 0 2
4 1 - 45 - 0.2760121859998132 0.20975627497925112 0 1 0
4 1 - 46 - 0.28913417732110247 0.208913898988006 0 1 0
4 1 - 47 - 0.2021214846560421 0.27489211765350774 1 0 1
4 1 - 48 - 0.3064375070001309 0.3229909743337581 0 0 2
4 1 - 49 - 0.2861920793463166 0.2766652456484735 0 0 2
4 1 - 50 - 0.20366866298718378 0.30461759636333835 1 0 1
4 1 - 51 - 0.28337838099105284 0.3125524422891128 0 0 2
4 1 - 52 - 0.2447630673220071 0.19540650599325698 0 1 0
4 1 - 53 - 0.27981109067332 0.21163250465178862 0 1 0
4 1 - 54 - 0.3039240943423162 0.28042658532892045 1 0 1
4 1 - 55 - 0.26009162300033495 0.3924009783271079 0 0 2
4 1 - 56 - 0.27852617035387084 0.2109552959833915 0 1 0
4 1 - 57 - 0.2031692413147539 0.27730208297725767 1 0 1
4 1 - 58 - 0.26264254667330533 0.21598054132967565 0 1 0
4 1 - 59 - 0.283839570688239 0.2132020896533504 0 1 0
4 1 - 60 - 0.26939132365320495 0.2945692819970039 1 0 1
4 1 - 61 - 0.2877966100155997 0.3059339866546604 1 0 1
4 1 - 62 - 0.19879256299464032 0.28227000167438143 1 0 1
4 1 - 63 - 0.3108779860000747 0.2917099596428064 1 0 1
4 1 - 64 - 0.24550013032664236 0.2837866163463332 1 0 1
4 1 - 65 - 0.2816543480148539 0.19832158633895838 0 1 0
4 1 - 66 - 0.28368982434039935 0.3131739873400268 0 0 2
4 1 - 67 - 0.23656765666479865 0.2849759719877814 1 0 1
4 1 - 68 - 0.20873259401802594 0.3076379786944017 1 0 1
4 1 - 69 - 0.2970980346629707 0.3057590589936202 0 0 2
4 1 - 70 - 0.27400998365677276 0.21111464863254997 0 1 0
4 1 - 71 - 0.2896792756509967 0.333797580038663 0 0 2
4 1 - 72 - 0.2982139876888444 0.2976992023177445 0 0 2
4 1 - 73 - 0.20271895800639564 0.286730625317432 1 0 1
4 1 - 74 - 0.264380114308248 0.32151573133887723 0 0 2
4 1 - 75 - 0.27660648167754215 0.19927806867053732 0 1 0
4 1 - 76 - 0.2800590833455014 0.3462815869521971 0 0 2
4 1 - 77 - 0.2886234933199982 0.333793539670296 0 0 2
4 1 - 78 - 0.2787391653400846 0.19792136233688024 0 1 0
4 1 - 79 - 0.2759895073443962 0.6232245433105466 0 1 0
4 1 - 80 - 0.2922512073419057 0.35296050464967266 0 0 2
4 1 - 81 - 0.277379658674666 0.3146852246718481 0 0 2
4 1 - 82 - 0.2400227040052414 0.19697475200518966 0 1 0
4 1 - 83 - 0.2668380116616996 0.33208362467121333 1 0 1
4 1 - 84 - 0.2794467739877291 0.2963555036694743 1 0 1
4 1 - 85 - 0.2824641243399431 0.5626795776964476 0 1 0
4 1 - 86 - 0.2621972910128534 0.21615346499796337 0 1 0
4 1 - 87 - 0.29328466769463074 0.45134317265668267 0 1 0
4 1 - 88 - 0.2869254883262329 0.20375849931345633 0 1 0
4 1 - 89 - 0.27655287300391745 0.8825812380334052 0 1 0
4 1 - 90 - 0.28462736199920374 0.21078886202303693 0 1 0
4 1 - 91 - 0.3050818553504845 0.5992632539904055 0 1 0
4 1 - 92 - 0.2862921029833766 0.7234567759830195 0 1 0
4 1 - 93 - 0.20800778465733552 0.2969106372911483 1 0 1
4 1 - 94 - 0.28371020198877284 0.47300021666645387 0 1 0
4 1 - 95 - 0.2472817743352304 0.30070044032375637 1 0 1
4 1 - 96 - 0.2530350973441576 0.3560375096664454 0 0 2
4 1 - 97 - 0.2982652476639487 0.30061878298874944 1 0 1
4 1 - 98 - 0.2788364120060578 0.77429000264965 0 1 0
4 1 - 99 - 0.27462181734154 1.0761001310117233 0 1 0
4 2 - 0 - 0.39643730999281007 0.24512346864988407 0 1 0
4 2 - 1 - 0.4202086306953182 0.4269387326591338 0 0 2
4 2 - 2 - 0.4055117076689688 0.44591237734615186 0 0 2
4 2 - 3 - 0.42629765532910824 0.44587587701001513 0 0 2
4 2 - 4 - 0.28805605267795426 0.41912881665242213 1 0 1
4 2 - 5 - 0.398555256659165 0.44162330097363645 0 0 2
4 2 - 6 - 0.3969649000015731 0.4331026413322737 0 0 2
4 2 - 7 - 0.4158648106774005 0.4102046533371322 0 0 2
4 2 - 8 - 0.28349119232734665 0.40425143734319136 1 0 1
4 2 - 9 - 0.38261222499810776 0.2587872790172696 0 1 0
4 2 - 10 - 0.44879571567677584 0.48096323399416485 0 0 2
4 2 - 11 - 0.381465350316527 0.7623977802965479 0 1 0
4 2 - 12 - 0.4084082289870518 0.5353928666833477 0 0 2
4 2 - 13 - 0.4734596166720924 0.4249862326929966 0 0 2
4 2 - 14 - 0.450489245976011 0.45855498399275046 0 0 2
4 2 - 15 - 0.39775118099836015 0.25384251901414245 0 1 0
4 2 - 16 - 0.40918432401182747 0.2663703716825694 0 1 0
4 2 - 17 - 0.4234592589782551 0.4296570389803188 1 0 1
4 2 - 18 - 0.4009490793493266 0.5489879160498579 0 0 2
4 2 - 19 - 0.43442345565805834 0.4613445003245336 0 0 2
4 2 - 20 - 0.43534947033428273 1.108970066338467 0 1 0
4 2 - 21 - 0.45189323734181625 0.4339684883404213 1 0 1
4 2 - 22 - 0.4041034716453093 0.26028585767683887 0 1 0
4 2 - 23 - 0.4340260803195027 0.2606588380100826 0 1 0
4 2 - 24 - 0.4209306513075717 0.2562019346514717 0 1 0
4 2 - 25 - 0.3923411663078392 0.2698163639870472 0 1 0
4 2 - 26 - 0.42285384600594017 0.4739709753775969 0 0 2
4 2 - 27 - 0.38224092898114276 0.26050101532988873 0 1 0
4 2 - 28 - 0.4224123459813806 0.5086191203445196 0 0 2
4 2 - 29 - 0.43770846336459124 0.28132906164197874 0 1 0
4 2 - 30 - 0.4072738996862123 0.43348147401896614 0 0 2
4 2 - 31 - 0.42351190433449426 0.4209460043542398 0 0 2
4 2 - 32 - 0.4104805333384623 0.26915872166864574 0 1 0
4 2 - 33 - 0.4092254883338076 0.4401061306513535 0 0 2
4 2 - 34 - 0.42275945966442424 0.4769033246557228 0 0 2
4 2 - 35 - 0.42004438031775254 0.38300242166345316 0 0 2
4 2 - 36 - 0.44056557332320756 0.4833995256728182 0 0 2
4 2 - 37 - 0.419594748003874 0.2595084333249057 0 1 0
4 2 - 38 - 0.3962347653189984 0.2717842699882264 0 1 0
4 2 - 39 - 0.38577424032458413 0.8151449453240882 0 0 2
4 2 - 40 - 0.442616273338596 0.4505241883258956 0 0 2
4 2 - 41 - 0.4107020526425913 0.6200409373462511 0 1 0
4 2 - 42 - 0.4264001956714007 1.3824853246527102 0 1 0
4 2 - 43 - 0.4184963086542363 0.2760718093098452 0 1 0
4 2 - 44 - 0.38385298333984486 0.5128119476915648 0 0 2
4 2 - 45 - 0.40296976334260154 0.2585873096444023 0 1 0
4 2 - 46 - 0.42513021900473785 0.26244712762612227 0 1 0
4 2 - 47 - 0.2672421823372133 0.3859853713268725 1 0 1
4 2 - 48 - 0.4122977480098295 0.44276695999239263 0 0 2
4 2 - 49 - 0.4059733253476831 0.46047988202190027 0 0 2
4 2 - 50 - 0.28361850666503113 0.41443367599276826 1 0 1
4 2 - 51 - 0.44110378434803954 0.41760031232843176 0 0 2
4 2 - 52 - 0.4060679453347499 0.2501529406872578 0 1 0
4 2 - 53 - 0.4027272943058051 0.2577468620147556 0 1 0
4 2 - 54 - 0.4846386999900763 0.4525119153355869 1 0 1
4 2 - 55 - 0.4266410816732484 0.5044706006495592 0 0 2
4 2 - 56 - 0.40902372234268114 0.26585529069416225 0 1 0
4 2 - 57 - 0.26692457931737107 0.3888908886971573 1 0 1
4 2 - 58 - 0.4011853083308476 0.2722534986678511 0 1 0
4 2 - 59 - 0.39485396867773187 0.26721323101082817 0 1 0
4 2 - 60 - 0.437871542312981 0.38883980334503576 1 0 1
4 2 - 61 - 0.4105901376460679 0.4392949996787744 0 0 2
4 2 - 62 - 0.24932600097963586 0.43033430199526873 1 0 1
4 2 - 63 - 0.5086998413510931 0.3734065530200799 1 0 1
4 2 - 64 - 0.42553146433783695 0.3861914689575011 1 0 1
4 2 - 65 - 0.3908710139997614 0.25840785100202385 0 1 0
4 2 - 66 - 0.4460783813265152 0.43667650300388533 0 0 2
4 2 - 67 - 0.43553250733142096 0.37945718362849823 0 0 2
4 2 - 68 - 0.28882205769574887 0.41857901731661207 1 0 1
4 2 - 69 - 0.45073442133919644 0.48434653065244976 0 0 2
4 2 - 70 - 0.41048377265299985 0.2718735946885621 0 1 0
4 2 - 71 - 0.39965772167003405 0.44068886935322854 0 0 2
4 2 - 72 - 0.4228169233344185 0.4333309799743195 0 0 2
4 2 - 73 - 0.26686958068360883 0.4302389473499109 1 0 1
4 2 - 74 - 0.402248353328711 0.41019558664023253 0 0 2
4 2 - 75 - 0.36902598734013736 0.3029976653439614 0 1 0
4 2 - 76 - 0.4727075986447744 0.4702963240173024 0 0 2
4 2 - 77 - 0.4012185826820011 0.4443499300008019 0 0 2
4 2 - 78 - 0.3354875836909438 0.295597833658879 0 1 0
4 2 - 79 - 0.4163684363205296 0.40103086637100205 0 0 2
4 2 - 80 - 0.45253896098195884 0.4467779566766694 0 0 2
4 2 - 81 - 0.44256709931263083 0.4424296843353659 0 0 2
4 2 - 82 - 0.386498540698085 0.25368737332367647 0 1 0
4 2 - 83 - 0.40565311033666757 0.4194025633235773 0 0 2
4 2 - 84 - 0.44330299864911166 0.45176458067726344 1 0 1
4 2 - 85 - 0.41448675903181237 0.4362039910047315 0 0 2
4 2 - 86 - 0.4168876333084578 0.26781822766254965 0 1 0
4 2 - 87 - 0.3814378710036787 0.6447544576367363 0 1 0
4 2 - 88 - 0.42488639501001063 0.26022861700039357 0 1 0
4 2 - 89 - 0.4237136476440355 0.4497580746538006 0 0 2
4 2 - 90 - 0.43153943100090447 0.26279829632646096 0 1 0
4 2 - 91 - 0.4207405843383943 0.44662614065843326 0 0 2
4 2 - 92 - 0.39132547031234327 0.4322363839989218 0 0 2
4 2 - 93 - 0.2758471886627376 0.4373481586808339 1 0 1
4 2 - 94 - 0.4306249093109121 0.5169408803534074 0 0 2
4 2 - 95 - 0.41738280401720357 0.4261025920083436 0 0 2
4 2 - 96 - 0.415070330685315 0.4982400516164489 0 0 2
4 2 - 97 - 0.43929682235466316 0.3811804390085551 1 0 1
4 2 - 98 - 0.3660328136757016 2.496141310005138 0 1 0
4 2 - 99 - 0.4250569196883589 0.5046408906540213 0 0 2
4 4 - 0 - 0.487690130668246 0.4401669566723285 0 1 0
4 4 - 1 - 0.5260198040001948 0.5079428896642639 0 0 2
4 4 - 2 - 0.4835625353322636 0.6025438829965424 0 0 2
4 4 - 3 - 0.49185577533110825 0.5552065176646768 0 0 2
4 4 - 4 - 0.37151929866862093 0.5238633643311914 1 0 1
4 4 - 5 - 0.5387264356662247 0.5192393796654262 0 0 2
4 4 - 6 - 0.5084952443357906 0.5299469993333332 0 0 2
4 4 - 7 - 0.49489645666714444 0.4767460916676403 0 0 2
4 4 - 8 - 0.38874428833514685 0.5018643746661837 1 0 1
4 4 - 9 - 0.5136664156646779 0.40848161199877114 0 1 0
4 4 - 10 - 0.5875545019977532 0.5887619743322526 0 0 2
4 4 - 11 - 0.5127688110005693 0.6650716793374158 0 1 0
4 4 - 12 - 0.5158184546671691 0.5790994413328008 0 0 2
4 4 - 13 - 0.5575044759995459 0.4997626633291172 0 0 2
4 4 - 14 - 0.5649471546663942 0.5953120263341892 0 0 2
4 4 - 15 - 0.4906949833336209 0.42501167166483356 0 1 0
4 4 - 16 - 0.472279057665825 0.3677870963316915 0 1 0
4 4 - 17 - 0.5538769710013488 0.5223211613313955 1 0 1
4 4 - 18 - 0.49662630966486176 0.5589292153332887 0 0 2
4 4 - 19 - 0.5048762856677058 0.5253135733364616 0 0 2
4 4 - 20 - 0.46719924799739 1.5345904663336114 0 1 0
4 4 - 21 - 0.6246236803320547 0.5233991079997699 1 0 1
4 4 - 22 - 0.5108943636660115 0.3794884169983561 0 1 0
4 4 - 23 - 0.5170906993347065 0.4240414646701538 0 1 0
4 4 - 24 - 0.4887755053350702 0.4127648690046044 0 1 0
4 4 - 25 - 0.5137660206649647 0.398276376996364 0 1 0
4 4 - 26 - 0.5149639059988355 0.5981134943309977 0 0 2
4 4 - 27 - 0.5155533633345234 0.4017323606628148 0 1 0
4 4 - 28 - 0.5587798839987954 0.6354694589972496 0 0 2
4 4 - 29 - 0.5122737599983036 0.40463533799872187 0 1 0
4 4 - 30 - 0.5192311826661655 0.5124271536672798 0 0 2
4 4 - 31 - 0.5169663166670944 0.5271362976709497 0 0 2
4 4 - 32 - 0.47034736500063445 0.36680464266828494 0 1 0
4 4 - 33 - 0.5256435353318617 0.5120577389995257 0 0 2
4 4 - 34 - 0.5140523736699834 0.6038154413326993 0 0 2
4 4 - 35 - 0.4957273946662705 0.4845427100008237 0 0 2
4 4 - 36 - 0.5594167850019099 0.5271658426693951 0 0 2
4 4 - 37 - 0.48533461599921185 0.41395552000176394 0 1 0
4 4 - 38 - 0.4714302360007423 0.36978594433458056 0 1 0
4 4 - 39 - 0.5235755986650474 0.5756362890000067 0 0 2
4 4 - 40 - 0.5287516153330216 0.5974057376685474 0 0 2
4 4 - 41 - 0.4814959156671345 0.6083781930016509 0 1 0
4 4 - 42 - 0.5469381756677951 0.49822374599898467 0 0 2
4 4 - 43 - 0.4946122059991467 0.3889015799989769 0 1 0
4 4 - 44 - 0.5078785076645242 0.5506924389968239 0 0 2
4 4 - 45 - 0.5118103183340281 0.37956975666505366 0 1 0
4 4 - 46 - 0.5297777453330733 0.4226909666661716 0 1 0
4 4 - 47 - 0.36995031899762887 0.5079596940001162 1 0 1
4 4 - 48 - 0.5459579346667548 0.567038611668977 0 0 2
4 4 - 49 - 0.5624092166641882 0.5694481476627212 0 0 2
4 4 - 50 - 0.37508844899760635 0.5298468246643704 1 0 1
4 4 - 51 - 0.5288657540004351 0.4984194466669578 0 0 2
4 4 - 52 - 0.5088731589979337 0.41669006732990965 0 1 0
4 4 - 53 - 0.504846006668231 0.3753375923333806 0 1 0
4 4 - 54 - 0.6106418916703357 0.5123542763346146 1 0 1
4 4 - 55 - 0.5615983890020289 0.5750732443339075 0 0 2
4 4 - 56 - 0.4867735163352336 0.40126830466275953 0 1 0
4 4 - 57 - 0.37092575599914807 0.5051476890002959 1 0 1
4 4 - 58 - 0.5018593173347957 0.3823834223318651 0 1 0
4 4 - 59 - 0.48338631633426604 0.40930144433514215 0 1 0
4 4 - 60 - 0.5386997683308437 0.5184332593344152 1 0 1
4 4 - 61 - 0.5286806669973885 0.5122385343299053 0 0 2
4 4 - 62 - 0.3600102139971568 0.4986469213326927 1 0 1
4 4 - 63 - 0.6046998036666386 0.4949906603384685 1 0 1
4 4 - 64 - 0.5351919323341765 0.49071410199879517 1 0 1
4 4 - 65 - 0.5050082516657616 0.3801936623325067 0 1 0
4 4 - 66 - 0.5517634643353329 0.5317092963377945 0 0 2
4 4 - 67 - 0.5474827589981335 0.569376855669058 0 0 2
4 4 - 68 - 0.3811167456660769 0.5379381500024465 1 0 1
4 4 - 69 - 0.5531558233318112 0.5803405860012086 0 0 2
4 4 - 70 - 0.5307546196660649 0.4049703670001084 0 1 0
4 4 - 71 - 0.5548974599999685 0.53475171533258 0 0 2
4 4 - 72 - 0.5143350376650536 0.528710874003688 0 0 2
4 4 - 73 - 0.3649031213353737 0.5286118163373127 1 0 1
4 4 - 74 - 0.4812812633341915 0.5115179043326256 0 0 2
4 4 - 75 - 0.48829981799644884 0.4110719766613329 0 1 0
4 4 - 76 - 0.5311999820017567 0.5558387553319335 0 0 2
4 4 - 77 - 0.5446979860013622 0.5260476416685075 0 0 2
4 4 - 78 - 0.4851858383335639 0.4501653890013889 0 1 0
4 4 - 79 - 0.5098471759968864 0.542382671662684 0 0 2
4 4 - 80 - 0.5041156350004409 0.5131925373328462 0 0 2
4 4 - 81 - 0.5083172870023797 0.4918804026674479 0 0 2
4 4 - 82 - 0.5268764100013262 0.4063074373383036 0 1 0
4 4 - 83 - 0.48890784666582476 0.49758273333524505 0 0 2
4 4 - 84 - 0.5494335946665767 0.49893931666883873 1 0 1
4 4 - 85 - 0.556717638001525 0.5135800313316091 0 0 2
4 4 - 86 - 0.5295838529976511 0.4200801606687795 0 1 0
4 4 - 87 - 0.47260030899875954 0.6775242283353388 0 1 0
4 4 - 88 - 0.526524913002504 0.4220468220034187 0 1 0
4 4 - 89 - 0.5199019353337159 0.523908914665905 0 0 2
4 4 - 90 - 0.5669611726698349 0.4542827473342186 0 1 0
4 4 - 91 - 0.5647442190020229 0.5294598526646344 0 0 2
4 4 - 92 - 0.501446765997874 0.5058457630026776 0 0 2
4 4 - 93 - 0.40316437233317026 0.5082885869972718 1 0 1
4 4 - 94 - 0.5605769346633073 0.5886128869994233 0 0 2
4 4 - 95 - 0.49439735966492054 0.49985961900044157 0 0 2
4 4 - 96 - 0.5460372100011833 0.5818287063302705 0 0 2
4 4 - 97 - 0.5585350100009236 0.4900309213383783 1 0 1
4 4 - 98 - 0.4788735630039203 2.693178879667054 0 1 0
4 4 - 99 - 0.5128068289996008 0.5667738403305217 0 0 2
8 1 - 0 - 17.56557966132338 24.226196421329707 0 0 2
8 1 - 1 - 21.32134322300165 18.152570485661272 1 0 1
8 1 - 2 - 19.68632805333861 2.7847180620301515 0 1 0
8 1 - 3 - 15.679990823322441 29.884231748020586 0 0 2
8 1 - 4 - 19.38582961433334 214.9976638123334 0 0 2
8 1 - 5 - 17.985725028362747 16.605209222975343 0 0 2
8 1 - 6 - 15.889278379656995 60.96109090698883 0 1 0
8 1 - 7 - 20.169251517683733 18.86297254896878 0 0 2
8 1 - 8 - 19.26745606099333 17.85437401533515 1 0 1
8 1 - 9 - 13.408899508668886 44.88319118800185 0 1 0
8 1 - 10 - 16.633088038341764 2.7346608816684843 0 1 0
8 1 - 11 - 17.257871063329123 20.74359317603133 0 0 2
8 1 - 13 - 15.766392873638932 2.8103142066587075 0 1 0
8 1 - 14 - 18.80904432597648 21.794296760306075 1 0 1
8 1 - 15 - 19.240942223987076 22.122671388652332 0 0 2
8 1 - 16 - 21.072902183009624 23.029710256339364 0 0 2
8 1 - 17 - 18.77271845864986 99.56174678563063 0 0 2
8 1 - 18 - 13.663280806678813 2.7028918513290896 0 1 0
8 1 - 19 - 15.010900951339863 20.85088115730711 0 0 2
8 1 - 20 - 18.06514132100468 15.270717394984482 0 0 2
8 1 - 21 - 15.751440964328745 43.60170316667063 0 0 2
8 1 - 22 - 21.949291169662803 2.767899104646252 0 1 0
8 1 - 23 - 16.17084912201002 23.067918402686097 0 0 2
8 1 - 24 - 19.48609840933932 64.49027509764225 0 0 2
8 1 - 25 - 19.445082158005487 2.7597467960052504 0 1 0
8 1 - 26 - 14.026443364661342 2.771975131666598 0 1 0
8 1 - 27 - 17.61072959130009 18.538720599996548 0 0 2
8 1 - 28 - 22.08182938899457 102.37933872966096 0 0 2
8 1 - 29 - 17.142671414340537 43.13149919568483 0 1 0
8 1 - 30 - 12.11885042032615 2.769842578699657 0 1 0
8 1 - 31 - 14.678373843004618 18.643566907344695 0 0 2
8 1 - 32 - 20.917445353659183 20.703738080027204 1 0 1
8 1 - 33 - 16.37102631867553 86.8573172626396 0 1 0
8 1 - 34 - 18.37084112634572 24.22000607630859 0 0 2
8 1 - 36 - 19.399118607320514 34.87797296997935 0 0 2
8 1 - 37 - 20.07154768598654 18.44932235335 1 0 1
8 1 - 38 - 19.71190567066272 24.103724795684684 0 0 2
8 1 - 39 - 17.61772497233081 2.808003515684201 0 1 0
8 1 - 40 - 16.627617885998916 2.6553345963475294 0 1 0
8 1 - 41 - 18.01238941967798 2.6038722583131553 0 1 0
8 1 - 42 - 17.213593715646617 2.658544325987653 0 1 0
8 1 - 43 - 18.20358791266335 22.741752669971902 0 0 2
8 1 - 44 - 14.885419239348266 29.11791311831136 0 0 2
8 1 - 45 - 15.52545210530904 18.218313137321577 0 0 2
8 1 - 46 - 17.739360434992705 2.8822547959862277 0 1 0
8 1 - 47 - 19.666166223333374 91.27590161868527 0 1 0
8 1 - 49 - 14.596025162997346 2.6808560343342833 0 1 0
8 1 - 50 - 17.247258743018996 19.85789023535714 0 0 2
8 1 - 51 - 16.975162254006136 35.72359518134423 0 0 2
8 1 - 52 - 19.569396913672488 23.90464246866759 0 0 2
8 1 - 53 - 13.371933226978095 2.7800074619978354 0 1 0
8 1 - 54 - 13.752914879354648 22.146745110357493 1 0 1
8 1 - 55 - 14.453434255012933 35.342594732006546 0 0 2
8 1 - 56 - 18.72825740900589 72.39221899935121 0 0 2
8 1 - 57 - 17.61138423233448 26.408711671344157 0 0 2
8 1 - 58 - 18.474247921665665 2.7708215580205433 0 1 0
8 1 - 59 - 14.496223924662141 16.083520509671267 0 0 2
8 1 - 60 - 16.908688492005844 78.51113910098016 0 1 0
8 1 - 61 - 16.067192641998794 2.7445402903443514 0 1 0
8 1 - 62 - 18.975799423661858 2.6741372373265526 0 1 0
8 1 - 63 - 16.722450798319187 22.388571458344813 0 0 2
8 1 - 64 - 15.88939931532756 18.36051395434576 0 0 2
8 1 - 65 - 18.592713547346648 26.19561851302084 0 0 2
8 1 - 66 - 17.52660534932511 105.19050768766706 0 1 0
8 1 - 67 - 14.258075890985008 2.8249285383305205 0 1 0
8 1 - 68 - 18.361269034018427 24.274589594667 0 0 2
8 1 - 69 - 17.62214927132785 20.54937588633038 0 0 2
8 1 - 70 - 16.905333848359685 2.695896236691624 0 1 0
8 1 - 71 - 15.950942211299358 2.7704744076472707 0 1 0
8 1 - 72 - 12.778191568000087 32.64398753200658 0 0 2
8 1 - 73 - 16.52109484031098 2.7585335446638055 0 1 0
8 1 - 74 - 16.784227716678288 2.619254404620733 0 1 0
8 1 - 75 - 18.08731315867044 2.710283310346616 0 1 0
8 1 - 76 - 17.01256319800935 26.65685965735853 0 0 2
8 1 - 77 - 16.95729343368051 25.295476935668074 0 0 2
8 1 - 78 - 15.300940472671451 2.701393541006837 0 1 0
8 1 - 80 - 15.52111065533245 22.733702900994103 0 0 2
8 1 - 81 - 18.699233608689006 19.15365795971593 0 0 2
8 1 - 82 - 17.947052099994227 25.229231441684533 0 0 2
8 1 - 83 - 16.740559200309992 2.660831349300376 0 1 0
8 1 - 84 - 20.911977444658987 22.152654946684684 0 0 2
8 1 - 85 - 14.97525534798236 21.432235324697103 0 0 2
8 1 - 86 - 21.232852776010986 2.708540051651653 0 1 0
8 1 - 87 - 16.134677705335587 2.6648743566862927 0 1 0
8 1 - 88 - 16.242052646625478 56.187063279678114 0 0 2
8 1 - 89 - 15.238034868321847 189.9233260996601 0 1 0
8 1 - 90 - 14.557264379322685 19.306318674023107 0 0 2
8 1 - 91 - 14.915700233677248 2.6844443143539443 0 1 0
8 1 - 92 - 15.03909425000893 23.201438482656766 0 0 2
8 1 - 93 - 16.463193207319513 14.367550721663672 0 0 2
8 1 - 94 - 14.389511428656988 2.7467028090225845 0 1 0
8 1 - 95 - 16.362213833994854 22.419919834025983 0 0 2
8 1 - 96 - 19.66290338836067 28.034045358983956 0 0 2
8 1 - 98 - 16.456098661990836 44.519318085008614 0 0 2
8 1 - 99 - 14.406911603349727 21.81992861269585 0 0 2
8 2 - 0 - 30.2716897566764 52.20361894503003 0 0 2
8 2 - 1 - 36.445358433004 30.32708885798153 0 0 2
8 2 - 2 - 32.27283072801462 3.3379735643005306 0 1 0
8 2 - 3 - 27.21865394100314 33.4947491469987 0 0 2
8 2 - 4 - 31.07336068333825 45.331793302359685 0 0 2
8 2 - 5 - 32.066065290011466 36.58401483367197 0 0 2
8 2 - 6 - 29.75514362632142 32.29502582365724 0 0 2
8 2 - 7 - 34.559655558667146 47.453319364324365 0 0 2
8 2 - 8 - 28.744320729669806 31.748272189676452 0 0 2
8 2 - 9 - 29.085409613666645 239.09904436900038 0 1 0
8 2 - 10 - 27.09645180865967 7.233073959321094 0 1 0
8 2 - 11 - 26.362996955324583 29.0920296649759 0 0 2
8 2 - 12 - 29.910658219344135 41.57927387803405 0 0 2
8 2 - 13 - 23.22579614800634 6.609623979660682 0 1 0
8 2 - 14 - 36.1241958476603 39.43566269435299 0 0 2
8 2 - 15 - 34.989247681650646 33.48341613066926 0 0 2
8 2 - 16 - 30.8664042626624 37.08305334668451 0 0 2
8 2 - 17 - 41.087640003999695 57.692129864997696 0 0 2
8 2 - 18 - 25.81724798398015 5.61002682230901 0 1 0
8 2 - 19 - 38.39578565999788 45.286539028340485 0 0 2
8 2 - 20 - 38.8652882189878 37.43678386299871 0 0 2
8 2 - 21 - 34.06478390235376 47.058052730339114 0 0 2
8 2 - 22 - 20.19462670465388 3.3905142643294917 0 1 0
8 2 - 23 - 25.638305929664057 31.112552285310812 0 0 2
8 2 - 24 - 28.27972967165988 50.40031750533186 0 0 2
8 2 - 25 - 40.450526130308084 5.232869989995379 0 1 0
8 2 - 26 - 28.1589975420114 7.778818533309581 0 1 0
8 2 - 27 - 39.04777612599234 36.53243029736526 0 0 2
8 2 - 28 - 31.424828139987465 43.49104795399277 0 0 2
8 2 - 29 - 28.67107720533386 85.86611634733465 0 1 0
8 2 - 30 - 23.669151012358878 3.6203516716486774 0 1 0
8 2 - 31 - 27.77657637031128 23.282663781991385 0 0 2
8 2 - 32 - 37.73077121266397 33.9608131586768 0 0 2
8 2 - 33 - 28.18330222230482 86.09707516666579 0 1 0
8 2 - 34 - 34.709189389327854 52.78215416771127 0 0 2
8 2 - 35 - 30.265146256017033 61.84917600066789 0 0 2
8 2 - 36 - 22.06018607999431 35.95884722735112 0 0 2
8 2 - 37 - 42.64196671169096 44.78750252601458 0 0 2
8 2 - 38 - 29.72324235533597 35.24469296936877 0 0 2
8 2 - 39 - 16.26566079398617 3.624183186329901 0 1 0
8 2 - 40 - 28.34817006799858 3.5356514623272233 0 1 0
8 2 - 41 - 26.51624766601405 5.099376946008609 0 1 0
8 2 - 42 - 31.63488102898312 5.213843032349056 0 1 0
8 2 - 43 - 23.09218615167386 24.624784969647102 0 0 2
8 2 - 44 - 30.49283044798843 39.93221451637025 0 0 2
8 2 - 45 - 23.104560596014682 33.188370099679254 0 0 2
8 2 - 46 - 20.041945005980477 7.631089309987146 0 1 0
8 2 - 47 - 27.63757152900022 42.77362672200737 0 0 2
8 2 - 49 - 28.59001912199892 3.540983609331306 0 1 0
8 2 - 50 - 14.8549003986797 21.29999141631803 0 0 2
8 2 - 51 - 27.91453992264966 46.01723288903789 0 0 2
8 2 - 52 - 22.737718205336325 39.085393540949255 0 0 2
8 2 - 53 - 22.648863999017824 5.693278203349716 0 1 0
8 2 - 54 - 23.860926243651193 37.44952887135636 0 0 2
8 2 - 55 - 30.331640387012158 35.11427414964419 0 0 2
8 2 - 56 - 27.919032929329358 43.8416612779838 0 0 2
8 2 - 57 - 35.10480272667095 43.81928655200561 0 0 2
8 2 - 58 - 32.07991118265394 8.766757154022343 0 1 0
8 2 - 59 - 28.45236473767242 39.0011559209864 0 0 2
8 2 - 60 - 17.04664555034833 25.479664658642527 0 0 2
8 2 - 61 - 33.882733217343535 5.138374090660363 0 1 0
8 2 - 62 - 40.022436696337536 4.383618116339979 0 1 0
8 2 - 63 - 27.39287255599629 38.04491097400508 0 0 2
8 2 - 64 - 27.189610382988274 40.4363165696462 0 0 2
8 2 - 65 - 41.31680166531199 32.55129991667733 0 0 2
8 2 - 66 - 35.615163206646685 44.254821724995665 0 0 2
8 2 - 67 - 13.861897739989217 6.896857540976877 0 1 0
8 2 - 68 - 16.457215880354244 29.7296488606759 0 0 2
8 2 - 69 - 18.2547806383421 25.482991933337566 0 0 2
8 2 - 70 - 20.479211082992453 6.334053689672146 0 1 0
8 2 - 71 - 28.356742887971148 6.53533200698439 0 1 0
8 2 - 72 - 19.584135991637595 32.35996967398872 0 0 2
8 2 - 73 - 32.78259032433077 3.612774895989181 0 1 0
8 2 - 74 - 26.193407732682925 3.7512373243419765 0 1 0
8 2 - 75 - 33.04482672499337 3.521202980695913 0 1 0
8 2 - 76 - 17.67189211064639 23.116280130983796 0 0 2
8 2 - 77 - 25.304758202653222 31.108476841686446 0 0 2
8 2 - 78 - 26.287090970028657 7.554725087305997 0 1 0
8 2 - 79 - 22.89337955331818 119.89244524335179 0 1 0
8 2 - 80 - 18.201046649657656 24.024556587993477 0 0 2
8 2 - 81 - 33.5662528683315 42.26805441100927 0 0 2
8 2 - 82 - 25.799505214672536 33.476931588685446 0 0 2
8 2 - 83 - 32.194065306665536 8.723192962352186 0 1 0
8 2 - 84 - 37.245115823325854 41.82312817303076 0 0 2
8 2 - 85 - 26.16133634833386 36.51981351466384 0 0 2
8 2 - 86 - 34.515284192011066 4.90288602335689 0 1 0
8 2 - 87 - 28.79430033933992 3.8102814516751096 0 1 0
8 2 - 88 - 24.612181994326722 32.54652083436183 0 0 2
8 2 - 89 - 22.179087773004234 23.071103099675383 0 0 2
8 2 - 90 - 33.03966703900369 41.99911216731804 0 0 2
8 2 - 91 - 27.054551654010233 4.7387336150083375 0 1 0
8 2 - 92 - 20.425571935988653 24.304628664297827 0 0 2
8 2 - 93 - 26.34706696801974 29.908928971621208 0 0 2
8 2 - 94 - 16.734182094010368 6.970282844325993 0 1 0
8 2 - 95 - 22.20017785631353 31.438093643674314 0 0 2
8 2 - 96 - 34.440892317021884 51.59618376302145 0 0 2
8 2 - 97 - 30.258997243984293 162.25665271732336 0 0 2
8 2 - 98 - 29.935939627330907 49.42625284035845 0 0 2
8 2 - 99 - 26.019765189984657 26.279710450015653 0 0 2
8 4 - 0 - 55.08327287835225 69.67038582267317 0 0 2
8 4 - 1 - 57.499412713649996 78.85775414732052 0 0 2
8 4 - 2 - 29.366347220008414 5.063697070969889 0 1 0
8 4 - 3 - 33.97126344701974 46.14733897101057 0 0 2
8 4 - 4 - 59.26680540632999 61.327919478664015 0 0 2
8 4 - 5 - 58.855274925008416 67.3652842096247 0 0 2
8 4 - 6 - 51.222922889341135 51.02222310198704 0 0 2
8 4 - 7 - 55.015040309983306 67.84495768300258 0 0 2
8 4 - 8 - 45.641063275630586 57.82148823733829 0 0 2
8 4 - 9 - 49.7695781433334 66.08303058300014 0 0 2
8 4 - 10 - 55.51827791566666 5.85250353733348 0 1 0
8 4 - 11 - 33.993707545333265 15.882148233332677 0 0 2
8 4 - 12 - 14.98882064766652 35.23012697099997 0 0 2
8 4 - 13 - 53.095384590666676 10.681294877000255 0 1 0
8 4 - 14 - 57.64921501733322 67.65622560266638 0 0 2
8 4 - 15 - 53.14405885266691 59.08918254966678 0 0 2
8 4 - 16 - 46.74123595233383 59.147518616334004 0 0 2
8 4 - 17 - 62.20713494166679 70.50745510566654 0 0 2
8 4 - 18 - 46.27700726800018 11.66936340733264 0 1 0
8 4 - 19 - 58.398735455667214 51.46847315499993 0 0 2
8 4 - 20 - 33.359550960666944 40.03582226333432 0 0 2
8 4 - 21 - 45.93441093866628 50.88804436999999 0 0 2
8 4 - 22 - 34.76867032599997 6.319164188667249 0 1 0
8 4 - 23 - 46.381185191999975 50.83771028733221 0 0 2
8 4 - 24 - 50.45108005133382 68.04117868099942 0 0 2
8 4 - 25 - 49.545938534999856 4.473428323666667 0 1 0
8 4 - 26 - 40.609589337665966 15.225182919333141 0 1 0
8 4 - 27 - 49.38572038099967 55.74290367466649 0 0 2
8 4 - 28 - 42.42290165733418 47.67259805866646 0 0 2
8 4 - 29 - 44.65770343133348 63.43143476300005 0 0 2
8 4 - 30 - 25.099940501999907 4.22006709266619 0 1 0
8 4 - 31 - 28.874790628333358 26.8676781209997 0 0 2
8 4 - 32 - 56.85268207399955 55.61250442866549 0 0 2
8 4 - 33 - 47.162125228333025 97.61531806033236 0 1 0
8 4 - 34 - 57.405185039333446 53.640130124999516 0 0 2
8 4 - 35 - 55.63437875933353 70.69294412133301 0 0 2
8 4 - 36 - 45.64611672166696 57.013862938333354 0 0 2
8 4 - 37 - 57.468001524333275 65.28080645300058 0 0 2
8 4 - 38 - 44.38223840166635 39.75612259933405 0 0 2
8 4 - 39 - 17.502890117667146 4.0115606893323275 0 1 0
8 4 - 40 - 58.30448025800009 4.074793930999779 0 1 0
8 4 - 41 - 44.77845002199986 15.10110848566607 0 1 0
8 4 - 42 - 49.591696699000146 4.381217370666491 0 1 0
8 4 - 43 - 19.543637798666776 19.523610321667853 0 0 2
8 4 - 44 - 50.79854268866681 59.8131409476664 0 0 2
8 4 - 45 - 42.84152661233444 52.50520182133247 0 0 2
8 4 - 46 - 34.04268988333206 7.872518946334215 0 1 0
8 4 - 47 - 53.178687747333846 76.05901314700168 0 0 2
8 4 - 48 - 40.36856801166747 48.31493827733357 0 0 2
8 4 - 49 - 35.135472663667315 4.439931390666364 0 1 0
8 4 - 50 - 28.929681592331082 47.27448993733318 0 0 2
8 4 - 51 - 37.470808292666334 26.416302146000817 0 0 2
8 4 - 52 - 15.189739171333105 14.119061400666396 0 0 2
8 4 - 53 - 21.905031101665372 13.944098567667726 0 1 0
8 4 - 54 - 54.84859859699888 66.14424464633217 0 0 2
8 4 - 55 - 44.14512304466674 50.78977446266799 0 0 2
8 4 - 56 - 54.49026108933443 69.86790992399983 0 0 2
8 4 - 57 - 49.005444899333575 60.23705002900291 0 0 2
8 4 - 58 - 50.56011701233365 17.847363756334136 0 1 0
8 4 - 59 - 29.208624051667964 32.77246458866405 0 0 2
8 4 - 60 - 29.048799394332793 34.652192421999644 0 0 2
8 4 - 61 - 44.40914586466776 5.681926416999583 0 1 0
8 4 - 62 - 52.52316452800126 4.591976101667873 0 1 0
8 4 - 63 - 16.05420149366546 28.301731157000177 0 0 2
8 4 - 64 - 42.10957655599971 52.30768851100098 0 0 2
8 4 - 65 - 50.73295402466707 15.936872538667862 0 0 2
8 4 - 66 - 48.910525103000204 64.03549574666735 0 0 2
8 4 - 67 - 35.89185163799872 8.288323466000293 0 1 0
8 4 - 68 - 48.48595948233318 52.36078053366509 0 0 2
8 4 - 69 - 39.021327592666545 48.12853346666816 0 0 2
8 4 - 70 - 37.798460074999944 11.999061142665596 0 1 0
8 4 - 71 - 47.49083075999928 4.680424750332652 0 1 0
8 4 - 72 - 40.69351843066761 54.79374846833282 0 0 2
8 4 - 73 - 47.903927704332695 4.719414768331869 0 1 0
8 4 - 74 - 49.283578119666345 16.183978256666403 0 1 0
8 4 - 75 - 49.36834338433133 3.9682526059999264 0 1 0
8 4 - 76 - 19.47578216366552 33.34935918000095 0 0 2
8 4 - 77 - 30.546976818666735 23.18042336633395 0 0 2
8 4 - 78 - 39.604264239331926 11.91842189733264 0 1 0
8 4 - 79 - 51.79838644700067 95.11929026966634 0 0 2
8 4 - 80 - 15.336095782666234 16.774960843336885 0 0 2
8 4 - 81 - 55.44802582233509 63.00765933199849 0 0 2
8 4 - 82 - 47.778425303332675 55.41449600166743 0 0 2
8 4 - 83 - 47.88574286599881 16.216643104666826 0 1 0
8 4 - 84 - 65.10144675333261 56.51133261466384 0 0 2
8 4 - 85 - 53.254047607000146 57.43642072866593 0 0 2
8 4 - 86 - 49.83396789899901 4.657776774001832 0 1 0
8 4 - 87 - 50.13428285833288 6.9924996453313115 0 1 0
8 4 - 88 - 36.8841927250008 25.662466214002052 0 0 2
8 4 - 89 - 50.44931620133259 46.63192836433275 0 0 2
8 4 - 90 - 37.3564794836675 53.22236186666487 0 0 2
8 4 - 91 - 58.38709934766788 7.207450294996913 0 1 0
8 4 - 92 - 26.529921128334536 27.870181434666545 0 0 2
8 4 - 93 - 39.70340935333418 45.53246323499843 0 0 2
8 4 - 94 - 24.918315146333043 5.80750235066686 0 1 0
8 4 - 95 - 40.16696963133411 54.10867895066864 0 0 2
8 4 - 96 - 67.69879260533223 77.01377536733223 0 0 2
8 4 - 97 - 53.32933313299994 66.3310913523334 0 0 2
8 4 - 98 - 44.783514030999264 56.85057855766596 0 0 2
8 4 - 99 - 41.41622804766787 39.32322219699927 0 0 2
8 8 - 0 - 60.189518206335684 73.64846273199751 0 0 2
8 8 - 1 - 67.15943400633114 67.88755628933723 0 0 2
8 8 - 2 - 48.988078979331476 6.523881168999651 0 1 0
8 8 - 3 - 59.104018928002915 58.71188500399876 0 0 2
8 8 - 4 - 74.06355063466376 64.35017833467282 0 0 2
8 8 - 5 - 65.43483120100184 69.59827565100568 0 0 2
8 8 - 6 - 48.922881355339385 61.68564126733205 0 0 2
8 8 - 7 - 62.89950240966088 66.75995721799457 0 0 2
8 8 - 8 - 42.456218311660145 45.933330549669336 0 0 2
8 8 - 9 - 54.59043337167047 73.87216817399408 0 0 2
8 8 - 10 - 60.19658701832426 13.370099965662424 0 1 0
8 8 - 11 - 56.57122143866339 52.04981719499725 0 0 2
8 8 - 12 - 49.14574030866788 56.29266142233488 0 0 2
8 8 - 13 - 53.162613486997245 18.835430125337247 0 1 0
8 8 - 14 - 62.58945158099717 63.351317548998246 0 0 2
8 8 - 15 - 64.67157502333673 57.51745180366561 0 0 2
8 8 - 16 - 57.303633429003334 76.37682445133396 0 0 2
8 8 - 17 - 65.17869234932975 61.52547323832308 0 0 2
8 8 - 18 - 53.757765765670534 32.00627965599415 0 1 0
8 8 - 19 - 69.38347541966748 57.639652586668184 0 0 2
8 8 - 20 - 40.64081609666755 47.8555420699995 0 0 2
8 8 - 21 - 46.5488645266693 38.37414113066916 0 0 2
8 8 - 22 - 53.94476301466542 5.645648118001796 0 1 0
8 8 - 23 - 55.90847156400074 52.16882855633351 0 0 2
8 8 - 24 - 54.497784469334874 78.36185777865951 0 0 2
8 8 - 25 - 56.02935332233028 6.904103616674547 0 1 0
8 8 - 26 - 45.72139424933024 10.751797258659886 0 1 0
8 8 - 27 - 74.41361470699971 61.68961801466745 0 0 2
8 8 - 28 - 61.89821221399568 68.7683138216768 0 0 2
8 8 - 29 - 38.89377006766638 66.28011728232377 0 0 2
8 8 - 30 - 52.98766157033484 10.263596197008155 0 1 0
8 8 - 31 - 51.56960086266433 59.53364917999231 0 0 2
8 8 - 32 - 52.266039622341246 44.31849864733037 0 0 2
8 8 - 33 - 56.761832776333904 77.86833133067314 0 0 2
8 8 - 34 - 64.5209064016623 63.2458281806709 0 0 2
8 8 - 35 - 62.90017098867005 66.64857799766469 0 0 2
8 8 - 36 - 65.64859213899763 51.489542212667104 0 0 2
8 8 - 37 - 75.73848678333161 65.40407092299817 0 0 2
8 8 - 38 - 80.4643205350003 70.77077783167383 0 0 2
8 8 - 39 - 46.83662708599877 6.558517072340086 0 1 0
8 8 - 40 - 57.5694002523281 5.823518600334258 0 1 0
8 8 - 41 - 53.62127485865979 25.52658016633844 0 1 0
8 8 - 42 - 56.733900901672314 6.401042787004068 0 1 0
8 8 - 43 - 36.15342136000012 50.011886211325574 0 0 2
8 8 - 44 - 64.20520302500032 46.97065124733975 0 0 2
8 8 - 45 - 60.57710282833432 48.18405990199244 0 0 2
8 8 - 46 - 51.33531846400001 8.911697103996023 0 1 0
8 8 - 47 - 62.28159602199837 68.65011897500274 0 0 2
8 8 - 48 - 67.62185033598992 67.55463213832991 0 0 2
8 8 - 49 - 38.43542292666583 7.6574612503269845 0 1 0
8 8 - 50 - 38.1810990239998 50.13871167899924 0 0 2
8 8 - 51 - 64.12730074100061 56.015192753999145 0 0 2
8 8 - 52 - 53.73471443567056 49.37772488299621 0 0 2
8 8 - 53 - 55.31978169366872 13.34784669232613 0 1 0
8 8 - 54 - 54.02760120733001 72.97404288699424 0 0 2
8 8 - 55 - 47.284408264327794 45.233033380000656 0 0 2
8 8 - 56 - 53.32517346633055 78.78622406233141 0 0 2
8 8 - 57 - 62.85179870533466 74.55919022299834 0 0 2
8 8 - 58 - 61.62703951666966 36.68272300132958 0 1 0
8 8 - 59 - 45.64113027300724 51.25998994900632 0 0 2
8 8 - 60 - 49.208460266663074 49.5793410903328 0 0 2
8 8 - 61 - 52.50319671633285 9.64071888633286 0 1 0
8 8 - 62 - 63.18382368000069 8.404255851666676 0 1 0
8 8 - 63 - 60.02344733366529 74.98037609633079 0 0 2
8 8 - 64 - 52.61592410733283 56.96825404200354 0 0 2
8 8 - 65 - 66.4204421826677 57.31284316366752 0 0 2
8 8 - 66 - 53.659297493000246 51.76057033799589 0 0 2
8 8 - 67 - 46.979400292329956 32.04662527467008 0 1 0
8 8 - 68 - 56.81165676533419 62.332930879657695 0 0 2
8 8 - 69 - 46.2224682503341 54.08794173999922 0 0 2
8 8 - 70 - 49.63406775433881 45.811206041000936 0 1 0
8 8 - 71 - 56.94950530766315 5.952515973661018 0 1 0
8 8 - 72 - 58.69953587165219 77.29930266533242 0 0 2
8 8 - 73 - 59.501512659665124 5.726648040998649 0 1 0
8 8 - 74 - 68.02001186167278 21.97548218535182 0 1 0
8 8 - 75 - 48.96021353799733 15.230584473339453 0 1 0
8 8 - 76 - 60.54208142966187 49.878227204986615 0 0 2
8 8 - 77 - 57.51765150533174 62.937076396658085 0 0 2
8 8 - 78 - 46.362189091994274 16.501509381332045 0 1 0
8 8 - 79 - 64.24001413432416 75.1557559169984 0 0 2
8 8 - 80 - 41.195037737673076 54.829861254673844 0 0 2
8 8 - 81 - 61.198894969003355 68.95894444467072 0 0 2
8 8 - 82 - 66.73429270233221 54.802803252978876 0 0 2
8 8 - 83 - 54.915126930660335 38.851694853675625 0 1 0
8 8 - 84 - 74.71228220166329 62.19779473467497 0 0 2
8 8 - 85 - 57.534008015994914 64.59181325633351 0 0 2
8 8 - 86 - 58.3230923480005 10.622120975021971 0 1 0
8 8 - 87 - 52.09425210032107 36.596839530665115 0 1 0
8 8 - 88 - 69.38748748099897 70.35063751800529 0 0 2
8 8 - 89 - 49.26348894564823 46.537524698661095 0 0 2
8 8 - 90 - 57.98347611633169 61.22799847099426 0 0 2
8 8 - 91 - 52.62946016334657 27.85591629766471 0 1 0
8 8 - 92 - 43.22909014634206 52.58076278367662 0 0 2
8 8 - 93 - 58.029459270668056 52.18138181500641 0 0 2
8 8 - 94 - 49.224279279665396 22.412580659321975 0 1 0
8 8 - 95 - 69.3107874619988 58.8290745630026 0 0 2
8 8 - 96 - 69.73453013166241 73.55903371300276 0 0 2
8 8 - 97 - 56.05534090166717 62.64965877099894 0 0 2
8 8 - 98 - 67.3057688883273 64.87546238267291 0 0 2
8 8 - 99 - 54.56164025133087 41.62896642867902 0 0 2
